step,agent,post,peers,perspective,polarity,salience
0,0,"{'type': 'con', 'text': ""A lack of visible violence doesn't mean that companies are not behaving in a manner which is damaging to society. That's why drugs should remain illegal.""}","[19, 10, 6, 17, 8, 12, 2, 16, 3, 4, 0]",[],0.6187016042260569,9.517946562306118
0,1,"{'type': 'con', 'text': 'Cocaine, a commonly-used illegal drug, has [multiple negative health effects](https://en.wikipedia.org/wiki/Cocaine_intoxication) on the user.'}","[15, 8, 17, 9, 4, 11, 18, 10, 14, 7, 1]",[],0.6187016042260569,9.517946562306118
0,2,"{'type': 'pro', 'text': 'Numerous events have an equal impact on moral judgments; This should not be the reason for the ban on drug use. I think legalization of drugs is a pretty good idea.'}","[13, 3, 9, 5, 12, 18, 11, 19, 1, 10, 2]",[],0.6187016042260569,9.517946562306118
0,3,"{'type': 'con', 'text': 'Since drug addicts have an impaired sense of \\(rational\\) judgement, drug addiction is detrimental to personal autonomy.'}","[17, 15, 3, 13, 4, 2, 9, 19, 14, 6]",[],0.6187016042260569,9.517946562306118
0,4,"{'type': 'pro', 'text': ""When drugs are legalised, people who are addicted may feel more comfortable seeking help and support as they won't be viewed as criminals in the way they currently are. I believe all drugs should be legal.""}","[10, 17, 9, 0, 16, 18, 19, 5, 1, 8, 4]",[],0.6187016042260569,9.517946562306118
0,5,"{'type': 'con', 'text': ""This is an argument of the ends justifying the means. The government could generate more income by simply taking everyone's money by force - that doesn't make it a good choice. I believe legalization of drugs is a really bad idea.""}","[16, 1, 3, 4, 12, 0, 18, 14, 8, 9, 5]",[],0.6187016042260569,9.517946562306118
0,6,"{'type': 'pro', 'text': ""A change in the law to deny all those who suffer self inflicted physical ill-health or mental trauma, including junkies, free access to the N.H.S., would, or at least should jolt the pleasure seekers out of their surreal world in which they enjoy a ''free ride''.""}","[7, 10, 15, 3, 13, 0, 4, 8, 17, 1, 6]",[],0.6187016042260569,9.517946562306118
0,7,"{'type': 'con', 'text': ""The effects of different drugs play a role in the daily spending habits of drug users; thus more commonplace usage may change people's spending patterns in a way that negatively affects the economy.""}","[12, 5, 14, 2, 8, 4, 17, 6, 7, 3]",[],0.6187016042260569,9.517946562306118
0,8,"{'type': 'pro', 'text': 'Legalizing drugs would significantly decrease social stigma and discrimination against users who have been incarcerated for employment and education opportunities.'}","[17, 11, 16, 4, 5, 14, 7, 13, 2, 12, 8]",[],0.6187016042260569,9.517946562306118
0,9,"{'type': 'pro', 'text': ""Prohibition clearly isn't enough either, and all but ensures that honest education and information becomes impossible, making it exaggerated and ineffective.""}","[3, 2, 7, 13, 12, 0, 4, 17, 19, 8, 9]",[],0.6187016042260569,9.517946562306118
0,10,"{'type': 'pro', 'text': 'While neither seems acceptable, most would rather face prejudice than prison. I think legalization of drugs is a pretty good idea.'}","[15, 5, 14, 8, 0, 6, 2, 10, 1, 7]",[],0.6187016042260569,9.517946562306118
0,11,"{'type': 'con', 'text': 'The legalisation of drugs may lead to children trying and becoming involved with drugs at a younger age.'}","[0, 14, 10, 15, 6, 12, 8, 3, 5, 16, 11]",[],0.6187016042260569,9.517946562306118
0,12,"{'type': 'con', 'text': 'One can imagine that an inebriated cannabis user may leave the house less often and therefore spend less money. I think drugs should remain illegal.'}","[13, 0, 11, 19, 9, 6, 3, 15, 7, 10, 12]",[],0.6187016042260569,9.517946562306118
0,13,"{'type': 'pro', 'text': 'Criminals will have to either adapt or lose the income that prevents their other crimes from catching up with them.'}","[13, 16, 2, 19, 10, 11, 18, 15, 3, 0]",[],0.6187016042260569,9.517946562306118
0,14,"{'type': 'con', 'text': 'Individuals who seek out ""forbidden"" activities will still seek that thrill and choose other illegal and possibly more dangerous activities to participate in. I think drugs should remain illegal.'}","[10, 12, 0, 14, 9, 16, 18, 11, 3, 13]",[],0.6187016042260569,9.517946562306118
0,15,"{'type': 'pro', 'text': 'Drug use is not the same as drug addiction.'}","[14, 1, 0, 16, 4, 15, 17, 8, 10, 7]",[],0.6187016042260569,9.517946562306118
0,16,"{'type': 'pro', 'text': ""Individuals who do not seek out dangerous activities shouldn't be punished for those who do. I think all drugs should be legal.""}","[10, 14, 9, 4, 15, 1, 16, 8, 11, 13]",[],0.6187016042260569,9.517946562306118
0,17,"{'type': 'pro', 'text': ""As long as the taxes don't surpass the higher costs of the black market businesses, there is no reason to believe that legal drugs would be more expensive. I believe legalization of drugs is a pretty good idea.""}","[15, 2, 19, 0, 12, 4, 16, 18, 5, 1, 17]",[],0.6187016042260569,9.517946562306118
0,18,"{'type': 'pro', 'text': 'Specialists working for the government could provide the necessary education on the subject of responsible substance use. I think legalization of drugs is a pretty good idea.'}","[5, 6, 14, 17, 3, 19, 8, 4, 1, 18]",[],0.6187016042260569,9.517946562306118
0,19,"{'type': 'pro', 'text': '[Mexico](https://www.globalresearch.ca/destabilizing-mexico/12707) has been destabilized by drug cartel activities such as lawlessness, kidnappings, increasing corruption and frequent assassinations.'}","[2, 13, 18, 10, 0, 15, 11, 14, 9, 5, 19]",[],0.6187016042260569,9.517946562306118
1,0,"{'type': 'con', 'text': 'Having any positive impacts at all is not to be conflated with being a net positive, or fully positive.'}","[19, 10, 6, 17, 8, 12, 2, 16, 3, 4, 0]","[{'pst': (0, 16), 'tst': 0}, {'pst': (0, 8), 'tst': 0}, {'pst': (0, 19), 'tst': 0}, {'pst': (0, 2), 'tst': 0}, {'pst': (0, 0), 'tst': 0}, {'pst': (0, 12), 'tst': 0}, {'pst': (0, 6), 'tst': 0}, {'pst': (0, 17), 'tst': 0}]",0.39698771968142704,6.123269531802399
1,1,"{'type': 'con', 'text': 'Legalizing all drugs will lead to much larger societal rifts: Drug usage is higher among the poor and socially marginalized, which in turn makes their condition worse.'}","[15, 8, 17, 9, 4, 11, 18, 10, 14, 7, 1]","[{'pst': (0, 10), 'tst': 0}, {'pst': (0, 4), 'tst': 0}, {'pst': (0, 9), 'tst': 0}, {'pst': (0, 11), 'tst': 0}, {'pst': (0, 17), 'tst': 0}, {'pst': (0, 18), 'tst': 0}, {'pst': (0, 15), 'tst': 0}, {'pst': (0, 8), 'tst': 0}]",0.6187016042260569,9.517946562306118
1,2,"{'type': 'pro', 'text': ""It's not a given that the low well-being of drug users' families are a result of the drug use. The confounding variable is likely mental health issues. It's possible \\(and sometimes preferable\\) to solve the mental health issues, while not stopping the drug use.""}","[13, 3, 9, 5, 12, 18, 11, 19, 1, 10, 2]","[{'pst': (0, 9), 'tst': 0}, {'pst': (0, 13), 'tst': 0}, {'pst': (0, 11), 'tst': 0}, {'pst': (0, 18), 'tst': 0}, {'pst': (0, 19), 'tst': 0}, {'pst': (0, 1), 'tst': 0}, {'pst': (0, 12), 'tst': 0}, {'pst': (0, 2), 'tst': 0}]",0.631503212039185,7.701399576985399
1,3,"{'type': 'con', 'text': 'Tracing the rapist after the rape does not undo the rape itself, as the harm was already done.'}","[17, 15, 3, 13, 4, 2, 9, 19, 14, 6]","[{'pst': (0, 13), 'tst': 0}, {'pst': (0, 15), 'tst': 0}, {'pst': (0, 3), 'tst': 0}, {'pst': (0, 6), 'tst': 0}, {'pst': (0, 19), 'tst': 0}, {'pst': (0, 2), 'tst': 0}, {'pst': (0, 14), 'tst': 0}, {'pst': (0, 9), 'tst': 0}]",0.6256136520191375,6.586811393780161
1,4,"{'type': 'pro', 'text': 'Right now \\(2019\\) children [as young as eight](https://www.channel5.com/show/8-years-old-and-smuggling-drugs/) are involved in the drug trade. This would not be allowed in a regulated market. I believe all drugs should be legal.'}","[10, 17, 9, 0, 16, 18, 19, 5, 1, 8, 4]","[{'pst': (0, 1), 'tst': 0}, {'pst': (0, 17), 'tst': 0}, {'pst': (0, 18), 'tst': 0}, {'pst': (0, 8), 'tst': 0}, {'pst': (0, 19), 'tst': 0}, {'pst': (0, 16), 'tst': 0}, {'pst': (0, 10), 'tst': 0}, {'pst': (0, 9), 'tst': 0}]",0.6074063212617099,7.25065332829849
1,5,"{'type': 'pro', 'text': 'Specialists working for the government could provide the necessary education on the subject of responsible substance use. I think legalization of drugs is a pretty good idea.'}","[16, 1, 3, 4, 12, 0, 18, 14, 8, 9, 5]","[{'pst': (0, 9), 'tst': 0}, {'pst': (0, 0), 'tst': 0}, {'pst': (0, 8), 'tst': 0}, {'pst': (0, 14), 'tst': 0}, {'pst': (0, 3), 'tst': 0}, {'pst': (0, 16), 'tst': 0}, {'pst': (0, 18), 'tst': 0}, {'pst': (0, 1), 'tst': 0}]",0.3709929661470849,5.052755406571378
1,6,"{'type': 'pro', 'text': ""Drug legalization will stimulate local and national economies. That's why legalization of drugs is a pretty good idea.""}","[7, 10, 15, 3, 13, 0, 4, 8, 17, 1, 6]","[{'pst': (0, 13), 'tst': 0}, {'pst': (0, 8), 'tst': 0}, {'pst': (0, 4), 'tst': 0}, {'pst': (0, 3), 'tst': 0}, {'pst': (0, 6), 'tst': 0}, {'pst': (0, 10), 'tst': 0}, {'pst': (0, 0), 'tst': 0}, {'pst': (0, 7), 'tst': 0}]",0.4630322738448816,4.977746959990141
1,7,"{'type': 'pro', 'text': 'When obtaining drugs legally people can be sure that the drugs are pure and accurately measured. With the illegal drug market drugs are often mis-sold, inaccurately measured or cut with other substances.'}","[12, 5, 14, 2, 8, 4, 17, 6, 7, 3]","[{'pst': (0, 3), 'tst': 0}, {'pst': (0, 5), 'tst': 0}, {'pst': (0, 7), 'tst': 0}, {'pst': (0, 2), 'tst': 0}, {'pst': (0, 12), 'tst': 0}, {'pst': (0, 4), 'tst': 0}, {'pst': (0, 8), 'tst': 0}, {'pst': (0, 14), 'tst': 0}]",0.6493588539015763,3.9177919844237628
1,8,"{'type': 'pro', 'text': 'Legal cultivation/production of psychoactive compounds on the personal or even community scale could eliminate the international black market for them, making society safer for communities.'}","[17, 11, 16, 4, 5, 14, 7, 13, 2, 12, 8]","[{'pst': (0, 5), 'tst': 0}, {'pst': (0, 4), 'tst': 0}, {'pst': (0, 16), 'tst': 0}, {'pst': (0, 2), 'tst': 0}, {'pst': (0, 7), 'tst': 0}, {'pst': (0, 8), 'tst': 0}, {'pst': (0, 11), 'tst': 0}, {'pst': (0, 13), 'tst': 0}]",0.650797063300527,4.352184253280049
1,9,"{'type': 'pro', 'text': 'During prohibition, the potency of available alcoholic drinks grew significantly \\([pg. 3](https://object.cato.org/pubs/pas/pa157.pdf)\\). So legalization of drugs is a pretty good idea.'}","[3, 2, 7, 13, 12, 0, 4, 17, 19, 8, 9]","[{'pst': (0, 19), 'tst': 0}, {'pst': (0, 17), 'tst': 0}, {'pst': (0, 3), 'tst': 0}, {'pst': (0, 12), 'tst': 0}, {'pst': (0, 0), 'tst': 0}, {'pst': (0, 4), 'tst': 0}, {'pst': (0, 9), 'tst': 0}, {'pst': (0, 7), 'tst': 0}]",0.5287613380381831,4.013276919759964
1,10,"{'type': 'con', 'text': 'If government regulations lead to drugs being expensive, it is possible people will still try to access cheaper drugs on a black market and these drugs may still be dangerous or of poor quality. I think legalization of drugs is a really bad idea.'}","[15, 5, 14, 8, 0, 6, 2, 10, 1, 7]","[{'pst': (0, 1), 'tst': 0}, {'pst': (0, 8), 'tst': 0}, {'pst': (0, 5), 'tst': 0}, {'pst': (0, 14), 'tst': 0}, {'pst': (0, 15), 'tst': 0}, {'pst': (0, 6), 'tst': 0}, {'pst': (0, 2), 'tst': 0}, {'pst': (0, 0), 'tst': 0}]",0.38697476989666135,4.857955774977977
1,11,"{'type': 'con', 'text': ""This is an argument of the ends justifying the means. The government could generate more income by simply taking everyone's money by force - that doesn't make it a good choice. I believe legalization of drugs is a really bad idea.""}","[0, 14, 10, 15, 6, 12, 8, 3, 5, 16, 11]","[{'pst': (0, 15), 'tst': 0}, {'pst': (0, 5), 'tst': 0}, {'pst': (0, 10), 'tst': 0}, {'pst': (0, 11), 'tst': 0}, {'pst': (0, 14), 'tst': 0}, {'pst': (0, 3), 'tst': 0}, {'pst': (0, 0), 'tst': 0}, {'pst': (0, 16), 'tst': 0}]",0.35463103661434947,4.460601364667566
1,12,"{'type': 'con', 'text': ""The effects of different drugs play a role in the daily spending habits of drug users; thus more commonplace usage may change people's spending patterns in a way that negatively affects the economy.""}","[13, 0, 11, 19, 9, 6, 3, 15, 7, 10, 12]","[{'pst': (0, 9), 'tst': 0}, {'pst': (0, 0), 'tst': 0}, {'pst': (0, 19), 'tst': 0}, {'pst': (0, 3), 'tst': 0}, {'pst': (0, 12), 'tst': 0}, {'pst': (0, 6), 'tst': 0}, {'pst': (0, 10), 'tst': 0}, {'pst': (0, 13), 'tst': 0}]",0.4489855218092739,4.519102007396634
1,13,"{'type': 'pro', 'text': 'Legalization will help drive down the profits of drug cartels since people could get their drugs from legal reliable sources. Hence it may force the cartels to offer a purer product or less expensive to remain competitive. I believe all drugs should be legal.'}","[13, 16, 2, 19, 10, 11, 18, 15, 3, 0]","[{'pst': (0, 13), 'tst': 0}, {'pst': (0, 2), 'tst': 0}, {'pst': (0, 18), 'tst': 0}, {'pst': (0, 0), 'tst': 0}, {'pst': (0, 19), 'tst': 0}, {'pst': (0, 10), 'tst': 0}, {'pst': (0, 3), 'tst': 0}, {'pst': (0, 11), 'tst': 0}]",0.44186915389039066,3.6082578835647956
1,14,"{'type': 'con', 'text': ""If individuals are already addicted, legalisation just means they'll be able to get their drugs more easily, so they will tend to stay addicted.""}","[10, 12, 0, 14, 9, 16, 18, 11, 3, 13]","[{'pst': (0, 13), 'tst': 0}, {'pst': (0, 11), 'tst': 0}, {'pst': (0, 10), 'tst': 0}, {'pst': (0, 16), 'tst': 0}, {'pst': (0, 12), 'tst': 0}, {'pst': (0, 0), 'tst': 0}, {'pst': (0, 9), 'tst': 0}, {'pst': (0, 18), 'tst': 0}]",0.38488387315572625,4.9384273198793345
1,15,"{'type': 'con', 'text': 'Legal drugs would not be the only option; there may still be a market of illegal drugs, for example if it is cheaper than the legal choice.'}","[14, 1, 0, 16, 4, 15, 17, 8, 10, 7]","[{'pst': (0, 7), 'tst': 0}, {'pst': (0, 14), 'tst': 0}, {'pst': (0, 10), 'tst': 0}, {'pst': (0, 4), 'tst': 0}, {'pst': (0, 17), 'tst': 0}, {'pst': (0, 8), 'tst': 0}, {'pst': (0, 1), 'tst': 0}, {'pst': (0, 16), 'tst': 0}]",0.5878556361015878,3.600877648715563
1,16,"{'type': 'con', 'text': ""It may be difficult to find and employ the right kind of medical professionals who can support the user's needs effectively \\(helping the user in dealing with trauma from their past & their conditioning from childhood\\) I think drugs should remain illegal.""}","[10, 14, 9, 4, 15, 1, 16, 8, 11, 13]","[{'pst': (0, 8), 'tst': 0}, {'pst': (0, 1), 'tst': 0}, {'pst': (0, 4), 'tst': 0}, {'pst': (0, 9), 'tst': 0}, {'pst': (0, 15), 'tst': 0}, {'pst': (0, 16), 'tst': 0}, {'pst': (0, 10), 'tst': 0}, {'pst': (0, 11), 'tst': 0}]",0.7121655358006369,4.6541992384182755
1,17,"{'type': 'pro', 'text': ""It can be argued that the terms 'recreational' and 'medicinal' are interchangeable. So all drugs should be legal.""}","[15, 2, 19, 0, 12, 4, 16, 18, 5, 1, 17]","[{'pst': (0, 0), 'tst': 0}, {'pst': (0, 18), 'tst': 0}, {'pst': (0, 17), 'tst': 0}, {'pst': (0, 4), 'tst': 0}, {'pst': (0, 5), 'tst': 0}, {'pst': (0, 2), 'tst': 0}, {'pst': (0, 19), 'tst': 0}, {'pst': (0, 12), 'tst': 0}]",0.4307370622865149,3.049779196768526
1,18,"{'type': 'con', 'text': ""It is hard to determine whether the drugs actually allowed these artists to make these pieces of art or whether they just happened also to be using drugs because they had troubled minds. Sober people can be great artists. That's why drugs should remain illegal.""}","[5, 6, 14, 17, 3, 19, 8, 4, 1, 18]","[{'pst': (0, 4), 'tst': 0}, {'pst': (0, 6), 'tst': 0}, {'pst': (0, 19), 'tst': 0}, {'pst': (0, 8), 'tst': 0}, {'pst': (0, 5), 'tst': 0}, {'pst': (0, 17), 'tst': 0}, {'pst': (0, 18), 'tst': 0}, {'pst': (0, 3), 'tst': 0}]",0.6299838018953253,3.948480716129435
1,19,"{'type': 'pro', 'text': 'Just because there are other systematic racial issues does not mean we cannot challenge this particular racist law.'}","[2, 13, 18, 10, 0, 15, 11, 14, 9, 5, 19]","[{'pst': (0, 11), 'tst': 0}, {'pst': (0, 9), 'tst': 0}, {'pst': (0, 13), 'tst': 0}, {'pst': (0, 19), 'tst': 0}, {'pst': (0, 5), 'tst': 0}, {'pst': (0, 15), 'tst': 0}, {'pst': (0, 18), 'tst': 0}, {'pst': (0, 14), 'tst': 0}]",0.33741916589017223,4.848200964406602
2,0,"{'type': 'con', 'text': 'The Federal Government \\(US\\) has no constitutional authority to regulate what citizens choose to put in their bodies. I believe legalization of drugs is a really bad idea.'}","[19, 10, 6, 17, 8, 12, 2, 16, 3, 4, 0]","[{'pst': (1, 4), 'tst': 0}, {'pst': (0, 19), 'tst': 0}, {'pst': (1, 16), 'tst': 0}, {'pst': (1, 0), 'tst': 0}, {'pst': (1, 8), 'tst': 0}, {'pst': (1, 12), 'tst': 0}, {'pst': (1, 10), 'tst': 0}, {'pst': (0, 8), 'tst': 0}]",0.5969114182602397,8.450013002047761
2,1,"{'type': 'pro', 'text': ""Legalization will not drastically affect drug use. That's why all drugs should be legal.""}","[15, 8, 17, 9, 4, 11, 18, 10, 14, 7, 1]","[{'pst': (0, 14), 'tst': 0}, {'pst': (1, 1), 'tst': 0}, {'pst': (0, 15), 'tst': 0}, {'pst': (0, 11), 'tst': 0}, {'pst': (1, 7), 'tst': 0}, {'pst': (1, 9), 'tst': 0}, {'pst': (1, 14), 'tst': 0}, {'pst': (1, 11), 'tst': 0}]",0.592798756476703,6.059507725678428
2,2,"{'type': 'con', 'text': 'It is likely that a small group who are motivated not to take hard drugs solely because they are illegal would then try drugs.'}","[13, 3, 9, 5, 12, 18, 11, 19, 1, 10, 2]","[{'pst': (1, 3), 'tst': 0}, {'pst': (1, 13), 'tst': 0}, {'pst': (1, 19), 'tst': 0}, {'pst': (1, 5), 'tst': 0}, {'pst': (1, 18), 'tst': 0}, {'pst': (0, 10), 'tst': 0}, {'pst': (0, 19), 'tst': 0}, {'pst': (0, 5), 'tst': 0}]",0.6187016042260569,9.517946562306118
2,3,"{'type': 'con', 'text': 'Education and information might not be enough to ensure thoughtful drug use.'}","[17, 15, 3, 13, 4, 2, 9, 19, 14, 6]","[{'pst': (1, 6), 'tst': 0}, {'pst': (0, 6), 'tst': 0}, {'pst': (0, 4), 'tst': 0}, {'pst': (1, 9), 'tst': 0}, {'pst': (1, 19), 'tst': 0}, {'pst': (0, 2), 'tst': 0}, {'pst': (0, 17), 'tst': 0}, {'pst': (1, 13), 'tst': 0}]",0.6245540296146262,7.578008143221206
2,4,"{'type': 'pro', 'text': 'That correlation is not affected by their legality. So, legalization will not make it worse unless it causes the price to go down. Given the emphasis many put on drug taxes as an argument in favor of legalization, that seems unlikely.'}","[10, 17, 9, 0, 16, 18, 19, 5, 1, 8, 4]","[{'pst': (1, 1), 'tst': 0}, {'pst': (0, 10), 'tst': 0}, {'pst': (1, 8), 'tst': 0}, {'pst': (1, 9), 'tst': 0}, {'pst': (0, 1), 'tst': 0}, {'pst': (0, 19), 'tst': 0}, {'pst': (1, 17), 'tst': 0}, {'pst': (1, 5), 'tst': 0}]",0.6101381576652097,5.932788149424379
2,5,"{'type': 'pro', 'text': ""Criminalising the activity of drug users has negative effects on individuals, their families, and society. That's why legalization of drugs is a pretty good idea.""}","[16, 1, 3, 4, 12, 0, 18, 14, 8, 9, 5]","[{'pst': (0, 0), 'tst': 0}, {'pst': (0, 3), 'tst': 0}, {'pst': (0, 12), 'tst': 0}, {'pst': (1, 8), 'tst': 0}, {'pst': (1, 1), 'tst': 0}, {'pst': (0, 8), 'tst': 0}, {'pst': (1, 16), 'tst': 0}, {'pst': (0, 1), 'tst': 0}]",0.4041194515506464,4.431791370577178
2,6,"{'type': 'con', 'text': 'Established companies selling drugs could be just as dangerous \\(to society\\) as criminals.'}","[7, 10, 15, 3, 13, 0, 4, 8, 17, 1, 6]","[{'pst': (1, 4), 'tst': 0}, {'pst': (0, 17), 'tst': 0}, {'pst': (1, 6), 'tst': 0}, {'pst': (0, 10), 'tst': 0}, {'pst': (1, 1), 'tst': 0}, {'pst': (1, 0), 'tst': 0}, {'pst': (1, 15), 'tst': 0}, {'pst': (1, 7), 'tst': 0}]",0.6445950065562548,5.162245387383365
2,7,"{'type': 'con', 'text': ""A parent's drugs addiction can cause a child to suffer emotional harm and a lack of future stability as it can reduce the parent's life expectancy, causing them to die young. So drugs should remain illegal.""}","[12, 5, 14, 2, 8, 4, 17, 6, 7, 3]","[{'pst': (1, 4), 'tst': 0}, {'pst': (0, 6), 'tst': 0}, {'pst': (1, 3), 'tst': 0}, {'pst': (1, 14), 'tst': 0}, {'pst': (0, 3), 'tst': 0}, {'pst': (0, 12), 'tst': 0}, {'pst': (0, 4), 'tst': 0}, {'pst': (1, 2), 'tst': 0}]",0.6395023431145914,5.990401079208333
2,8,"{'type': 'pro', 'text': 'Prohibition does not treat addicts, treatment, and prevention of addiction do. Both of these are accomplished far more effectively without the threat of incarceration for merely admitting use. So all drugs should be legal.'}","[17, 11, 16, 4, 5, 14, 7, 13, 2, 12, 8]","[{'pst': (1, 5), 'tst': 0}, {'pst': (0, 12), 'tst': 0}, {'pst': (0, 8), 'tst': 0}, {'pst': (0, 14), 'tst': 0}, {'pst': (0, 7), 'tst': 0}, {'pst': (0, 4), 'tst': 0}, {'pst': (0, 5), 'tst': 0}, {'pst': (0, 11), 'tst': 0}]",0.6005137767049846,4.291775061813244
2,9,"{'type': 'pro', 'text': 'Just because there are other systematic racial issues does not mean we cannot challenge this particular racist law.'}","[3, 2, 7, 13, 12, 0, 4, 17, 19, 8, 9]","[{'pst': (0, 4), 'tst': 0}, {'pst': (1, 9), 'tst': 0}, {'pst': (0, 19), 'tst': 0}, {'pst': (1, 12), 'tst': 0}, {'pst': (0, 17), 'tst': 0}, {'pst': (0, 2), 'tst': 0}, {'pst': (0, 9), 'tst': 0}, {'pst': (0, 12), 'tst': 0}]",0.6749988293374012,5.0573113191565096
2,10,"{'type': 'pro', 'text': 'If drugs were legalised, all the ways it could harm other people could be criminalised, such as taking them before controlling dangerous machinery or smoking in public. I believe all drugs should be legal.'}","[15, 5, 14, 8, 0, 6, 2, 10, 1, 7]","[{'pst': (0, 14), 'tst': 0}, {'pst': (1, 0), 'tst': 0}, {'pst': (1, 7), 'tst': 0}, {'pst': (0, 0), 'tst': 0}, {'pst': (0, 6), 'tst': 0}, {'pst': (0, 1), 'tst': 0}, {'pst': (1, 6), 'tst': 0}, {'pst': (1, 10), 'tst': 0}]",0.4081214169269949,4.276815260264411
2,11,"{'type': 'pro', 'text': 'Becoming involved with drugs is going to become harder for children because they will be denied access to the legal market and there will be drastically less demand, and thus supply and availability for black market drugs.'}","[0, 14, 10, 15, 6, 12, 8, 3, 5, 16, 11]","[{'pst': (0, 0), 'tst': 0}, {'pst': (1, 5), 'tst': 0}, {'pst': (0, 10), 'tst': 0}, {'pst': (1, 3), 'tst': 0}, {'pst': (1, 14), 'tst': 0}, {'pst': (1, 16), 'tst': 0}, {'pst': (0, 14), 'tst': 0}, {'pst': (0, 3), 'tst': 0}]",0.418550630583903,3.946786962731869
2,12,"{'type': 'pro', 'text': 'The evidence provided in this claim stems largely from importing cheaper cigarettes from the rest of Europe to the UK. The difference in quality is probably minimal. I believe all drugs should be legal.'}","[13, 0, 11, 19, 9, 6, 3, 15, 7, 10, 12]","[{'pst': (0, 0), 'tst': 0}, {'pst': (0, 7), 'tst': 0}, {'pst': (1, 13), 'tst': 0}, {'pst': (0, 3), 'tst': 0}, {'pst': (0, 10), 'tst': 0}, {'pst': (1, 7), 'tst': 0}, {'pst': (1, 3), 'tst': 0}, {'pst': (0, 6), 'tst': 0}]",0.4777164311377685,4.646231836132269
2,13,"{'type': 'pro', 'text': 'The criminalization of drug use is the major agitator of the economic rifts caused by drug use: illegal drug use leads to arrests which lead to arrest records and the socially imposed inability to self-produce wealth.'}","[13, 16, 2, 19, 10, 11, 18, 15, 3, 0]","[{'pst': (0, 19), 'tst': 0}, {'pst': (0, 2), 'tst': 0}, {'pst': (1, 19), 'tst': 0}, {'pst': (0, 0), 'tst': 0}, {'pst': (0, 3), 'tst': 0}, {'pst': (1, 3), 'tst': 0}, {'pst': (1, 2), 'tst': 0}, {'pst': (0, 13), 'tst': 0}]",0.43260481587012967,4.8176056375223615
2,14,"{'type': 'con', 'text': 'The cigarette industry suppressed research that demonstrated the carcinogenicity of cigarettes \\([pg. 2](https://www.who.int/tobacco/media/en/TobaccoExplained.pdf)\\).'}","[10, 12, 0, 14, 9, 16, 18, 11, 3, 13]","[{'pst': (0, 12), 'tst': 0}, {'pst': (1, 0), 'tst': 0}, {'pst': (1, 14), 'tst': 0}, {'pst': (0, 9), 'tst': 0}, {'pst': (1, 13), 'tst': 0}, {'pst': (0, 18), 'tst': 0}, {'pst': (0, 3), 'tst': 0}, {'pst': (1, 3), 'tst': 0}]",0.5341260696861873,3.928343627057212
2,15,"{'type': 'pro', 'text': 'The illegal trade is already there. The legal trade would just drain their customer base. For criminal trade to survive in those conditions it would have to have either cheaper prices or better product. These are not easily achieved agains big corporations. At least the competition would seriously damage their overheads.'}","[14, 1, 0, 16, 4, 15, 17, 8, 10, 7]","[{'pst': (1, 4), 'tst': 0}, {'pst': (1, 15), 'tst': 0}, {'pst': (1, 8), 'tst': 0}, {'pst': (1, 0), 'tst': 0}, {'pst': (1, 16), 'tst': 0}, {'pst': (0, 8), 'tst': 0}, {'pst': (1, 17), 'tst': 0}, {'pst': (1, 1), 'tst': 0}]",0.6293719437046155,5.740389648252503
2,16,"{'type': 'con', 'text': 'Further studies on the ""Rat Park"" experiment discussed in the video [have found](https://en.wikipedia.org/wiki/Rat_Park#Reaction_to_the_experiment) social isolation is not necessary for addiction.'}","[10, 14, 9, 4, 15, 1, 16, 8, 11, 13]","[{'pst': (0, 10), 'tst': 0}, {'pst': (1, 9), 'tst': 0}, {'pst': (1, 15), 'tst': 0}, {'pst': (1, 16), 'tst': 0}, {'pst': (0, 8), 'tst': 0}, {'pst': (1, 4), 'tst': 0}, {'pst': (0, 13), 'tst': 0}, {'pst': (0, 1), 'tst': 0}]",0.554108360210842,3.590013973779479
2,17,"{'type': 'pro', 'text': 'In the US, as of 2018 there are roughly [235,000](https://www.prisonpolicy.org/reports/pie2018.html) inmates behind bars for drug-related crimes. I think legalization of drugs is a pretty good idea.'}","[15, 2, 19, 0, 12, 4, 16, 18, 5, 1, 17]","[{'pst': (0, 1), 'tst': 0}, {'pst': (0, 18), 'tst': 0}, {'pst': (1, 4), 'tst': 0}, {'pst': (1, 15), 'tst': 0}, {'pst': (1, 1), 'tst': 0}, {'pst': (1, 12), 'tst': 0}, {'pst': (0, 12), 'tst': 0}, {'pst': (0, 15), 'tst': 0}]",0.45685375896705555,4.224643115165165
2,18,"{'type': 'con', 'text': 'Legal drugs would not be the only option; there may still be a market of illegal drugs, for example if it is cheaper than the legal choice.'}","[5, 6, 14, 17, 3, 19, 8, 4, 1, 18]","[{'pst': (0, 4), 'tst': 0}, {'pst': (0, 3), 'tst': 0}, {'pst': (0, 17), 'tst': 0}, {'pst': (1, 3), 'tst': 0}, {'pst': (0, 14), 'tst': 0}, {'pst': (0, 6), 'tst': 0}, {'pst': (0, 8), 'tst': 0}, {'pst': (0, 1), 'tst': 0}]",0.5253822160816046,3.89035017517047
2,19,"{'type': 'pro', 'text': ""Regulations that prohibit working under the influence of alcohol can trivially be expanded to include all drugs. That's why all drugs should be legal.""}","[2, 13, 18, 10, 0, 15, 11, 14, 9, 5, 19]","[{'pst': (0, 5), 'tst': 0}, {'pst': (0, 10), 'tst': 0}, {'pst': (1, 0), 'tst': 0}, {'pst': (1, 9), 'tst': 0}, {'pst': (0, 19), 'tst': 0}, {'pst': (0, 2), 'tst': 0}, {'pst': (0, 9), 'tst': 0}, {'pst': (0, 11), 'tst': 0}]",0.5802258342902686,5.6140346478448
3,0,"{'type': 'con', 'text': '[Many drug users](https://www.drugabuse.gov/publications/drugs-brains-behavior-science-addiction/drug-misuse-addiction) do not consider the negative repercussions of drug use and are convinced they can easily control their use. So drugs should remain illegal.'}","[19, 10, 6, 17, 8, 12, 2, 16, 3, 4, 0]","[{'pst': (1, 4), 'tst': 0}, {'pst': (1, 3), 'tst': 0}, {'pst': (0, 17), 'tst': 0}, {'pst': (0, 4), 'tst': 0}, {'pst': (0, 16), 'tst': 0}, {'pst': (2, 6), 'tst': 0}, {'pst': (1, 2), 'tst': 0}, {'pst': (2, 10), 'tst': 0}]",0.6187016042260569,9.517946562306118
3,1,"{'type': 'pro', 'text': ""The logic of this argument would necessitate prohibition of alcohol, along with cigarettes, prescription painkillers, household cleaning products, motor vehicles, power tools; and anything a person may use to end their life consciously or accidentally. That's why legalization of drugs is a pretty good idea.""}","[15, 8, 17, 9, 4, 11, 18, 10, 14, 7, 1]","[{'pst': (1, 18), 'tst': 0}, {'pst': (0, 14), 'tst': 0}, {'pst': (0, 1), 'tst': 0}, {'pst': (2, 15), 'tst': 0}, {'pst': (0, 10), 'tst': 0}, {'pst': (2, 1), 'tst': 0}, {'pst': (1, 7), 'tst': 0}, {'pst': (0, 17), 'tst': 0}]",0.667133728820485,6.254330064761
3,2,"{'type': 'pro', 'text': ""As long as the taxes don't surpass the higher costs of the black market businesses, there is no reason to believe that legal drugs would be more expensive. I believe legalization of drugs is a pretty good idea.""}","[13, 3, 9, 5, 12, 18, 11, 19, 1, 10, 2]","[{'pst': (0, 1), 'tst': 0}, {'pst': (1, 19), 'tst': 0}, {'pst': (2, 9), 'tst': 0}, {'pst': (2, 1), 'tst': 0}, {'pst': (0, 9), 'tst': 0}, {'pst': (2, 3), 'tst': 0}, {'pst': (1, 9), 'tst': 0}, {'pst': (0, 5), 'tst': 0}]",0.667133728820485,6.254330064761
3,3,"{'type': 'pro', 'text': 'Legalization will allow governments to fight addictive drugs more effectively. So legalization of drugs is a pretty good idea.'}","[17, 15, 3, 13, 4, 2, 9, 19, 14, 6]","[{'pst': (2, 14), 'tst': 0}, {'pst': (0, 15), 'tst': 0}, {'pst': (0, 4), 'tst': 0}, {'pst': (0, 14), 'tst': 0}, {'pst': (1, 4), 'tst': 0}, {'pst': (1, 15), 'tst': 0}, {'pst': (1, 6), 'tst': 0}, {'pst': (0, 3), 'tst': 0}]",0.5818584200202116,6.26481696791355
3,4,"{'type': 'pro', 'text': 'Criminals will face competition from legal growers with lower shipping costs, which will drive prices down.'}","[10, 17, 9, 0, 16, 18, 19, 5, 1, 8, 4]","[{'pst': (1, 18), 'tst': 0}, {'pst': (1, 16), 'tst': 0}, {'pst': (0, 5), 'tst': 0}, {'pst': (1, 17), 'tst': 0}, {'pst': (1, 8), 'tst': 0}, {'pst': (2, 1), 'tst': 0}, {'pst': (1, 9), 'tst': 0}, {'pst': (0, 9), 'tst': 0}]",0.6798058609693185,6.055116615884975
3,5,"{'type': 'con', 'text': 'Although education and information on the harmful side effects of [smoking](https://edition.cnn.com/2014/01/11/health/still-smoking/index.html) have been around for decades, millions of people still smoke.'}","[16, 1, 3, 4, 12, 0, 18, 14, 8, 9, 5]","[{'pst': (0, 8), 'tst': 0}, {'pst': (2, 5), 'tst': 0}, {'pst': (0, 9), 'tst': 0}, {'pst': (1, 14), 'tst': 0}, {'pst': (2, 16), 'tst': 0}, {'pst': (1, 16), 'tst': 0}, {'pst': (1, 9), 'tst': 0}, {'pst': (2, 9), 'tst': 0}]",0.641402157343618,7.411342772350057
3,6,"{'type': 'con', 'text': 'This is biased against those with mental illness. So legalization of drugs is a really bad idea.'}","[7, 10, 15, 3, 13, 0, 4, 8, 17, 1, 6]","[{'pst': (0, 10), 'tst': 0}, {'pst': (2, 7), 'tst': 0}, {'pst': (0, 3), 'tst': 0}, {'pst': (0, 17), 'tst': 0}, {'pst': (1, 6), 'tst': 0}, {'pst': (2, 13), 'tst': 0}, {'pst': (1, 0), 'tst': 0}, {'pst': (2, 4), 'tst': 0}]",0.5913363555822737,6.5057900499370005
3,7,"{'type': 'pro', 'text': 'If legalised, drug users could be less likely to leave dangerous paraphernalia \\(broken pipes, syringes, etc.\\) behind in public places as the fear of criminal penalties for the possession of drug paraphernalia would no longer be an issue. This would lessen risk of disease and injury. So all drugs should be legal.'}","[12, 5, 14, 2, 8, 4, 17, 6, 7, 3]","[{'pst': (1, 14), 'tst': 0}, {'pst': (1, 6), 'tst': 0}, {'pst': (0, 5), 'tst': 0}, {'pst': (2, 3), 'tst': 0}, {'pst': (0, 17), 'tst': 0}, {'pst': (1, 4), 'tst': 0}, {'pst': (0, 4), 'tst': 0}, {'pst': (1, 2), 'tst': 0}]",0.6272653336044676,3.8838117940007133
3,8,"{'type': 'pro', 'text': ""Laws should be introduced on an entirely pragmatic basis, not on the basis of moral signaling. If legalising drugs reduces harm, this should be sufficient evidence that it is a good policy. That's why legalization of drugs is a pretty good idea.""}","[17, 11, 16, 4, 5, 14, 7, 13, 2, 12, 8]","[{'pst': (0, 13), 'tst': 0}, {'pst': (1, 14), 'tst': 0}, {'pst': (0, 14), 'tst': 0}, {'pst': (1, 4), 'tst': 0}, {'pst': (1, 2), 'tst': 0}, {'pst': (1, 12), 'tst': 0}, {'pst': (0, 11), 'tst': 0}, {'pst': (2, 4), 'tst': 0}]",0.6003008484716365,6.523526276431781
3,9,"{'type': 'pro', 'text': 'Legalization will decrease the number of fatal overdoses by giving each user a safe dose of the drugs by regulating the drugs. I believe all drugs should be legal.'}","[3, 2, 7, 13, 12, 0, 4, 17, 19, 8, 9]","[{'pst': (2, 19), 'tst': 0}, {'pst': (1, 0), 'tst': 0}, {'pst': (0, 8), 'tst': 0}, {'pst': (1, 13), 'tst': 0}, {'pst': (2, 3), 'tst': 0}, {'pst': (1, 4), 'tst': 0}, {'pst': (2, 17), 'tst': 0}, {'pst': (2, 7), 'tst': 0}]",0.4939576012299655,4.242649760251613
3,10,"{'type': 'pro', 'text': 'If drugs were legalised, all the ways it could harm other people could be criminalised, such as taking them before controlling dangerous machinery or smoking in public. I believe all drugs should be legal.'}","[15, 5, 14, 8, 0, 6, 2, 10, 1, 7]","[{'pst': (2, 1), 'tst': 0}, {'pst': (1, 7), 'tst': 0}, {'pst': (0, 14), 'tst': 0}, {'pst': (0, 5), 'tst': 0}, {'pst': (1, 15), 'tst': 0}, {'pst': (0, 6), 'tst': 0}, {'pst': (0, 0), 'tst': 0}, {'pst': (1, 1), 'tst': 0}]",0.4135008810288056,3.9550059097802652
3,11,"{'type': 'pro', 'text': 'Assuming that drugs will still be legally forbidden for people under a certain age, the distribution points will not be allowed to sell it to children.'}","[0, 14, 10, 15, 6, 12, 8, 3, 5, 16, 11]","[{'pst': (0, 8), 'tst': 0}, {'pst': (1, 10), 'tst': 0}, {'pst': (1, 11), 'tst': 0}, {'pst': (0, 10), 'tst': 0}, {'pst': (0, 15), 'tst': 0}, {'pst': (2, 14), 'tst': 0}, {'pst': (0, 0), 'tst': 0}, {'pst': (0, 11), 'tst': 0}]",0.37851867773873776,3.7562309399978018
3,12,"{'type': 'pro', 'text': 'Established companies would be strictly controlled.'}","[13, 0, 11, 19, 9, 6, 3, 15, 7, 10, 12]","[{'pst': (2, 15), 'tst': 0}, {'pst': (1, 12), 'tst': 0}, {'pst': (0, 9), 'tst': 0}, {'pst': (2, 0), 'tst': 0}, {'pst': (1, 15), 'tst': 0}, {'pst': (0, 13), 'tst': 0}, {'pst': (1, 13), 'tst': 0}, {'pst': (2, 6), 'tst': 0}]",0.5114367632956212,6.025022596485289
3,13,"{'type': 'con', 'text': 'Drugs can be used to abuse others or commit crimes.'}","[13, 16, 2, 19, 10, 11, 18, 15, 3, 0]","[{'pst': (2, 13), 'tst': 0}, {'pst': (0, 3), 'tst': 0}, {'pst': (0, 13), 'tst': 0}, {'pst': (0, 11), 'tst': 0}, {'pst': (2, 11), 'tst': 0}, {'pst': (0, 10), 'tst': 0}, {'pst': (0, 15), 'tst': 0}, {'pst': (1, 19), 'tst': 0}]",0.6105410213961178,6.363127035138502
3,14,"{'type': 'pro', 'text': '[Entheogenic drugs](https://maps.org/index.php?option=com_content&view=article&id=5468), such as psychedelics, have been used throughout human history for many benefits in evolutionary growth and cognitive development.'}","[10, 12, 0, 14, 9, 16, 18, 11, 3, 13]","[{'pst': (0, 9), 'tst': 0}, {'pst': (0, 10), 'tst': 0}, {'pst': (2, 18), 'tst': 0}, {'pst': (2, 14), 'tst': 0}, {'pst': (0, 13), 'tst': 0}, {'pst': (0, 12), 'tst': 0}, {'pst': (1, 16), 'tst': 0}, {'pst': (0, 18), 'tst': 0}]",0.3763486782248749,5.618410163715446
3,15,"{'type': 'pro', 'text': 'This is only a viable strategy for some individuals whom are already close to the legal age, as opposed to a much younger person buying from other young people recruited by the black market.'}","[14, 1, 0, 16, 4, 15, 17, 8, 10, 7]","[{'pst': (2, 17), 'tst': 0}, {'pst': (2, 8), 'tst': 0}, {'pst': (2, 0), 'tst': 0}, {'pst': (0, 7), 'tst': 0}, {'pst': (0, 4), 'tst': 0}, {'pst': (0, 14), 'tst': 0}, {'pst': (0, 8), 'tst': 0}, {'pst': (0, 0), 'tst': 0}]",0.45613286326865027,3.3155473173914736
3,16,"{'type': 'con', 'text': 'Organized crime would find themselves without a cash-flow and resort to much more violent kidnapping and extortion. So legalization of drugs is a really bad idea.'}","[10, 14, 9, 4, 15, 1, 16, 8, 11, 13]","[{'pst': (2, 14), 'tst': 0}, {'pst': (0, 14), 'tst': 0}, {'pst': (1, 11), 'tst': 0}, {'pst': (2, 15), 'tst': 0}, {'pst': (2, 8), 'tst': 0}, {'pst': (2, 9), 'tst': 0}, {'pst': (1, 14), 'tst': 0}, {'pst': (0, 16), 'tst': 0}]",0.5641621933376287,3.85388797460315
3,17,"{'type': 'pro', 'text': 'Historically, the US government has only permitted research which [supports their agenda](https://www.usatoday.com/story/news/2015/08/18/feds-limit-research-marijuana-medical-use/31547557/) of prohibition. So all drugs should be legal.'}","[15, 2, 19, 0, 12, 4, 16, 18, 5, 1, 17]","[{'pst': (0, 17), 'tst': 0}, {'pst': (2, 19), 'tst': 0}, {'pst': (0, 4), 'tst': 0}, {'pst': (1, 5), 'tst': 0}, {'pst': (0, 18), 'tst': 0}, {'pst': (2, 5), 'tst': 0}, {'pst': (0, 12), 'tst': 0}, {'pst': (0, 15), 'tst': 0}]",0.5018205535266991,3.609420902094062
3,18,"{'type': 'pro', 'text': 'This is only true in the case of people whose drug use either causes them to become dangerous or interferes with their lives. I think all drugs should be legal.'}","[5, 6, 14, 17, 3, 19, 8, 4, 1, 18]","[{'pst': (1, 8), 'tst': 0}, {'pst': (0, 18), 'tst': 0}, {'pst': (0, 1), 'tst': 0}, {'pst': (0, 5), 'tst': 0}, {'pst': (1, 1), 'tst': 0}, {'pst': (1, 14), 'tst': 0}, {'pst': (2, 14), 'tst': 0}, {'pst': (1, 6), 'tst': 0}]",0.5983675808984572,5.235883979918363
3,19,"{'type': 'con', 'text': 'Drug use correlates negatively with socially-responsible behavior. I think drugs should remain illegal.'}","[2, 13, 18, 10, 0, 15, 11, 14, 9, 5, 19]","[{'pst': (2, 19), 'tst': 0}, {'pst': (1, 0), 'tst': 0}, {'pst': (2, 13), 'tst': 0}, {'pst': (0, 9), 'tst': 0}, {'pst': (0, 5), 'tst': 0}, {'pst': (2, 14), 'tst': 0}, {'pst': (0, 11), 'tst': 0}, {'pst': (2, 9), 'tst': 0}]",0.5753415756838816,6.243540570016272
4,0,"{'type': 'pro', 'text': 'If recreational drugs were legal, social events such as parties would have more variety. Drug-friendly events would also have no cause for paranoia. I think legalization of drugs is a pretty good idea.'}","[19, 10, 6, 17, 8, 12, 2, 16, 3, 4, 0]","[{'pst': (0, 19), 'tst': 0}, {'pst': (2, 19), 'tst': 0}, {'pst': (3, 3), 'tst': 0}, {'pst': (0, 17), 'tst': 0}, {'pst': (2, 12), 'tst': 0}, {'pst': (1, 2), 'tst': 0}, {'pst': (3, 16), 'tst': 0}, {'pst': (3, 8), 'tst': 0}]",0.6187016042260569,9.517946562306118
4,1,"{'type': 'pro', 'text': 'The legalization of all drugs gives the possibility to control the age group of people participating in the drugs. I think legalization of drugs is a pretty good idea.'}","[15, 8, 17, 9, 4, 11, 18, 10, 14, 7, 1]","[{'pst': (0, 11), 'tst': 0}, {'pst': (1, 14), 'tst': 0}, {'pst': (1, 11), 'tst': 0}, {'pst': (0, 8), 'tst': 0}, {'pst': (2, 17), 'tst': 0}, {'pst': (2, 8), 'tst': 0}, {'pst': (2, 7), 'tst': 0}, {'pst': (0, 10), 'tst': 0}]",0.6187016042260569,9.517946562306118
4,2,"{'type': 'con', 'text': 'Having any positive impacts at all is not to be conflated with being a net positive, or fully positive.'}","[13, 3, 9, 5, 12, 18, 11, 19, 1, 10, 2]","[{'pst': (3, 12), 'tst': 0}, {'pst': (0, 9), 'tst': 0}, {'pst': (2, 12), 'tst': 0}, {'pst': (0, 11), 'tst': 0}, {'pst': (3, 19), 'tst': 0}, {'pst': (2, 18), 'tst': 0}, {'pst': (0, 18), 'tst': 0}, {'pst': (2, 1), 'tst': 0}]",0.6798058609693185,6.055116615884975
4,3,"{'type': 'pro', 'text': '[Lack of regulation](https://www.drugabuse.gov/drugs-abuse/opioids/opioid-overdose-crisis#three) has been a significant cause of the opioid crisis.'}","[17, 15, 3, 13, 4, 2, 9, 19, 14, 6]","[{'pst': (2, 9), 'tst': 0}, {'pst': (2, 6), 'tst': 0}, {'pst': (1, 2), 'tst': 0}, {'pst': (2, 4), 'tst': 0}, {'pst': (0, 19), 'tst': 0}, {'pst': (0, 3), 'tst': 0}, {'pst': (0, 9), 'tst': 0}, {'pst': (3, 6), 'tst': 0}]",0.5632649297630337,7.058008364005044
4,4,"{'type': 'pro', 'text': 'Legal companies would be able to take over the drugs-related sector from illegal criminal organisations. I think all drugs should be legal.'}","[10, 17, 9, 0, 16, 18, 19, 5, 1, 8, 4]","[{'pst': (1, 17), 'tst': 0}, {'pst': (2, 9), 'tst': 0}, {'pst': (1, 10), 'tst': 0}, {'pst': (2, 19), 'tst': 0}, {'pst': (1, 8), 'tst': 0}, {'pst': (1, 0), 'tst': 0}, {'pst': (3, 16), 'tst': 0}, {'pst': (1, 9), 'tst': 0}]",0.5969114182602397,8.450013002047761
4,5,"{'type': 'pro', 'text': 'Established companies would be strictly controlled.'}","[16, 1, 3, 4, 12, 0, 18, 14, 8, 9, 5]","[{'pst': (0, 16), 'tst': 0}, {'pst': (3, 1), 'tst': 0}, {'pst': (1, 3), 'tst': 0}, {'pst': (2, 16), 'tst': 0}, {'pst': (1, 4), 'tst': 0}, {'pst': (3, 4), 'tst': 0}, {'pst': (1, 12), 'tst': 0}, {'pst': (2, 1), 'tst': 0}]",0.7244582098894055,4.942595854992616
4,6,"{'type': 'pro', 'text': ""A society where everyone consumes moderate amounts of drugs wouldn't be much different than the societies of today. That's why legalization of drugs is a pretty good idea.""}","[7, 10, 15, 3, 13, 0, 4, 8, 17, 1, 6]","[{'pst': (0, 0), 'tst': 0}, {'pst': (2, 10), 'tst': 0}, {'pst': (2, 3), 'tst': 0}, {'pst': (0, 13), 'tst': 0}, {'pst': (0, 6), 'tst': 0}, {'pst': (0, 3), 'tst': 0}, {'pst': (2, 7), 'tst': 0}, {'pst': (1, 15), 'tst': 0}]",0.40731527719935645,5.827780012029466
4,7,"{'type': 'pro', 'text': 'Latin American [\\(Mexican](https://scholar.harvard.edu/vrios/publications/role-drug-related-violence-and-extortion-promoting-mexican-migration)\\) asylum seeking will decrease. So legalization of drugs is a pretty good idea.'}","[12, 5, 14, 2, 8, 4, 17, 6, 7, 3]","[{'pst': (2, 14), 'tst': 0}, {'pst': (2, 7), 'tst': 0}, {'pst': (1, 6), 'tst': 0}, {'pst': (3, 4), 'tst': 0}, {'pst': (0, 12), 'tst': 0}, {'pst': (1, 12), 'tst': 0}, {'pst': (3, 14), 'tst': 0}, {'pst': (0, 5), 'tst': 0}]",0.38333612162481606,4.080848808624246
4,8,"{'type': 'pro', 'text': '""Profit for companies"" is better than ""profit for criminal cartels"", if those are the two choices.'}","[17, 11, 16, 4, 5, 14, 7, 13, 2, 12, 8]","[{'pst': (1, 17), 'tst': 0}, {'pst': (3, 2), 'tst': 0}, {'pst': (2, 2), 'tst': 0}, {'pst': (2, 7), 'tst': 0}, {'pst': (1, 7), 'tst': 0}, {'pst': (3, 7), 'tst': 0}, {'pst': (2, 17), 'tst': 0}, {'pst': (1, 5), 'tst': 0}]",0.5994790907889872,3.4138373141291476
4,9,"{'type': 'pro', 'text': 'Drug legalisation may reduce the price of drugs. This would have positive effects. So all drugs should be legal.'}","[3, 2, 7, 13, 12, 0, 4, 17, 19, 8, 9]","[{'pst': (2, 8), 'tst': 0}, {'pst': (3, 2), 'tst': 0}, {'pst': (2, 4), 'tst': 0}, {'pst': (0, 0), 'tst': 0}, {'pst': (3, 7), 'tst': 0}, {'pst': (1, 17), 'tst': 0}, {'pst': (2, 7), 'tst': 0}, {'pst': (0, 19), 'tst': 0}]",0.5929289703911897,2.8003789815533766
4,10,"{'type': 'con', 'text': ""Some drugs - hypnotics and barbiturates in particular - are used maliciously as date-rape drugs. Control of these drugs may be preventing rapes from occurring. That's why drugs should remain illegal.""}","[15, 5, 14, 8, 0, 6, 2, 10, 1, 7]","[{'pst': (1, 10), 'tst': 0}, {'pst': (0, 0), 'tst': 0}, {'pst': (3, 1), 'tst': 0}, {'pst': (0, 1), 'tst': 0}, {'pst': (0, 10), 'tst': 0}, {'pst': (0, 7), 'tst': 0}, {'pst': (3, 7), 'tst': 0}, {'pst': (1, 7), 'tst': 0}]",0.6059862598600032,2.7632245643553848
4,11,"{'type': 'pro', 'text': 'In [many countries](https://en.wikipedia.org/wiki/Regulation_of_nicotine_marketing), the advertisement of cigarettes and alcohol is not allowed. The same model could be adopted in the regulation of legalized drugs.'}","[0, 14, 10, 15, 6, 12, 8, 3, 5, 16, 11]","[{'pst': (3, 10), 'tst': 0}, {'pst': (0, 0), 'tst': 0}, {'pst': (1, 15), 'tst': 0}, {'pst': (1, 0), 'tst': 0}, {'pst': (0, 3), 'tst': 0}, {'pst': (3, 0), 'tst': 0}, {'pst': (1, 10), 'tst': 0}, {'pst': (1, 3), 'tst': 0}]",0.37881885584026065,3.740688150558979
4,12,"{'type': 'pro', 'text': 'Something being illegal makes the entire area ""tainted."" Talking about how to do something illegal is seen as encouraging said activity, and ""sending the wrong signals.""'}","[13, 0, 11, 19, 9, 6, 3, 15, 7, 10, 12]","[{'pst': (0, 3), 'tst': 0}, {'pst': (0, 12), 'tst': 0}, {'pst': (2, 15), 'tst': 0}, {'pst': (1, 0), 'tst': 0}, {'pst': (3, 6), 'tst': 0}, {'pst': (1, 13), 'tst': 0}, {'pst': (1, 3), 'tst': 0}, {'pst': (2, 12), 'tst': 0}]",0.5014548049845058,3.1917881580009624
4,13,"{'type': 'pro', 'text': ""Dangerous substitute drugs will be contained. That's why legalization of drugs is a pretty good idea.""}","[13, 16, 2, 19, 10, 11, 18, 15, 3, 0]","[{'pst': (0, 16), 'tst': 0}, {'pst': (0, 2), 'tst': 0}, {'pst': (1, 10), 'tst': 0}, {'pst': (2, 10), 'tst': 0}, {'pst': (0, 10), 'tst': 0}, {'pst': (1, 11), 'tst': 0}, {'pst': (2, 11), 'tst': 0}, {'pst': (0, 3), 'tst': 0}]",0.5838333284796333,3.621093049719165
4,14,"{'type': 'con', 'text': 'Allowing people to become addicted merely so we can understand addiction is socially and medically irresponsible. I believe legalization of drugs is a really bad idea.'}","[10, 12, 0, 14, 9, 16, 18, 11, 3, 13]","[{'pst': (2, 18), 'tst': 0}, {'pst': (0, 12), 'tst': 0}, {'pst': (1, 3), 'tst': 0}, {'pst': (2, 9), 'tst': 0}, {'pst': (3, 0), 'tst': 0}, {'pst': (1, 11), 'tst': 0}, {'pst': (1, 9), 'tst': 0}, {'pst': (3, 11), 'tst': 0}]",0.36854152773627746,3.2729217129732637
4,15,"{'type': 'con', 'text': 'If drugs are legalised, they will not be as expensive as they are now. Estimations of tax revenue based on current prices may be inaccurate. I believe drugs should remain illegal.'}","[14, 1, 0, 16, 4, 15, 17, 8, 10, 7]","[{'pst': (0, 15), 'tst': 0}, {'pst': (2, 0), 'tst': 0}, {'pst': (2, 7), 'tst': 0}, {'pst': (1, 14), 'tst': 0}, {'pst': (1, 7), 'tst': 0}, {'pst': (3, 8), 'tst': 0}, {'pst': (1, 8), 'tst': 0}, {'pst': (2, 17), 'tst': 0}]",0.43565844992288494,4.093514838850776
4,16,"{'type': 'pro', 'text': 'The fact that legalising drugs would not ""end all crime"" does not means that it would not damage criminal organizations. It\'s a step in the right direction to reduce their power.'}","[10, 14, 9, 4, 15, 1, 16, 8, 11, 13]","[{'pst': (0, 16), 'tst': 0}, {'pst': (1, 14), 'tst': 0}, {'pst': (1, 10), 'tst': 0}, {'pst': (2, 14), 'tst': 0}, {'pst': (3, 8), 'tst': 0}, {'pst': (2, 13), 'tst': 0}, {'pst': (3, 1), 'tst': 0}, {'pst': (3, 13), 'tst': 0}]",0.6330760411023023,3.77119765886953
4,17,"{'type': 'pro', 'text': 'Benzodiazepines are [readily available](http://w-bad.org/statistics/) in most countries for common complaints like insomnia, jet lag and performance anxiety, and are actually more effective at increasing the effects of alcohol than barbiturates.'}","[15, 2, 19, 0, 12, 4, 16, 18, 5, 1, 17]","[{'pst': (1, 4), 'tst': 0}, {'pst': (0, 18), 'tst': 0}, {'pst': (1, 16), 'tst': 0}, {'pst': (1, 19), 'tst': 0}, {'pst': (1, 5), 'tst': 0}, {'pst': (2, 1), 'tst': 0}, {'pst': (1, 0), 'tst': 0}, {'pst': (3, 4), 'tst': 0}]",0.5819153504959083,3.3930655085880437
4,18,"{'type': 'pro', 'text': 'It would be more difficult to use to drugs as a mean of coercion if there would be legal ways of obtaining them and no need to hide the use of narcotics as it would no longer be illegal. Prostitutes would not need criminals to gain access to drugs. So legalization of drugs is a pretty good idea.'}","[5, 6, 14, 17, 3, 19, 8, 4, 1, 18]","[{'pst': (1, 18), 'tst': 0}, {'pst': (2, 8), 'tst': 0}, {'pst': (2, 5), 'tst': 0}, {'pst': (2, 19), 'tst': 0}, {'pst': (0, 3), 'tst': 0}, {'pst': (3, 1), 'tst': 0}, {'pst': (3, 18), 'tst': 0}, {'pst': (1, 6), 'tst': 0}]",0.6630847695009712,2.951445247960109
4,19,"{'type': 'pro', 'text': ""It doesn't mean that we should endanger people and harm them in order for them to not feel safe. So all drugs should be legal.""}","[2, 13, 18, 10, 0, 15, 11, 14, 9, 5, 19]","[{'pst': (0, 9), 'tst': 0}, {'pst': (1, 14), 'tst': 0}, {'pst': (3, 10), 'tst': 0}, {'pst': (1, 9), 'tst': 0}, {'pst': (3, 5), 'tst': 0}, {'pst': (3, 14), 'tst': 0}, {'pst': (1, 19), 'tst': 0}, {'pst': (0, 2), 'tst': 0}]",0.6829811393738598,5.641635686793928
5,0,,"[0, 1, 2, 3, 4, 5, 6, 7, 8, 9, 10, 11, 12, 13, 14, 15, 16, 17, 18, 19]","[{'pst': (0, 19), 'tst': 1}, {'pst': (2, 19), 'tst': 1}, {'pst': (3, 3), 'tst': 1}, {'pst': (0, 17), 'tst': 1}, {'pst': (2, 12), 'tst': 1}, {'pst': (1, 2), 'tst': 1}, {'pst': (3, 16), 'tst': 1}, {'pst': (4, 0), 'tst': 0}]",0.7560840572043548,4.731088452739527
5,1,,"[0, 1, 2, 3, 4, 5, 6, 7, 8, 9, 10, 11, 12, 13, 14, 15, 16, 17, 18, 19]","[{'pst': (0, 11), 'tst': 1}, {'pst': (1, 14), 'tst': 1}, {'pst': (1, 11), 'tst': 1}, {'pst': (0, 8), 'tst': 1}, {'pst': (2, 17), 'tst': 1}, {'pst': (2, 8), 'tst': 1}, {'pst': (2, 7), 'tst': 1}, {'pst': (4, 1), 'tst': 0}]",0.5693153379477234,2.9812977069435647
5,2,,"[0, 1, 2, 3, 4, 5, 6, 7, 8, 9, 10, 11, 12, 13, 14, 15, 16, 17, 18, 19]","[{'pst': (3, 12), 'tst': 1}, {'pst': (0, 9), 'tst': 1}, {'pst': (2, 12), 'tst': 1}, {'pst': (0, 11), 'tst': 1}, {'pst': (3, 19), 'tst': 1}, {'pst': (2, 18), 'tst': 1}, {'pst': (0, 18), 'tst': 1}, {'pst': (4, 2), 'tst': 0}]",0.5193152162203652,4.656966232973785
5,3,,"[0, 1, 2, 3, 4, 5, 6, 7, 8, 9, 10, 11, 12, 13, 14, 15, 16, 17, 18, 19]","[{'pst': (2, 9), 'tst': 1}, {'pst': (2, 6), 'tst': 1}, {'pst': (1, 2), 'tst': 1}, {'pst': (2, 4), 'tst': 1}, {'pst': (0, 19), 'tst': 1}, {'pst': (0, 3), 'tst': 1}, {'pst': (0, 9), 'tst': 1}, {'pst': (4, 3), 'tst': 0}]",0.5829480449773993,6.938624148159734
5,4,,"[0, 1, 2, 3, 4, 5, 6, 7, 8, 9, 10, 11, 12, 13, 14, 15, 16, 17, 18, 19]","[{'pst': (1, 17), 'tst': 1}, {'pst': (2, 9), 'tst': 1}, {'pst': (1, 10), 'tst': 1}, {'pst': (2, 19), 'tst': 1}, {'pst': (1, 8), 'tst': 1}, {'pst': (1, 0), 'tst': 1}, {'pst': (3, 16), 'tst': 1}, {'pst': (4, 4), 'tst': 0}]",0.6814838042668369,4.0486120377932355
5,5,,"[0, 1, 2, 3, 4, 5, 6, 7, 8, 9, 10, 11, 12, 13, 14, 15, 16, 17, 18, 19]","[{'pst': (0, 16), 'tst': 1}, {'pst': (3, 1), 'tst': 1}, {'pst': (1, 3), 'tst': 1}, {'pst': (2, 16), 'tst': 1}, {'pst': (1, 4), 'tst': 1}, {'pst': (3, 4), 'tst': 1}, {'pst': (1, 12), 'tst': 1}, {'pst': (4, 5), 'tst': 0}]",0.7181327922996991,5.1951367225469465
5,6,,"[0, 1, 2, 3, 4, 5, 6, 7, 8, 9, 10, 11, 12, 13, 14, 15, 16, 17, 18, 19]","[{'pst': (0, 0), 'tst': 1}, {'pst': (2, 10), 'tst': 1}, {'pst': (2, 3), 'tst': 1}, {'pst': (0, 13), 'tst': 1}, {'pst': (0, 6), 'tst': 1}, {'pst': (0, 3), 'tst': 1}, {'pst': (2, 7), 'tst': 1}, {'pst': (4, 6), 'tst': 0}]",0.4893790467123746,3.7836535322356886
5,7,,"[0, 1, 2, 3, 4, 5, 6, 7, 8, 9, 10, 11, 12, 13, 14, 15, 16, 17, 18, 19]","[{'pst': (2, 14), 'tst': 1}, {'pst': (2, 7), 'tst': 1}, {'pst': (1, 6), 'tst': 1}, {'pst': (3, 4), 'tst': 1}, {'pst': (0, 12), 'tst': 1}, {'pst': (1, 12), 'tst': 1}, {'pst': (3, 14), 'tst': 1}, {'pst': (4, 7), 'tst': 0}]",0.43360742041442973,3.1055092921307637
5,8,,"[0, 1, 2, 3, 4, 5, 6, 7, 8, 9, 10, 11, 12, 13, 14, 15, 16, 17, 18, 19]","[{'pst': (1, 17), 'tst': 1}, {'pst': (3, 2), 'tst': 1}, {'pst': (2, 2), 'tst': 1}, {'pst': (2, 7), 'tst': 1}, {'pst': (1, 7), 'tst': 1}, {'pst': (3, 7), 'tst': 1}, {'pst': (2, 17), 'tst': 1}, {'pst': (4, 8), 'tst': 0}]",0.648912746054383,2.780400882951632
5,9,,"[0, 1, 2, 3, 4, 5, 6, 7, 8, 9, 10, 11, 12, 13, 14, 15, 16, 17, 18, 19]","[{'pst': (2, 8), 'tst': 1}, {'pst': (3, 2), 'tst': 1}, {'pst': (2, 4), 'tst': 1}, {'pst': (0, 0), 'tst': 1}, {'pst': (3, 7), 'tst': 1}, {'pst': (1, 17), 'tst': 1}, {'pst': (2, 7), 'tst': 1}, {'pst': (4, 9), 'tst': 0}]",0.6437947901175031,2.9329039776004695
5,10,,"[0, 1, 2, 3, 4, 5, 6, 7, 8, 9, 10, 11, 12, 13, 14, 15, 16, 17, 18, 19]","[{'pst': (1, 10), 'tst': 1}, {'pst': (0, 0), 'tst': 1}, {'pst': (3, 1), 'tst': 1}, {'pst': (0, 1), 'tst': 1}, {'pst': (0, 10), 'tst': 1}, {'pst': (0, 7), 'tst': 1}, {'pst': (3, 7), 'tst': 1}, {'pst': (4, 10), 'tst': 0}]",0.5297417131793006,2.610597514204828
5,11,,"[0, 1, 2, 3, 4, 5, 6, 7, 8, 9, 10, 11, 12, 13, 14, 15, 16, 17, 18, 19]","[{'pst': (3, 10), 'tst': 1}, {'pst': (0, 0), 'tst': 1}, {'pst': (1, 15), 'tst': 1}, {'pst': (1, 0), 'tst': 1}, {'pst': (0, 3), 'tst': 1}, {'pst': (3, 0), 'tst': 1}, {'pst': (1, 10), 'tst': 1}, {'pst': (4, 11), 'tst': 0}]",0.3772560397829308,3.7416439524964584
5,12,,"[0, 1, 2, 3, 4, 5, 6, 7, 8, 9, 10, 11, 12, 13, 14, 15, 16, 17, 18, 19]","[{'pst': (0, 3), 'tst': 1}, {'pst': (0, 12), 'tst': 1}, {'pst': (2, 15), 'tst': 1}, {'pst': (1, 0), 'tst': 1}, {'pst': (3, 6), 'tst': 1}, {'pst': (1, 13), 'tst': 1}, {'pst': (1, 3), 'tst': 1}, {'pst': (4, 12), 'tst': 0}]",0.4869974673709889,3.4790057682705
5,13,"{'text': ""The government could generate more income by simply taking everyone's money by force - that doesn't make it a good choice.""}","[0, 1, 2, 3, 4, 5, 6, 7, 8, 9, 10, 11, 12, 13, 14, 15, 16, 17, 18, 19]","[{'pst': (0, 16), 'tst': 1}, {'pst': (0, 2), 'tst': 1}, {'pst': (1, 10), 'tst': 1}, {'pst': (2, 10), 'tst': 1}, {'pst': (0, 10), 'tst': 1}, {'pst': (1, 11), 'tst': 1}, {'pst': (2, 11), 'tst': 1}, {'pst': (4, 13), 'tst': 0}]",0.6763218275677865,4.23153021987789
5,14,,"[0, 1, 2, 3, 4, 5, 6, 7, 8, 9, 10, 11, 12, 13, 14, 15, 16, 17, 18, 19]","[{'pst': (2, 18), 'tst': 1}, {'pst': (0, 12), 'tst': 1}, {'pst': (1, 3), 'tst': 1}, {'pst': (2, 9), 'tst': 1}, {'pst': (3, 0), 'tst': 1}, {'pst': (1, 11), 'tst': 1}, {'pst': (1, 9), 'tst': 1}, {'pst': (4, 14), 'tst': 0}]",0.37465068316507116,3.639587973323698
5,15,,"[0, 1, 2, 3, 4, 5, 6, 7, 8, 9, 10, 11, 12, 13, 14, 15, 16, 17, 18, 19]","[{'pst': (0, 15), 'tst': 1}, {'pst': (2, 0), 'tst': 1}, {'pst': (2, 7), 'tst': 1}, {'pst': (1, 14), 'tst': 1}, {'pst': (1, 7), 'tst': 1}, {'pst': (3, 8), 'tst': 1}, {'pst': (1, 8), 'tst': 1}, {'pst': (4, 15), 'tst': 0}]",0.34298089204779897,4.38319238273348
5,16,,"[0, 1, 2, 3, 4, 5, 6, 7, 8, 9, 10, 11, 12, 13, 14, 15, 16, 17, 18, 19]","[{'pst': (0, 16), 'tst': 1}, {'pst': (1, 14), 'tst': 1}, {'pst': (1, 10), 'tst': 1}, {'pst': (2, 14), 'tst': 1}, {'pst': (3, 8), 'tst': 1}, {'pst': (2, 13), 'tst': 1}, {'pst': (3, 1), 'tst': 1}, {'pst': (4, 16), 'tst': 0}]",0.6531160483224316,4.753588800065602
5,17,,"[0, 1, 2, 3, 4, 5, 6, 7, 8, 9, 10, 11, 12, 13, 14, 15, 16, 17, 18, 19]","[{'pst': (1, 4), 'tst': 1}, {'pst': (0, 18), 'tst': 1}, {'pst': (1, 16), 'tst': 1}, {'pst': (1, 19), 'tst': 1}, {'pst': (1, 5), 'tst': 1}, {'pst': (2, 1), 'tst': 1}, {'pst': (1, 0), 'tst': 1}, {'pst': (4, 17), 'tst': 0}]",0.5626681206402792,3.2984620319498164
5,18,,"[0, 1, 2, 3, 4, 5, 6, 7, 8, 9, 10, 11, 12, 13, 14, 15, 16, 17, 18, 19]","[{'pst': (1, 18), 'tst': 1}, {'pst': (2, 8), 'tst': 1}, {'pst': (2, 5), 'tst': 1}, {'pst': (2, 19), 'tst': 1}, {'pst': (0, 3), 'tst': 1}, {'pst': (3, 1), 'tst': 1}, {'pst': (3, 18), 'tst': 1}, {'pst': (4, 18), 'tst': 0}]",0.6930936968918291,3.043326987335485
5,19,,"[0, 1, 2, 3, 4, 5, 6, 7, 8, 9, 10, 11, 12, 13, 14, 15, 16, 17, 18, 19]","[{'pst': (0, 9), 'tst': 1}, {'pst': (1, 14), 'tst': 1}, {'pst': (3, 10), 'tst': 1}, {'pst': (1, 9), 'tst': 1}, {'pst': (3, 5), 'tst': 1}, {'pst': (3, 14), 'tst': 1}, {'pst': (1, 19), 'tst': 1}, {'pst': (4, 19), 'tst': 0}]",0.7454328320649072,4.836197230600906
6,0,{'text': 'Legalization of drugs is a really bad idea.'},"[0, 1, 2, 3, 4, 5, 6, 7, 8, 9, 10, 11, 12, 13, 14, 15, 16, 17, 18, 19]","[{'pst': (0, 19), 'tst': 2}, {'pst': (2, 19), 'tst': 2}, {'pst': (2, 12), 'tst': 2}, {'pst': (1, 2), 'tst': 2}, {'pst': (3, 16), 'tst': 2}, {'pst': (4, 0), 'tst': 1}, {'pst': (4, 6), 'tst': 0}, {'pst': (1, 7), 'tst': 0}]",0.7432138330570578,4.521445299900047
6,1,,"[0, 1, 2, 3, 4, 5, 6, 7, 8, 9, 10, 11, 12, 13, 14, 15, 16, 17, 18, 19]","[{'pst': (0, 11), 'tst': 2}, {'pst': (1, 14), 'tst': 2}, {'pst': (0, 8), 'tst': 2}, {'pst': (2, 17), 'tst': 2}, {'pst': (2, 8), 'tst': 2}, {'pst': (4, 1), 'tst': 1}, {'pst': (3, 0), 'tst': 0}]",0.5825427950723108,2.8918537079553595
6,2,,"[0, 1, 2, 3, 4, 5, 6, 7, 8, 9, 10, 11, 12, 13, 14, 15, 16, 17, 18, 19]","[{'pst': (0, 9), 'tst': 2}, {'pst': (0, 11), 'tst': 2}, {'pst': (3, 19), 'tst': 2}, {'pst': (2, 18), 'tst': 2}, {'pst': (0, 18), 'tst': 2}, {'pst': (4, 2), 'tst': 1}, {'pst': (1, 0), 'tst': 0}, {'pst': (4, 4), 'tst': 0}]",0.5887449002521582,4.116813050578028
6,3,,"[0, 1, 2, 3, 4, 5, 6, 7, 8, 9, 10, 11, 12, 13, 14, 15, 16, 17, 18, 19]","[{'pst': (2, 9), 'tst': 2}, {'pst': (1, 2), 'tst': 2}, {'pst': (2, 4), 'tst': 2}, {'pst': (0, 19), 'tst': 2}, {'pst': (0, 3), 'tst': 2}, {'pst': (4, 3), 'tst': 1}, {'pst': (3, 8), 'tst': 0}, {'pst': (4, 6), 'tst': 0}]",0.5802335468833851,6.306482472470526
6,4,,"[0, 1, 2, 3, 4, 5, 6, 7, 8, 9, 10, 11, 12, 13, 14, 15, 16, 17, 18, 19]","[{'pst': (1, 17), 'tst': 2}, {'pst': (2, 9), 'tst': 2}, {'pst': (1, 10), 'tst': 2}, {'pst': (2, 19), 'tst': 2}, {'pst': (1, 0), 'tst': 2}, {'pst': (3, 16), 'tst': 2}, {'pst': (4, 4), 'tst': 1}, {'pst': (3, 10), 'tst': 0}]",0.6578228696948402,3.8407425957442207
6,5,,"[0, 1, 2, 3, 4, 5, 6, 7, 8, 9, 10, 11, 12, 13, 14, 15, 16, 17, 18, 19]","[{'pst': (0, 16), 'tst': 2}, {'pst': (1, 3), 'tst': 2}, {'pst': (1, 4), 'tst': 2}, {'pst': (3, 4), 'tst': 2}, {'pst': (1, 12), 'tst': 2}, {'pst': (4, 5), 'tst': 1}, {'pst': (1, 15), 'tst': 0}, {'pst': (0, 1), 'tst': 0}]",0.6659281364385913,6.117988311740139
6,6,,"[0, 1, 2, 3, 4, 5, 6, 7, 8, 9, 10, 11, 12, 13, 14, 15, 16, 17, 18, 19]","[{'pst': (0, 0), 'tst': 2}, {'pst': (2, 10), 'tst': 2}, {'pst': (0, 6), 'tst': 2}, {'pst': (0, 3), 'tst': 2}, {'pst': (2, 7), 'tst': 2}, {'pst': (4, 6), 'tst': 1}, {'pst': (1, 10), 'tst': 0}, {'pst': (3, 19), 'tst': 0}]",0.3757092284490105,3.4474465386462616
6,7,,"[0, 1, 2, 3, 4, 5, 6, 7, 8, 9, 10, 11, 12, 13, 14, 15, 16, 17, 18, 19]","[{'pst': (2, 14), 'tst': 2}, {'pst': (2, 7), 'tst': 2}, {'pst': (1, 6), 'tst': 2}, {'pst': (0, 12), 'tst': 2}, {'pst': (1, 12), 'tst': 2}, {'pst': (3, 14), 'tst': 2}, {'pst': (4, 7), 'tst': 1}, {'pst': (4, 13), 'tst': 0}]",0.41864232179133637,3.3083394887000743
6,8,,"[0, 1, 2, 3, 4, 5, 6, 7, 8, 9, 10, 11, 12, 13, 14, 15, 16, 17, 18, 19]","[{'pst': (3, 2), 'tst': 2}, {'pst': (2, 2), 'tst': 2}, {'pst': (2, 7), 'tst': 2}, {'pst': (1, 7), 'tst': 2}, {'pst': (3, 7), 'tst': 2}, {'pst': (2, 17), 'tst': 2}, {'pst': (4, 8), 'tst': 1}, {'pst': (4, 4), 'tst': 0}]",0.6752917361969747,3.320517344312746
6,9,,"[0, 1, 2, 3, 4, 5, 6, 7, 8, 9, 10, 11, 12, 13, 14, 15, 16, 17, 18, 19]","[{'pst': (2, 8), 'tst': 2}, {'pst': (3, 2), 'tst': 2}, {'pst': (0, 0), 'tst': 2}, {'pst': (3, 7), 'tst': 2}, {'pst': (1, 17), 'tst': 2}, {'pst': (4, 9), 'tst': 1}, {'pst': (4, 10), 'tst': 0}, {'pst': (4, 4), 'tst': 0}]",0.6577930818465354,3.204238907177708
6,10,"{'text': ""I don't think it's a good idea to legalize drugs.""}","[0, 1, 2, 3, 4, 5, 6, 7, 8, 9, 10, 11, 12, 13, 14, 15, 16, 17, 18, 19]","[{'pst': (1, 10), 'tst': 2}, {'pst': (0, 0), 'tst': 2}, {'pst': (3, 1), 'tst': 2}, {'pst': (0, 1), 'tst': 2}, {'pst': (0, 7), 'tst': 2}, {'pst': (4, 10), 'tst': 1}, {'pst': (3, 6), 'tst': 0}, {'pst': (2, 4), 'tst': 0}]",0.38253608922778437,3.6734781473065112
6,11,,"[0, 1, 2, 3, 4, 5, 6, 7, 8, 9, 10, 11, 12, 13, 14, 15, 16, 17, 18, 19]","[{'pst': (3, 10), 'tst': 2}, {'pst': (0, 0), 'tst': 2}, {'pst': (1, 15), 'tst': 2}, {'pst': (1, 0), 'tst': 2}, {'pst': (0, 3), 'tst': 2}, {'pst': (1, 10), 'tst': 2}, {'pst': (4, 11), 'tst': 1}, {'pst': (2, 12), 'tst': 0}]",0.4616765831683678,3.3376993482184285
6,12,,"[0, 1, 2, 3, 4, 5, 6, 7, 8, 9, 10, 11, 12, 13, 14, 15, 16, 17, 18, 19]","[{'pst': (0, 3), 'tst': 2}, {'pst': (2, 15), 'tst': 2}, {'pst': (3, 6), 'tst': 2}, {'pst': (1, 13), 'tst': 2}, {'pst': (1, 3), 'tst': 2}, {'pst': (4, 12), 'tst': 1}, {'pst': (4, 8), 'tst': 0}, {'pst': (0, 13), 'tst': 0}]",0.5836663576410264,4.85856256925393
6,13,,"[0, 1, 2, 3, 4, 5, 6, 7, 8, 9, 10, 11, 12, 13, 14, 15, 16, 17, 18, 19]","[{'pst': (0, 16), 'tst': 2}, {'pst': (1, 10), 'tst': 2}, {'pst': (0, 10), 'tst': 2}, {'pst': (1, 11), 'tst': 2}, {'pst': (2, 11), 'tst': 2}, {'pst': (4, 13), 'tst': 1}, {'pst': (5, 13), 'tst': 0}, {'pst': (4, 1), 'tst': 0}]",0.696917138575274,4.7851996128273715
6,14,,"[0, 1, 2, 3, 4, 5, 6, 7, 8, 9, 10, 11, 12, 13, 14, 15, 16, 17, 18, 19]","[{'pst': (2, 18), 'tst': 2}, {'pst': (0, 12), 'tst': 2}, {'pst': (1, 3), 'tst': 2}, {'pst': (2, 9), 'tst': 2}, {'pst': (3, 0), 'tst': 2}, {'pst': (1, 11), 'tst': 2}, {'pst': (4, 14), 'tst': 1}, {'pst': (0, 9), 'tst': 0}]",0.3608547374007394,4.080834576183277
6,15,,"[0, 1, 2, 3, 4, 5, 6, 7, 8, 9, 10, 11, 12, 13, 14, 15, 16, 17, 18, 19]","[{'pst': (0, 15), 'tst': 2}, {'pst': (2, 0), 'tst': 2}, {'pst': (2, 7), 'tst': 2}, {'pst': (1, 14), 'tst': 2}, {'pst': (3, 8), 'tst': 2}, {'pst': (4, 15), 'tst': 1}, {'pst': (0, 19), 'tst': 0}, {'pst': (4, 13), 'tst': 0}]",0.35844526573271485,3.755669748985401
6,16,,"[0, 1, 2, 3, 4, 5, 6, 7, 8, 9, 10, 11, 12, 13, 14, 15, 16, 17, 18, 19]","[{'pst': (0, 16), 'tst': 2}, {'pst': (1, 14), 'tst': 2}, {'pst': (1, 10), 'tst': 2}, {'pst': (3, 8), 'tst': 2}, {'pst': (3, 1), 'tst': 2}, {'pst': (4, 16), 'tst': 1}, {'pst': (1, 12), 'tst': 0}, {'pst': (2, 11), 'tst': 0}]",0.6445848372794983,4.151342070500547
6,17,,"[0, 1, 2, 3, 4, 5, 6, 7, 8, 9, 10, 11, 12, 13, 14, 15, 16, 17, 18, 19]","[{'pst': (0, 18), 'tst': 2}, {'pst': (1, 16), 'tst': 2}, {'pst': (1, 5), 'tst': 2}, {'pst': (2, 1), 'tst': 2}, {'pst': (1, 0), 'tst': 2}, {'pst': (4, 17), 'tst': 1}, {'pst': (3, 16), 'tst': 0}, {'pst': (4, 7), 'tst': 0}]",0.5251171376727273,2.7868732343154115
6,18,,"[0, 1, 2, 3, 4, 5, 6, 7, 8, 9, 10, 11, 12, 13, 14, 15, 16, 17, 18, 19]","[{'pst': (2, 5), 'tst': 2}, {'pst': (2, 19), 'tst': 2}, {'pst': (0, 3), 'tst': 2}, {'pst': (3, 1), 'tst': 2}, {'pst': (3, 18), 'tst': 2}, {'pst': (4, 18), 'tst': 1}, {'pst': (3, 12), 'tst': 0}, {'pst': (0, 16), 'tst': 0}]",0.7999734462513858,4.543272591517541
6,19,,"[0, 1, 2, 3, 4, 5, 6, 7, 8, 9, 10, 11, 12, 13, 14, 15, 16, 17, 18, 19]","[{'pst': (1, 14), 'tst': 2}, {'pst': (3, 10), 'tst': 2}, {'pst': (3, 5), 'tst': 2}, {'pst': (3, 14), 'tst': 2}, {'pst': (1, 19), 'tst': 2}, {'pst': (4, 19), 'tst': 1}, {'pst': (3, 7), 'tst': 0}, {'pst': (1, 13), 'tst': 0}]",0.7141982991159785,5.281468644211936
7,0,,"[0, 1, 2, 3, 4, 5, 6, 7, 8, 9, 10, 11, 12, 13, 14, 15, 16, 17, 18, 19]","[{'pst': (0, 19), 'tst': 3}, {'pst': (2, 12), 'tst': 3}, {'pst': (3, 16), 'tst': 3}, {'pst': (4, 0), 'tst': 2}, {'pst': (4, 6), 'tst': 1}, {'pst': (1, 7), 'tst': 1}, {'pst': (6, 0), 'tst': 0}, {'pst': (0, 7), 'tst': 0}]",0.675881437715653,4.30963984277011
7,1,,"[0, 1, 2, 3, 4, 5, 6, 7, 8, 9, 10, 11, 12, 13, 14, 15, 16, 17, 18, 19]","[{'pst': (0, 11), 'tst': 3}, {'pst': (1, 14), 'tst': 3}, {'pst': (0, 8), 'tst': 3}, {'pst': (4, 1), 'tst': 2}, {'pst': (3, 0), 'tst': 1}, {'pst': (3, 7), 'tst': 0}, {'pst': (4, 4), 'tst': 0}, {'pst': (1, 10), 'tst': 0}]",0.5421485888960688,2.95444153049489
7,2,,"[0, 1, 2, 3, 4, 5, 6, 7, 8, 9, 10, 11, 12, 13, 14, 15, 16, 17, 18, 19]","[{'pst': (0, 9), 'tst': 3}, {'pst': (0, 11), 'tst': 3}, {'pst': (0, 18), 'tst': 3}, {'pst': (4, 2), 'tst': 2}, {'pst': (1, 0), 'tst': 1}, {'pst': (4, 4), 'tst': 1}]",0.6968927405591556,5.362643073601607
7,3,,"[0, 1, 2, 3, 4, 5, 6, 7, 8, 9, 10, 11, 12, 13, 14, 15, 16, 17, 18, 19]","[{'pst': (2, 9), 'tst': 3}, {'pst': (1, 2), 'tst': 3}, {'pst': (0, 19), 'tst': 3}, {'pst': (4, 3), 'tst': 2}, {'pst': (3, 8), 'tst': 1}, {'pst': (4, 6), 'tst': 1}, {'pst': (0, 1), 'tst': 0}, {'pst': (3, 16), 'tst': 0}]",0.5727769918100517,5.034819675692074
7,4,,"[0, 1, 2, 3, 4, 5, 6, 7, 8, 9, 10, 11, 12, 13, 14, 15, 16, 17, 18, 19]","[{'pst': (1, 17), 'tst': 3}, {'pst': (2, 9), 'tst': 3}, {'pst': (1, 10), 'tst': 3}, {'pst': (2, 19), 'tst': 3}, {'pst': (1, 0), 'tst': 3}, {'pst': (3, 16), 'tst': 3}, {'pst': (3, 10), 'tst': 1}, {'pst': (4, 4), 'tst': 0}]",0.6709070672202699,4.034569344791344
7,5,,"[0, 1, 2, 3, 4, 5, 6, 7, 8, 9, 10, 11, 12, 13, 14, 15, 16, 17, 18, 19]","[{'pst': (0, 16), 'tst': 3}, {'pst': (1, 4), 'tst': 3}, {'pst': (3, 4), 'tst': 3}, {'pst': (4, 5), 'tst': 2}, {'pst': (1, 15), 'tst': 1}, {'pst': (0, 1), 'tst': 1}, {'pst': (1, 0), 'tst': 0}, {'pst': (1, 13), 'tst': 0}]",0.7188353058763695,6.22259557416128
7,6,,"[0, 1, 2, 3, 4, 5, 6, 7, 8, 9, 10, 11, 12, 13, 14, 15, 16, 17, 18, 19]","[{'pst': (0, 0), 'tst': 3}, {'pst': (2, 10), 'tst': 3}, {'pst': (2, 7), 'tst': 3}, {'pst': (4, 6), 'tst': 2}, {'pst': (1, 10), 'tst': 1}, {'pst': (3, 19), 'tst': 1}, {'pst': (0, 16), 'tst': 0}, {'pst': (2, 2), 'tst': 0}]",0.4688430508876052,2.6244888155182697
7,7,"{'text': ""If you're going to legalize drugs, you might as well legalize all drugs, not just marijuana.""}","[0, 1, 2, 3, 4, 5, 6, 7, 8, 9, 10, 11, 12, 13, 14, 15, 16, 17, 18, 19]","[{'pst': (2, 14), 'tst': 3}, {'pst': (0, 12), 'tst': 3}, {'pst': (1, 12), 'tst': 3}, {'pst': (3, 14), 'tst': 3}, {'pst': (4, 7), 'tst': 2}, {'pst': (4, 13), 'tst': 1}, {'pst': (0, 15), 'tst': 0}, {'pst': (4, 3), 'tst': 0}]",0.4915232987125556,3.6158400992332376
7,8,,"[0, 1, 2, 3, 4, 5, 6, 7, 8, 9, 10, 11, 12, 13, 14, 15, 16, 17, 18, 19]","[{'pst': (2, 7), 'tst': 3}, {'pst': (1, 7), 'tst': 3}, {'pst': (3, 7), 'tst': 3}, {'pst': (2, 17), 'tst': 3}, {'pst': (4, 8), 'tst': 2}, {'pst': (4, 4), 'tst': 1}, {'pst': (1, 6), 'tst': 0}, {'pst': (3, 2), 'tst': 0}]",0.6535550765996554,3.216286400469885
7,9,,"[0, 1, 2, 3, 4, 5, 6, 7, 8, 9, 10, 11, 12, 13, 14, 15, 16, 17, 18, 19]","[{'pst': (2, 8), 'tst': 3}, {'pst': (3, 2), 'tst': 3}, {'pst': (1, 17), 'tst': 3}, {'pst': (4, 9), 'tst': 2}, {'pst': (4, 10), 'tst': 1}, {'pst': (4, 4), 'tst': 1}, {'pst': (2, 4), 'tst': 0}, {'pst': (2, 5), 'tst': 0}]",0.714224158159741,3.2303417009607083
7,10,,"[0, 1, 2, 3, 4, 5, 6, 7, 8, 9, 10, 11, 12, 13, 14, 15, 16, 17, 18, 19]","[{'pst': (1, 10), 'tst': 3}, {'pst': (3, 1), 'tst': 3}, {'pst': (0, 1), 'tst': 3}, {'pst': (4, 10), 'tst': 2}, {'pst': (3, 6), 'tst': 1}, {'pst': (2, 4), 'tst': 1}, {'pst': (6, 10), 'tst': 0}, {'pst': (4, 15), 'tst': 0}]",0.32458039982988784,4.228650919113598
7,11,"{'text': ""I don't think it's a good idea to legalize drugs, but I don't think it's a bad idea to decriminalize them either.""}","[0, 1, 2, 3, 4, 5, 6, 7, 8, 9, 10, 11, 12, 13, 14, 15, 16, 17, 18, 19]","[{'pst': (3, 10), 'tst': 3}, {'pst': (1, 0), 'tst': 3}, {'pst': (0, 3), 'tst': 3}, {'pst': (1, 10), 'tst': 3}, {'pst': (4, 11), 'tst': 2}, {'pst': (2, 12), 'tst': 1}, {'pst': (1, 7), 'tst': 0}, {'pst': (3, 18), 'tst': 0}]",0.6137288003062126,4.312339030587009
7,12,"{'text': ""If you're going to legalize drugs, why not legalize prostitution?""}","[0, 1, 2, 3, 4, 5, 6, 7, 8, 9, 10, 11, 12, 13, 14, 15, 16, 17, 18, 19]","[{'pst': (2, 15), 'tst': 3}, {'pst': (3, 6), 'tst': 3}, {'pst': (1, 3), 'tst': 3}, {'pst': (4, 12), 'tst': 2}, {'pst': (4, 8), 'tst': 1}, {'pst': (0, 13), 'tst': 1}, {'pst': (0, 6), 'tst': 0}, {'pst': (0, 7), 'tst': 0}]",0.5468108992567443,5.611961881441954
7,13,{'text': 'I think legalization of drugs is a pretty good idea.'},"[0, 1, 2, 3, 4, 5, 6, 7, 8, 9, 10, 11, 12, 13, 14, 15, 16, 17, 18, 19]","[{'pst': (1, 10), 'tst': 3}, {'pst': (0, 10), 'tst': 3}, {'pst': (2, 11), 'tst': 3}, {'pst': (4, 13), 'tst': 2}, {'pst': (5, 13), 'tst': 1}, {'pst': (4, 1), 'tst': 1}, {'pst': (3, 18), 'tst': 0}, {'pst': (0, 13), 'tst': 0}]",0.714555252762507,4.141852130545355
7,14,"{'text': 'If drugs are legalised, they will not be as expensive as they are now. Estimations of tax revenue based on current prices may be inaccurate. I believe drugs should remain illegal.'}","[0, 1, 2, 3, 4, 5, 6, 7, 8, 9, 10, 11, 12, 13, 14, 15, 16, 17, 18, 19]","[{'pst': (2, 18), 'tst': 3}, {'pst': (1, 3), 'tst': 3}, {'pst': (3, 0), 'tst': 3}, {'pst': (1, 11), 'tst': 3}, {'pst': (4, 14), 'tst': 2}, {'pst': (0, 9), 'tst': 1}, {'pst': (1, 2), 'tst': 0}, {'pst': (4, 15), 'tst': 0}]",0.32066837428986156,4.490933318421521
7,15,,"[0, 1, 2, 3, 4, 5, 6, 7, 8, 9, 10, 11, 12, 13, 14, 15, 16, 17, 18, 19]","[{'pst': (0, 15), 'tst': 3}, {'pst': (1, 14), 'tst': 3}, {'pst': (3, 8), 'tst': 3}, {'pst': (4, 15), 'tst': 2}, {'pst': (0, 19), 'tst': 1}, {'pst': (4, 13), 'tst': 1}, {'pst': (2, 14), 'tst': 0}, {'pst': (0, 6), 'tst': 0}]",0.44234121080786554,4.4273307079052255
7,16,,"[0, 1, 2, 3, 4, 5, 6, 7, 8, 9, 10, 11, 12, 13, 14, 15, 16, 17, 18, 19]","[{'pst': (0, 16), 'tst': 3}, {'pst': (1, 10), 'tst': 3}, {'pst': (3, 8), 'tst': 3}, {'pst': (3, 1), 'tst': 3}, {'pst': (1, 12), 'tst': 1}, {'pst': (2, 11), 'tst': 1}, {'pst': (3, 6), 'tst': 0}, {'pst': (1, 13), 'tst': 0}]",0.752695602284175,4.354248564453582
7,17,,"[0, 1, 2, 3, 4, 5, 6, 7, 8, 9, 10, 11, 12, 13, 14, 15, 16, 17, 18, 19]","[{'pst': (1, 5), 'tst': 3}, {'pst': (2, 1), 'tst': 3}, {'pst': (1, 0), 'tst': 3}, {'pst': (4, 17), 'tst': 2}, {'pst': (3, 16), 'tst': 1}, {'pst': (4, 7), 'tst': 1}, {'pst': (0, 12), 'tst': 0}]",0.4312767887139176,2.9540710711525753
7,18,,"[0, 1, 2, 3, 4, 5, 6, 7, 8, 9, 10, 11, 12, 13, 14, 15, 16, 17, 18, 19]","[{'pst': (2, 5), 'tst': 3}, {'pst': (0, 3), 'tst': 3}, {'pst': (3, 1), 'tst': 3}, {'pst': (4, 18), 'tst': 2}, {'pst': (3, 12), 'tst': 1}, {'pst': (0, 16), 'tst': 1}, {'pst': (4, 13), 'tst': 0}, {'pst': (0, 18), 'tst': 0}]",0.755865182980713,5.12133340480562
7,19,,"[0, 1, 2, 3, 4, 5, 6, 7, 8, 9, 10, 11, 12, 13, 14, 15, 16, 17, 18, 19]","[{'pst': (1, 14), 'tst': 3}, {'pst': (3, 10), 'tst': 3}, {'pst': (3, 14), 'tst': 3}, {'pst': (1, 19), 'tst': 3}, {'pst': (3, 7), 'tst': 1}, {'pst': (1, 13), 'tst': 1}, {'pst': (2, 17), 'tst': 0}, {'pst': (0, 8), 'tst': 0}]",0.7798144895162181,5.046513479151452
8,0,,"[0, 1, 2, 3, 4, 5, 6, 7, 8, 9, 10, 11, 12, 13, 14, 15, 16, 17, 18, 19]","[{'pst': (2, 12), 'tst': 4}, {'pst': (3, 16), 'tst': 4}, {'pst': (4, 6), 'tst': 2}, {'pst': (1, 7), 'tst': 2}, {'pst': (6, 0), 'tst': 1}, {'pst': (0, 7), 'tst': 1}, {'pst': (4, 13), 'tst': 0}, {'pst': (3, 6), 'tst': 0}]",0.7161954287114536,4.841062993521197
8,1,{'text': 'Legalisation of all drugs is a bad idea.'},"[0, 1, 2, 3, 4, 5, 6, 7, 8, 9, 10, 11, 12, 13, 14, 15, 16, 17, 18, 19]","[{'pst': (0, 11), 'tst': 4}, {'pst': (1, 14), 'tst': 4}, {'pst': (4, 1), 'tst': 3}, {'pst': (3, 7), 'tst': 1}, {'pst': (4, 4), 'tst': 1}, {'pst': (1, 10), 'tst': 1}, {'pst': (3, 19), 'tst': 0}]",0.47510448067421507,2.9597193766751593
8,2,,"[0, 1, 2, 3, 4, 5, 6, 7, 8, 9, 10, 11, 12, 13, 14, 15, 16, 17, 18, 19]","[{'pst': (0, 9), 'tst': 4}, {'pst': (0, 18), 'tst': 4}, {'pst': (4, 2), 'tst': 3}, {'pst': (4, 4), 'tst': 2}, {'pst': (0, 15), 'tst': 0}, {'pst': (2, 15), 'tst': 0}, {'pst': (1, 6), 'tst': 0}, {'pst': (2, 4), 'tst': 0}]",0.6759220099017633,5.594117369232284
8,3,,"[0, 1, 2, 3, 4, 5, 6, 7, 8, 9, 10, 11, 12, 13, 14, 15, 16, 17, 18, 19]","[{'pst': (1, 2), 'tst': 4}, {'pst': (4, 3), 'tst': 3}, {'pst': (3, 8), 'tst': 2}, {'pst': (4, 6), 'tst': 2}, {'pst': (0, 1), 'tst': 1}, {'pst': (3, 16), 'tst': 1}, {'pst': (1, 19), 'tst': 0}, {'pst': (4, 17), 'tst': 0}]",0.6175756946577595,5.1943765536273
8,4,{'text': 'The fact that drugs are illegal does not mean that they are harmful.'},"[0, 1, 2, 3, 4, 5, 6, 7, 8, 9, 10, 11, 12, 13, 14, 15, 16, 17, 18, 19]","[{'pst': (1, 17), 'tst': 4}, {'pst': (2, 9), 'tst': 4}, {'pst': (2, 19), 'tst': 4}, {'pst': (3, 16), 'tst': 4}, {'pst': (3, 10), 'tst': 2}, {'pst': (4, 4), 'tst': 1}, {'pst': (1, 3), 'tst': 0}, {'pst': (2, 2), 'tst': 0}]",0.6418549278601701,3.774649652123502
8,5,,"[0, 1, 2, 3, 4, 5, 6, 7, 8, 9, 10, 11, 12, 13, 14, 15, 16, 17, 18, 19]","[{'pst': (1, 4), 'tst': 4}, {'pst': (3, 4), 'tst': 4}, {'pst': (4, 5), 'tst': 3}, {'pst': (0, 1), 'tst': 2}, {'pst': (1, 0), 'tst': 1}, {'pst': (1, 13), 'tst': 1}, {'pst': (3, 16), 'tst': 0}, {'pst': (2, 2), 'tst': 0}]",0.6256703453156558,4.427123674227284
8,6,,"[0, 1, 2, 3, 4, 5, 6, 7, 8, 9, 10, 11, 12, 13, 14, 15, 16, 17, 18, 19]","[{'pst': (0, 0), 'tst': 4}, {'pst': (2, 10), 'tst': 4}, {'pst': (2, 7), 'tst': 4}, {'pst': (4, 6), 'tst': 3}, {'pst': (0, 16), 'tst': 1}, {'pst': (2, 2), 'tst': 1}, {'pst': (2, 15), 'tst': 0}, {'pst': (4, 8), 'tst': 0}]",0.5585223533279894,3.586916418799142
8,7,,"[0, 1, 2, 3, 4, 5, 6, 7, 8, 9, 10, 11, 12, 13, 14, 15, 16, 17, 18, 19]","[{'pst': (2, 14), 'tst': 4}, {'pst': (0, 12), 'tst': 4}, {'pst': (3, 14), 'tst': 4}, {'pst': (4, 13), 'tst': 2}, {'pst': (0, 15), 'tst': 1}, {'pst': (4, 3), 'tst': 1}, {'pst': (7, 7), 'tst': 0}, {'pst': (7, 13), 'tst': 0}]",0.5341520839939514,4.048305956057841
8,8,,"[0, 1, 2, 3, 4, 5, 6, 7, 8, 9, 10, 11, 12, 13, 14, 15, 16, 17, 18, 19]","[{'pst': (2, 7), 'tst': 4}, {'pst': (3, 7), 'tst': 4}, {'pst': (2, 17), 'tst': 4}, {'pst': (4, 8), 'tst': 3}, {'pst': (1, 6), 'tst': 1}, {'pst': (3, 2), 'tst': 1}, {'pst': (2, 8), 'tst': 0}, {'pst': (2, 10), 'tst': 0}]",0.6777595821775463,2.9556429173439227
8,9,,"[0, 1, 2, 3, 4, 5, 6, 7, 8, 9, 10, 11, 12, 13, 14, 15, 16, 17, 18, 19]","[{'pst': (2, 8), 'tst': 4}, {'pst': (1, 17), 'tst': 4}, {'pst': (4, 10), 'tst': 2}, {'pst': (4, 4), 'tst': 2}, {'pst': (2, 4), 'tst': 1}, {'pst': (2, 5), 'tst': 1}, {'pst': (2, 9), 'tst': 0}, {'pst': (3, 8), 'tst': 0}]",0.716560156290578,3.9741283234893254
8,10,,"[0, 1, 2, 3, 4, 5, 6, 7, 8, 9, 10, 11, 12, 13, 14, 15, 16, 17, 18, 19]","[{'pst': (1, 10), 'tst': 4}, {'pst': (3, 1), 'tst': 4}, {'pst': (0, 1), 'tst': 4}, {'pst': (2, 4), 'tst': 2}, {'pst': (6, 10), 'tst': 1}, {'pst': (4, 15), 'tst': 1}, {'pst': (4, 13), 'tst': 0}, {'pst': (2, 15), 'tst': 0}]",0.345501182439637,4.774095302459087
8,11,,"[0, 1, 2, 3, 4, 5, 6, 7, 8, 9, 10, 11, 12, 13, 14, 15, 16, 17, 18, 19]","[{'pst': (0, 3), 'tst': 4}, {'pst': (1, 10), 'tst': 4}, {'pst': (4, 11), 'tst': 3}, {'pst': (2, 12), 'tst': 2}, {'pst': (1, 7), 'tst': 1}, {'pst': (3, 18), 'tst': 1}, {'pst': (7, 11), 'tst': 0}]",0.6054496111374924,4.778843769935622
8,12,,"[0, 1, 2, 3, 4, 5, 6, 7, 8, 9, 10, 11, 12, 13, 14, 15, 16, 17, 18, 19]","[{'pst': (1, 3), 'tst': 4}, {'pst': (4, 12), 'tst': 3}, {'pst': (4, 8), 'tst': 2}, {'pst': (0, 13), 'tst': 2}, {'pst': (0, 6), 'tst': 1}, {'pst': (0, 7), 'tst': 1}, {'pst': (7, 12), 'tst': 0}, {'pst': (3, 19), 'tst': 0}]",0.3993527923333509,5.243862829782105
8,13,,"[0, 1, 2, 3, 4, 5, 6, 7, 8, 9, 10, 11, 12, 13, 14, 15, 16, 17, 18, 19]","[{'pst': (0, 10), 'tst': 4}, {'pst': (4, 13), 'tst': 3}, {'pst': (5, 13), 'tst': 2}, {'pst': (4, 1), 'tst': 2}, {'pst': (3, 18), 'tst': 1}, {'pst': (0, 13), 'tst': 1}, {'pst': (7, 13), 'tst': 0}, {'pst': (1, 10), 'tst': 0}]",0.6909382568304271,4.293085550112283
8,14,,"[0, 1, 2, 3, 4, 5, 6, 7, 8, 9, 10, 11, 12, 13, 14, 15, 16, 17, 18, 19]","[{'pst': (2, 18), 'tst': 4}, {'pst': (1, 3), 'tst': 4}, {'pst': (3, 0), 'tst': 4}, {'pst': (4, 14), 'tst': 3}, {'pst': (0, 9), 'tst': 2}, {'pst': (1, 2), 'tst': 1}, {'pst': (4, 15), 'tst': 1}, {'pst': (7, 14), 'tst': 0}]",0.33388810787909023,4.808635455927982
8,15,,"[0, 1, 2, 3, 4, 5, 6, 7, 8, 9, 10, 11, 12, 13, 14, 15, 16, 17, 18, 19]","[{'pst': (0, 15), 'tst': 4}, {'pst': (3, 8), 'tst': 4}, {'pst': (4, 15), 'tst': 3}, {'pst': (0, 19), 'tst': 2}, {'pst': (4, 13), 'tst': 2}, {'pst': (2, 14), 'tst': 1}, {'pst': (0, 6), 'tst': 1}, {'pst': (4, 12), 'tst': 0}]",0.45683537428462656,4.249995263119541
8,16,"{'text': ""If you're going to legalize drugs, why not legalize prostitution?""}","[0, 1, 2, 3, 4, 5, 6, 7, 8, 9, 10, 11, 12, 13, 14, 15, 16, 17, 18, 19]","[{'pst': (1, 10), 'tst': 4}, {'pst': (3, 8), 'tst': 4}, {'pst': (1, 12), 'tst': 2}, {'pst': (2, 11), 'tst': 2}, {'pst': (3, 6), 'tst': 1}, {'pst': (1, 13), 'tst': 1}, {'pst': (7, 12), 'tst': 0}, {'pst': (4, 4), 'tst': 0}]",0.7067874322080444,3.9882332005808614
8,17,,"[0, 1, 2, 3, 4, 5, 6, 7, 8, 9, 10, 11, 12, 13, 14, 15, 16, 17, 18, 19]","[{'pst': (1, 5), 'tst': 4}, {'pst': (1, 0), 'tst': 4}, {'pst': (4, 17), 'tst': 3}, {'pst': (3, 16), 'tst': 2}, {'pst': (0, 12), 'tst': 1}, {'pst': (1, 15), 'tst': 0}, {'pst': (3, 0), 'tst': 0}, {'pst': (1, 12), 'tst': 0}]",0.3419573598245347,3.4710297028631807
8,18,"{'text': ""It's not a given that the low well-being of drug users' families are a result of the drug use. The confounding variable is likely mental health issues.""}","[0, 1, 2, 3, 4, 5, 6, 7, 8, 9, 10, 11, 12, 13, 14, 15, 16, 17, 18, 19]","[{'pst': (2, 5), 'tst': 4}, {'pst': (0, 3), 'tst': 4}, {'pst': (3, 12), 'tst': 2}, {'pst': (0, 16), 'tst': 2}, {'pst': (4, 13), 'tst': 1}, {'pst': (0, 18), 'tst': 1}, {'pst': (1, 2), 'tst': 0}, {'pst': (1, 6), 'tst': 0}]",0.6991588380548474,5.5018158995250595
8,19,"{'text': ""Legalization of drugs is a great idea, but I don't think it's the best way to go about it.""}","[0, 1, 2, 3, 4, 5, 6, 7, 8, 9, 10, 11, 12, 13, 14, 15, 16, 17, 18, 19]","[{'pst': (3, 10), 'tst': 4}, {'pst': (3, 14), 'tst': 4}, {'pst': (3, 7), 'tst': 2}, {'pst': (1, 13), 'tst': 2}, {'pst': (2, 17), 'tst': 1}, {'pst': (0, 8), 'tst': 1}, {'pst': (4, 8), 'tst': 0}, {'pst': (2, 4), 'tst': 0}]",0.7591331756622167,5.129652367180048
9,0,,"[0, 1, 2, 3, 4, 5, 6, 7, 8, 9, 10, 11, 12, 13, 14, 15, 16, 17, 18, 19]","[{'pst': (3, 16), 'tst': 5}, {'pst': (4, 6), 'tst': 3}, {'pst': (6, 0), 'tst': 2}, {'pst': (0, 7), 'tst': 2}, {'pst': (4, 13), 'tst': 1}, {'pst': (3, 6), 'tst': 1}, {'pst': (1, 15), 'tst': 0}, {'pst': (1, 7), 'tst': 0}]",0.6369779800692726,5.606748672306768
9,1,,"[0, 1, 2, 3, 4, 5, 6, 7, 8, 9, 10, 11, 12, 13, 14, 15, 16, 17, 18, 19]","[{'pst': (0, 11), 'tst': 5}, {'pst': (1, 14), 'tst': 5}, {'pst': (3, 7), 'tst': 2}, {'pst': (4, 4), 'tst': 2}, {'pst': (1, 10), 'tst': 2}, {'pst': (3, 19), 'tst': 1}, {'pst': (8, 1), 'tst': 0}, {'pst': (2, 12), 'tst': 0}]",0.47154625926345983,3.12147662222299
9,2,,"[0, 1, 2, 3, 4, 5, 6, 7, 8, 9, 10, 11, 12, 13, 14, 15, 16, 17, 18, 19]","[{'pst': (0, 9), 'tst': 5}, {'pst': (4, 2), 'tst': 4}, {'pst': (4, 4), 'tst': 3}, {'pst': (0, 15), 'tst': 1}, {'pst': (2, 15), 'tst': 1}, {'pst': (1, 6), 'tst': 1}, {'pst': (2, 4), 'tst': 1}, {'pst': (2, 17), 'tst': 0}]",0.6986061183378959,5.463520292402496
9,3,,"[0, 1, 2, 3, 4, 5, 6, 7, 8, 9, 10, 11, 12, 13, 14, 15, 16, 17, 18, 19]","[{'pst': (1, 2), 'tst': 5}, {'pst': (4, 3), 'tst': 4}, {'pst': (3, 8), 'tst': 3}, {'pst': (0, 1), 'tst': 2}, {'pst': (3, 16), 'tst': 2}, {'pst': (1, 19), 'tst': 1}, {'pst': (4, 17), 'tst': 1}]",0.5981336427441494,5.298411377143333
9,4,,"[0, 1, 2, 3, 4, 5, 6, 7, 8, 9, 10, 11, 12, 13, 14, 15, 16, 17, 18, 19]","[{'pst': (2, 19), 'tst': 5}, {'pst': (3, 16), 'tst': 5}, {'pst': (3, 10), 'tst': 3}, {'pst': (4, 4), 'tst': 2}, {'pst': (1, 3), 'tst': 1}, {'pst': (2, 2), 'tst': 1}, {'pst': (8, 4), 'tst': 0}, {'pst': (3, 4), 'tst': 0}]",0.6240700680354151,3.878862836178844
9,5,,"[0, 1, 2, 3, 4, 5, 6, 7, 8, 9, 10, 11, 12, 13, 14, 15, 16, 17, 18, 19]","[{'pst': (1, 4), 'tst': 5}, {'pst': (4, 5), 'tst': 4}, {'pst': (0, 1), 'tst': 3}, {'pst': (1, 0), 'tst': 2}, {'pst': (1, 13), 'tst': 2}, {'pst': (3, 16), 'tst': 1}, {'pst': (2, 2), 'tst': 1}, {'pst': (3, 4), 'tst': 0}]",0.6496364175028917,4.714627577517963
9,6,,"[0, 1, 2, 3, 4, 5, 6, 7, 8, 9, 10, 11, 12, 13, 14, 15, 16, 17, 18, 19]","[{'pst': (2, 7), 'tst': 5}, {'pst': (4, 6), 'tst': 4}, {'pst': (0, 16), 'tst': 2}, {'pst': (2, 2), 'tst': 2}, {'pst': (2, 15), 'tst': 1}, {'pst': (4, 8), 'tst': 1}, {'pst': (0, 8), 'tst': 0}, {'pst': (2, 18), 'tst': 0}]",0.5745907901028384,3.968159692133194
9,7,,"[0, 1, 2, 3, 4, 5, 6, 7, 8, 9, 10, 11, 12, 13, 14, 15, 16, 17, 18, 19]","[{'pst': (0, 12), 'tst': 5}, {'pst': (3, 14), 'tst': 5}, {'pst': (4, 13), 'tst': 3}, {'pst': (0, 15), 'tst': 2}, {'pst': (4, 3), 'tst': 2}, {'pst': (7, 7), 'tst': 1}, {'pst': (7, 13), 'tst': 1}]",0.5343465706874235,3.9937901836905234
9,8,,"[0, 1, 2, 3, 4, 5, 6, 7, 8, 9, 10, 11, 12, 13, 14, 15, 16, 17, 18, 19]","[{'pst': (2, 7), 'tst': 5}, {'pst': (2, 17), 'tst': 5}, {'pst': (4, 8), 'tst': 4}, {'pst': (1, 6), 'tst': 2}, {'pst': (2, 8), 'tst': 1}, {'pst': (2, 10), 'tst': 1}, {'pst': (1, 15), 'tst': 0}, {'pst': (4, 5), 'tst': 0}]",0.6354553126875607,3.177710230229657
9,9,,"[0, 1, 2, 3, 4, 5, 6, 7, 8, 9, 10, 11, 12, 13, 14, 15, 16, 17, 18, 19]","[{'pst': (1, 17), 'tst': 5}, {'pst': (4, 10), 'tst': 3}, {'pst': (2, 4), 'tst': 2}, {'pst': (2, 5), 'tst': 2}, {'pst': (2, 9), 'tst': 1}, {'pst': (3, 8), 'tst': 1}]",0.593306843623924,4.12710186375659
9,10,,"[0, 1, 2, 3, 4, 5, 6, 7, 8, 9, 10, 11, 12, 13, 14, 15, 16, 17, 18, 19]","[{'pst': (1, 10), 'tst': 5}, {'pst': (0, 1), 'tst': 5}, {'pst': (2, 4), 'tst': 3}, {'pst': (6, 10), 'tst': 2}, {'pst': (4, 15), 'tst': 2}, {'pst': (4, 13), 'tst': 1}, {'pst': (2, 15), 'tst': 1}, {'pst': (1, 14), 'tst': 0}]",0.3411620272954364,5.276894066073752
9,11,,"[0, 1, 2, 3, 4, 5, 6, 7, 8, 9, 10, 11, 12, 13, 14, 15, 16, 17, 18, 19]","[{'pst': (0, 3), 'tst': 5}, {'pst': (2, 12), 'tst': 3}, {'pst': (1, 7), 'tst': 2}, {'pst': (3, 18), 'tst': 2}, {'pst': (7, 11), 'tst': 1}, {'pst': (0, 1), 'tst': 0}, {'pst': (0, 12), 'tst': 0}]",0.46093728629937736,3.931178089024135
9,12,,"[0, 1, 2, 3, 4, 5, 6, 7, 8, 9, 10, 11, 12, 13, 14, 15, 16, 17, 18, 19]","[{'pst': (1, 3), 'tst': 5}, {'pst': (4, 12), 'tst': 4}, {'pst': (0, 13), 'tst': 3}, {'pst': (0, 6), 'tst': 2}, {'pst': (0, 7), 'tst': 2}, {'pst': (7, 12), 'tst': 1}, {'pst': (3, 19), 'tst': 1}, {'pst': (3, 4), 'tst': 0}]",0.40677904607479504,4.903740212198478
9,13,{'text': 'I think legalization of drugs is a pretty good idea.'},"[0, 1, 2, 3, 4, 5, 6, 7, 8, 9, 10, 11, 12, 13, 14, 15, 16, 17, 18, 19]","[{'pst': (4, 13), 'tst': 4}, {'pst': (5, 13), 'tst': 3}, {'pst': (4, 1), 'tst': 3}, {'pst': (3, 18), 'tst': 2}, {'pst': (7, 13), 'tst': 1}, {'pst': (1, 10), 'tst': 1}, {'pst': (1, 2), 'tst': 0}, {'pst': (8, 4), 'tst': 0}]",0.6877495783090376,4.255970286037273
9,14,,"[0, 1, 2, 3, 4, 5, 6, 7, 8, 9, 10, 11, 12, 13, 14, 15, 16, 17, 18, 19]","[{'pst': (1, 3), 'tst': 5}, {'pst': (3, 0), 'tst': 5}, {'pst': (4, 14), 'tst': 4}, {'pst': (0, 9), 'tst': 3}, {'pst': (1, 2), 'tst': 2}, {'pst': (4, 15), 'tst': 2}, {'pst': (7, 14), 'tst': 1}, {'pst': (4, 3), 'tst': 0}]",0.339579848555348,4.301423009872581
9,15,,"[0, 1, 2, 3, 4, 5, 6, 7, 8, 9, 10, 11, 12, 13, 14, 15, 16, 17, 18, 19]","[{'pst': (0, 15), 'tst': 5}, {'pst': (4, 15), 'tst': 4}, {'pst': (0, 19), 'tst': 3}, {'pst': (2, 14), 'tst': 2}, {'pst': (0, 6), 'tst': 2}, {'pst': (4, 12), 'tst': 1}, {'pst': (2, 8), 'tst': 0}, {'pst': (1, 5), 'tst': 0}]",0.6276264822049884,4.5806755241984165
9,16,"{'text': ""If you're going to legalize drugs, why not legalize prostitution?""}","[0, 1, 2, 3, 4, 5, 6, 7, 8, 9, 10, 11, 12, 13, 14, 15, 16, 17, 18, 19]","[{'pst': (1, 10), 'tst': 5}, {'pst': (1, 12), 'tst': 3}, {'pst': (2, 11), 'tst': 3}, {'pst': (3, 6), 'tst': 2}, {'pst': (1, 13), 'tst': 2}, {'pst': (7, 12), 'tst': 1}, {'pst': (4, 4), 'tst': 1}, {'pst': (8, 16), 'tst': 0}]",0.662490261865782,4.421361743521004
9,17,,"[0, 1, 2, 3, 4, 5, 6, 7, 8, 9, 10, 11, 12, 13, 14, 15, 16, 17, 18, 19]","[{'pst': (4, 17), 'tst': 4}, {'pst': (3, 16), 'tst': 3}, {'pst': (0, 12), 'tst': 2}, {'pst': (1, 15), 'tst': 1}, {'pst': (3, 0), 'tst': 1}, {'pst': (1, 12), 'tst': 1}, {'pst': (0, 18), 'tst': 0}, {'pst': (1, 7), 'tst': 0}]",0.42721265679168036,3.334498416258179
9,18,,"[0, 1, 2, 3, 4, 5, 6, 7, 8, 9, 10, 11, 12, 13, 14, 15, 16, 17, 18, 19]","[{'pst': (2, 5), 'tst': 5}, {'pst': (3, 12), 'tst': 3}, {'pst': (4, 13), 'tst': 2}, {'pst': (0, 18), 'tst': 2}, {'pst': (1, 2), 'tst': 1}, {'pst': (1, 6), 'tst': 1}, {'pst': (8, 18), 'tst': 0}]",0.6238630547741444,6.841292001814841
9,19,"{'text': ""Legalizing drugs is a great idea, but I don't think it's the best way to go about it.""}","[0, 1, 2, 3, 4, 5, 6, 7, 8, 9, 10, 11, 12, 13, 14, 15, 16, 17, 18, 19]","[{'pst': (3, 14), 'tst': 5}, {'pst': (3, 7), 'tst': 3}, {'pst': (1, 13), 'tst': 3}, {'pst': (0, 8), 'tst': 2}, {'pst': (4, 8), 'tst': 1}, {'pst': (2, 4), 'tst': 1}, {'pst': (8, 19), 'tst': 0}, {'pst': (3, 8), 'tst': 0}]",0.703417690828006,5.355536963470529
10,0,,"[0, 1, 2, 3, 4, 5, 6, 7, 8, 9, 10, 11, 12, 13, 14, 15, 16, 17, 18, 19]","[{'pst': (4, 6), 'tst': 4}, {'pst': (6, 0), 'tst': 3}, {'pst': (0, 7), 'tst': 3}, {'pst': (3, 6), 'tst': 2}, {'pst': (1, 15), 'tst': 1}, {'pst': (1, 7), 'tst': 1}, {'pst': (0, 18), 'tst': 0}]",0.6429286875018108,5.812736767543911
10,1,,"[0, 1, 2, 3, 4, 5, 6, 7, 8, 9, 10, 11, 12, 13, 14, 15, 16, 17, 18, 19]","[{'pst': (0, 11), 'tst': 6}, {'pst': (1, 14), 'tst': 6}, {'pst': (3, 7), 'tst': 3}, {'pst': (3, 19), 'tst': 2}, {'pst': (8, 1), 'tst': 1}, {'pst': (2, 12), 'tst': 1}, {'pst': (0, 12), 'tst': 0}, {'pst': (8, 4), 'tst': 0}]",0.4630860850709031,3.638986413204609
10,2,,"[0, 1, 2, 3, 4, 5, 6, 7, 8, 9, 10, 11, 12, 13, 14, 15, 16, 17, 18, 19]","[{'pst': (4, 2), 'tst': 5}, {'pst': (4, 4), 'tst': 4}, {'pst': (0, 15), 'tst': 2}, {'pst': (1, 6), 'tst': 2}, {'pst': (2, 4), 'tst': 2}, {'pst': (2, 17), 'tst': 1}, {'pst': (7, 13), 'tst': 0}, {'pst': (4, 5), 'tst': 0}]",0.6848929884601881,5.011426359065265
10,3,,"[0, 1, 2, 3, 4, 5, 6, 7, 8, 9, 10, 11, 12, 13, 14, 15, 16, 17, 18, 19]","[{'pst': (4, 3), 'tst': 5}, {'pst': (3, 8), 'tst': 4}, {'pst': (0, 1), 'tst': 3}, {'pst': (3, 16), 'tst': 3}, {'pst': (1, 19), 'tst': 2}, {'pst': (1, 2), 'tst': 0}, {'pst': (1, 0), 'tst': 0}, {'pst': (0, 7), 'tst': 0}]",0.5865247304094623,5.474767236983982
10,4,,"[0, 1, 2, 3, 4, 5, 6, 7, 8, 9, 10, 11, 12, 13, 14, 15, 16, 17, 18, 19]","[{'pst': (3, 16), 'tst': 6}, {'pst': (4, 4), 'tst': 3}, {'pst': (1, 3), 'tst': 2}, {'pst': (2, 2), 'tst': 2}, {'pst': (8, 4), 'tst': 1}, {'pst': (3, 4), 'tst': 1}, {'pst': (1, 5), 'tst': 0}]",0.6323152757974747,4.693978764379964
10,5,,"[0, 1, 2, 3, 4, 5, 6, 7, 8, 9, 10, 11, 12, 13, 14, 15, 16, 17, 18, 19]","[{'pst': (1, 4), 'tst': 6}, {'pst': (4, 5), 'tst': 5}, {'pst': (1, 0), 'tst': 3}, {'pst': (1, 13), 'tst': 3}, {'pst': (2, 2), 'tst': 2}, {'pst': (3, 4), 'tst': 1}, {'pst': (7, 7), 'tst': 0}, {'pst': (1, 3), 'tst': 0}]",0.6773674686630545,5.769994237934183
10,6,"{'text': 'If you want to legalize drugs, you should also legalize prostitution.'}","[0, 1, 2, 3, 4, 5, 6, 7, 8, 9, 10, 11, 12, 13, 14, 15, 16, 17, 18, 19]","[{'pst': (4, 6), 'tst': 5}, {'pst': (0, 16), 'tst': 3}, {'pst': (2, 2), 'tst': 3}, {'pst': (2, 15), 'tst': 2}, {'pst': (4, 8), 'tst': 2}, {'pst': (0, 8), 'tst': 1}, {'pst': (2, 18), 'tst': 1}]",0.6698680460541909,5.7261638399346255
10,7,,"[0, 1, 2, 3, 4, 5, 6, 7, 8, 9, 10, 11, 12, 13, 14, 15, 16, 17, 18, 19]","[{'pst': (0, 12), 'tst': 6}, {'pst': (3, 14), 'tst': 6}, {'pst': (4, 13), 'tst': 4}, {'pst': (0, 15), 'tst': 3}, {'pst': (7, 7), 'tst': 2}, {'pst': (7, 13), 'tst': 2}, {'pst': (8, 1), 'tst': 0}, {'pst': (1, 10), 'tst': 0}]",0.4954422359781966,3.3986915752230007
10,8,"{'text': 'Legal drugs would not be the only option; there may still be a market of illegal drugs, for example if it is cheaper than the legal choice.'}","[0, 1, 2, 3, 4, 5, 6, 7, 8, 9, 10, 11, 12, 13, 14, 15, 16, 17, 18, 19]","[{'pst': (4, 8), 'tst': 5}, {'pst': (1, 6), 'tst': 3}, {'pst': (2, 8), 'tst': 2}, {'pst': (2, 10), 'tst': 2}, {'pst': (1, 15), 'tst': 1}, {'pst': (4, 5), 'tst': 1}, {'pst': (7, 13), 'tst': 0}, {'pst': (0, 7), 'tst': 0}]",0.7346707430084495,4.479875811862197
10,9,,"[0, 1, 2, 3, 4, 5, 6, 7, 8, 9, 10, 11, 12, 13, 14, 15, 16, 17, 18, 19]","[{'pst': (1, 17), 'tst': 6}, {'pst': (2, 5), 'tst': 3}, {'pst': (2, 9), 'tst': 2}, {'pst': (3, 8), 'tst': 2}]",0.7285288758562496,5.950745349258989
10,10,,"[0, 1, 2, 3, 4, 5, 6, 7, 8, 9, 10, 11, 12, 13, 14, 15, 16, 17, 18, 19]","[{'pst': (2, 4), 'tst': 4}, {'pst': (6, 10), 'tst': 3}, {'pst': (4, 15), 'tst': 3}, {'pst': (4, 13), 'tst': 2}, {'pst': (2, 15), 'tst': 2}, {'pst': (1, 14), 'tst': 1}, {'pst': (3, 12), 'tst': 0}, {'pst': (6, 0), 'tst': 0}]",0.35957565962510163,4.9866878082906245
10,11,,"[0, 1, 2, 3, 4, 5, 6, 7, 8, 9, 10, 11, 12, 13, 14, 15, 16, 17, 18, 19]","[{'pst': (1, 7), 'tst': 3}, {'pst': (3, 18), 'tst': 3}, {'pst': (7, 11), 'tst': 2}, {'pst': (0, 1), 'tst': 1}, {'pst': (0, 12), 'tst': 1}, {'pst': (0, 11), 'tst': 0}, {'pst': (1, 6), 'tst': 0}, {'pst': (1, 3), 'tst': 0}]",0.5159164264614365,3.2636333334404024
10,12,"{'text': 'Legalization of drugs would be a great idea, but it would be a terrible idea to legalize prostitution.'}","[0, 1, 2, 3, 4, 5, 6, 7, 8, 9, 10, 11, 12, 13, 14, 15, 16, 17, 18, 19]","[{'pst': (1, 3), 'tst': 6}, {'pst': (0, 13), 'tst': 4}, {'pst': (0, 6), 'tst': 3}, {'pst': (0, 7), 'tst': 3}, {'pst': (7, 12), 'tst': 2}, {'pst': (3, 19), 'tst': 2}, {'pst': (3, 4), 'tst': 1}, {'pst': (5, 13), 'tst': 0}]",0.39860249067134884,5.363677189117843
10,13,,"[0, 1, 2, 3, 4, 5, 6, 7, 8, 9, 10, 11, 12, 13, 14, 15, 16, 17, 18, 19]","[{'pst': (4, 13), 'tst': 5}, {'pst': (5, 13), 'tst': 4}, {'pst': (3, 18), 'tst': 3}, {'pst': (7, 13), 'tst': 2}, {'pst': (1, 10), 'tst': 2}, {'pst': (1, 2), 'tst': 1}, {'pst': (8, 4), 'tst': 1}, {'pst': (9, 13), 'tst': 0}]",0.672894552560893,4.880534587094889
10,14,,"[0, 1, 2, 3, 4, 5, 6, 7, 8, 9, 10, 11, 12, 13, 14, 15, 16, 17, 18, 19]","[{'pst': (1, 3), 'tst': 6}, {'pst': (3, 0), 'tst': 6}, {'pst': (4, 14), 'tst': 5}, {'pst': (0, 9), 'tst': 4}, {'pst': (4, 15), 'tst': 3}, {'pst': (7, 14), 'tst': 2}, {'pst': (4, 3), 'tst': 1}, {'pst': (2, 12), 'tst': 0}]",0.44994318642619036,3.5516896129594806
10,15,"{'text': 'If drugs are legalised, they will not be as expensive as they are now. Estimations of tax revenue based on current prices may be inaccurate. I believe drugs should remain illegal.'}","[0, 1, 2, 3, 4, 5, 6, 7, 8, 9, 10, 11, 12, 13, 14, 15, 16, 17, 18, 19]","[{'pst': (4, 15), 'tst': 5}, {'pst': (0, 19), 'tst': 4}, {'pst': (0, 6), 'tst': 3}, {'pst': (4, 12), 'tst': 2}, {'pst': (2, 8), 'tst': 1}, {'pst': (1, 5), 'tst': 1}, {'pst': (1, 6), 'tst': 0}, {'pst': (2, 5), 'tst': 0}]",0.6394474461661168,3.6846156067926974
10,16,,"[0, 1, 2, 3, 4, 5, 6, 7, 8, 9, 10, 11, 12, 13, 14, 15, 16, 17, 18, 19]","[{'pst': (1, 10), 'tst': 6}, {'pst': (1, 12), 'tst': 4}, {'pst': (2, 11), 'tst': 4}, {'pst': (3, 6), 'tst': 3}, {'pst': (4, 4), 'tst': 2}, {'pst': (8, 16), 'tst': 1}, {'pst': (9, 16), 'tst': 0}]",0.59703369182538,4.478743771494239
10,17,"{'text': 'If you want to legalize drugs, then you should also legalize prostitution.'}","[0, 1, 2, 3, 4, 5, 6, 7, 8, 9, 10, 11, 12, 13, 14, 15, 16, 17, 18, 19]","[{'pst': (3, 16), 'tst': 4}, {'pst': (0, 12), 'tst': 3}, {'pst': (1, 15), 'tst': 2}, {'pst': (3, 0), 'tst': 2}, {'pst': (1, 12), 'tst': 2}, {'pst': (0, 18), 'tst': 1}, {'pst': (1, 7), 'tst': 1}, {'pst': (0, 11), 'tst': 0}]",0.44475422080237426,3.3399603099198125
10,18,{'text': 'I think legalization of drugs is a pretty good idea.'},"[0, 1, 2, 3, 4, 5, 6, 7, 8, 9, 10, 11, 12, 13, 14, 15, 16, 17, 18, 19]","[{'pst': (4, 13), 'tst': 3}, {'pst': (0, 18), 'tst': 3}, {'pst': (1, 2), 'tst': 2}, {'pst': (1, 6), 'tst': 2}, {'pst': (8, 18), 'tst': 1}, {'pst': (0, 16), 'tst': 0}, {'pst': (1, 7), 'tst': 0}, {'pst': (7, 7), 'tst': 0}]",0.7364163870172855,5.638135909946785
10,19,,"[0, 1, 2, 3, 4, 5, 6, 7, 8, 9, 10, 11, 12, 13, 14, 15, 16, 17, 18, 19]","[{'pst': (3, 7), 'tst': 4}, {'pst': (1, 13), 'tst': 4}, {'pst': (0, 8), 'tst': 3}, {'pst': (4, 8), 'tst': 2}, {'pst': (8, 19), 'tst': 1}, {'pst': (3, 8), 'tst': 1}, {'pst': (9, 19), 'tst': 0}, {'pst': (1, 5), 'tst': 0}]",0.7205540428091937,5.410888949237605
11,0,,"[0, 1, 2, 3, 4, 5, 6, 7, 8, 9, 10, 11, 12, 13, 14, 15, 16, 17, 18, 19]","[{'pst': (0, 7), 'tst': 4}, {'pst': (3, 6), 'tst': 3}, {'pst': (1, 15), 'tst': 2}, {'pst': (1, 7), 'tst': 2}, {'pst': (0, 18), 'tst': 1}, {'pst': (10, 17), 'tst': 0}]",0.6242608184790995,5.549953344274064
11,1,"{'text': 'It is important to note that the number of people who are addicted to drugs is small compared to the number of people who are addicted to alcohol, tobacco, and other substances.'}","[0, 1, 2, 3, 4, 5, 6, 7, 8, 9, 10, 11, 12, 13, 14, 15, 16, 17, 18, 19]","[{'pst': (0, 11), 'tst': 7}, {'pst': (1, 14), 'tst': 7}, {'pst': (3, 19), 'tst': 3}, {'pst': (8, 1), 'tst': 2}, {'pst': (2, 12), 'tst': 2}, {'pst': (0, 12), 'tst': 1}, {'pst': (8, 4), 'tst': 1}, {'pst': (3, 14), 'tst': 0}]",0.46135682699934866,3.7092917943382
11,2,,"[0, 1, 2, 3, 4, 5, 6, 7, 8, 9, 10, 11, 12, 13, 14, 15, 16, 17, 18, 19]","[{'pst': (4, 4), 'tst': 5}, {'pst': (0, 15), 'tst': 3}, {'pst': (2, 4), 'tst': 3}, {'pst': (2, 17), 'tst': 2}, {'pst': (7, 13), 'tst': 1}, {'pst': (4, 5), 'tst': 1}, {'pst': (3, 14), 'tst': 0}, {'pst': (7, 7), 'tst': 0}]",0.7001575875350249,5.332633932939295
11,3,"{'text': ""If you're going to legalize drugs, make sure that you don't do it in a way that makes it harder for people to get them.""}","[0, 1, 2, 3, 4, 5, 6, 7, 8, 9, 10, 11, 12, 13, 14, 15, 16, 17, 18, 19]","[{'pst': (3, 8), 'tst': 5}, {'pst': (0, 1), 'tst': 4}, {'pst': (3, 16), 'tst': 4}, {'pst': (1, 2), 'tst': 1}, {'pst': (1, 0), 'tst': 1}, {'pst': (0, 7), 'tst': 1}, {'pst': (4, 2), 'tst': 0}, {'pst': (8, 4), 'tst': 0}]",0.5642352019794828,4.640230936307638
11,4,,"[0, 1, 2, 3, 4, 5, 6, 7, 8, 9, 10, 11, 12, 13, 14, 15, 16, 17, 18, 19]","[{'pst': (4, 4), 'tst': 4}, {'pst': (1, 3), 'tst': 3}, {'pst': (8, 4), 'tst': 2}, {'pst': (3, 4), 'tst': 2}, {'pst': (1, 5), 'tst': 1}, {'pst': (1, 14), 'tst': 0}, {'pst': (3, 18), 'tst': 0}, {'pst': (5, 13), 'tst': 0}]",0.7008457245694136,5.000894505018022
11,5,,"[0, 1, 2, 3, 4, 5, 6, 7, 8, 9, 10, 11, 12, 13, 14, 15, 16, 17, 18, 19]","[{'pst': (1, 4), 'tst': 7}, {'pst': (1, 0), 'tst': 4}, {'pst': (2, 2), 'tst': 3}, {'pst': (3, 4), 'tst': 2}, {'pst': (7, 7), 'tst': 1}, {'pst': (1, 3), 'tst': 1}, {'pst': (1, 14), 'tst': 0}, {'pst': (2, 4), 'tst': 0}]",0.6198040900493981,6.500462416882381
11,6,,"[0, 1, 2, 3, 4, 5, 6, 7, 8, 9, 10, 11, 12, 13, 14, 15, 16, 17, 18, 19]","[{'pst': (4, 6), 'tst': 6}, {'pst': (0, 16), 'tst': 4}, {'pst': (2, 15), 'tst': 3}, {'pst': (4, 8), 'tst': 3}, {'pst': (0, 8), 'tst': 2}, {'pst': (2, 18), 'tst': 2}, {'pst': (10, 6), 'tst': 0}, {'pst': (1, 19), 'tst': 0}]",0.6701179694148731,6.409406132625662
11,7,,"[0, 1, 2, 3, 4, 5, 6, 7, 8, 9, 10, 11, 12, 13, 14, 15, 16, 17, 18, 19]","[{'pst': (4, 13), 'tst': 5}, {'pst': (0, 15), 'tst': 4}, {'pst': (7, 7), 'tst': 3}, {'pst': (7, 13), 'tst': 3}, {'pst': (8, 1), 'tst': 1}, {'pst': (1, 10), 'tst': 1}, {'pst': (2, 15), 'tst': 0}, {'pst': (10, 15), 'tst': 0}]",0.3703086277421883,4.709727052139755
11,8,"{'text': 'Legal drugs would not be the only option; there may still be a market of illegal drugs, for example if it is cheaper than the legal choice.'}","[0, 1, 2, 3, 4, 5, 6, 7, 8, 9, 10, 11, 12, 13, 14, 15, 16, 17, 18, 19]","[{'pst': (1, 6), 'tst': 4}, {'pst': (2, 8), 'tst': 3}, {'pst': (1, 15), 'tst': 2}, {'pst': (4, 5), 'tst': 2}, {'pst': (7, 13), 'tst': 1}, {'pst': (0, 7), 'tst': 1}, {'pst': (10, 8), 'tst': 0}, {'pst': (3, 16), 'tst': 0}]",0.7008633051484117,4.152336038427248
11,9,,"[0, 1, 2, 3, 4, 5, 6, 7, 8, 9, 10, 11, 12, 13, 14, 15, 16, 17, 18, 19]","[{'pst': (2, 5), 'tst': 4}, {'pst': (2, 9), 'tst': 3}, {'pst': (3, 8), 'tst': 3}, {'pst': (0, 8), 'tst': 0}, {'pst': (2, 8), 'tst': 0}, {'pst': (0, 1), 'tst': 0}, {'pst': (0, 16), 'tst': 0}]",0.7882196793357437,5.2527724211249875
11,10,{'text': 'Legalization of drugs is a really bad idea.'},"[0, 1, 2, 3, 4, 5, 6, 7, 8, 9, 10, 11, 12, 13, 14, 15, 16, 17, 18, 19]","[{'pst': (2, 4), 'tst': 5}, {'pst': (4, 13), 'tst': 3}, {'pst': (2, 15), 'tst': 3}, {'pst': (1, 14), 'tst': 2}, {'pst': (3, 12), 'tst': 1}, {'pst': (6, 0), 'tst': 1}, {'pst': (6, 10), 'tst': 0}, {'pst': (7, 7), 'tst': 0}]",0.5321301158935116,5.3023047499706735
11,11,,"[0, 1, 2, 3, 4, 5, 6, 7, 8, 9, 10, 11, 12, 13, 14, 15, 16, 17, 18, 19]","[{'pst': (1, 7), 'tst': 4}, {'pst': (3, 18), 'tst': 4}, {'pst': (0, 1), 'tst': 2}, {'pst': (0, 12), 'tst': 2}, {'pst': (0, 11), 'tst': 1}, {'pst': (1, 6), 'tst': 1}, {'pst': (1, 3), 'tst': 1}, {'pst': (0, 15), 'tst': 0}]",0.5473795877450252,3.199773849296215
11,12,,"[0, 1, 2, 3, 4, 5, 6, 7, 8, 9, 10, 11, 12, 13, 14, 15, 16, 17, 18, 19]","[{'pst': (1, 3), 'tst': 7}, {'pst': (0, 13), 'tst': 5}, {'pst': (7, 12), 'tst': 3}, {'pst': (3, 19), 'tst': 3}, {'pst': (3, 4), 'tst': 2}, {'pst': (5, 13), 'tst': 1}, {'pst': (10, 12), 'tst': 0}, {'pst': (7, 13), 'tst': 0}]",0.4523727146820057,4.602595661825229
11,13,"{'text': ""It's not a given that the low well-being of drug users' families are a result of the drug use. The confounding variable is likely mental health issues.""}","[0, 1, 2, 3, 4, 5, 6, 7, 8, 9, 10, 11, 12, 13, 14, 15, 16, 17, 18, 19]","[{'pst': (4, 13), 'tst': 6}, {'pst': (7, 13), 'tst': 3}, {'pst': (1, 10), 'tst': 3}, {'pst': (1, 2), 'tst': 2}, {'pst': (8, 4), 'tst': 2}, {'pst': (9, 13), 'tst': 1}]",0.5799190952668558,5.504034040234418
11,14,,"[0, 1, 2, 3, 4, 5, 6, 7, 8, 9, 10, 11, 12, 13, 14, 15, 16, 17, 18, 19]","[{'pst': (3, 0), 'tst': 7}, {'pst': (4, 14), 'tst': 6}, {'pst': (0, 9), 'tst': 5}, {'pst': (7, 14), 'tst': 3}, {'pst': (4, 3), 'tst': 2}, {'pst': (2, 12), 'tst': 1}, {'pst': (10, 12), 'tst': 0}, {'pst': (2, 15), 'tst': 0}]",0.4317117381823494,4.136667647528624
11,15,,"[0, 1, 2, 3, 4, 5, 6, 7, 8, 9, 10, 11, 12, 13, 14, 15, 16, 17, 18, 19]","[{'pst': (0, 19), 'tst': 5}, {'pst': (4, 12), 'tst': 3}, {'pst': (2, 8), 'tst': 2}, {'pst': (1, 5), 'tst': 2}, {'pst': (1, 6), 'tst': 1}, {'pst': (2, 5), 'tst': 1}, {'pst': (10, 15), 'tst': 0}, {'pst': (2, 12), 'tst': 0}]",0.6324720306859437,2.9523276987602225
11,16,,"[0, 1, 2, 3, 4, 5, 6, 7, 8, 9, 10, 11, 12, 13, 14, 15, 16, 17, 18, 19]","[{'pst': (2, 11), 'tst': 5}, {'pst': (3, 6), 'tst': 4}, {'pst': (4, 4), 'tst': 3}, {'pst': (8, 16), 'tst': 2}, {'pst': (9, 16), 'tst': 1}, {'pst': (7, 12), 'tst': 0}, {'pst': (3, 0), 'tst': 0}, {'pst': (10, 17), 'tst': 0}]",0.4373648291494327,3.4329262073852176
11,17,,"[0, 1, 2, 3, 4, 5, 6, 7, 8, 9, 10, 11, 12, 13, 14, 15, 16, 17, 18, 19]","[{'pst': (3, 16), 'tst': 5}, {'pst': (0, 12), 'tst': 4}, {'pst': (1, 15), 'tst': 3}, {'pst': (1, 12), 'tst': 3}, {'pst': (1, 7), 'tst': 2}, {'pst': (0, 11), 'tst': 1}, {'pst': (10, 17), 'tst': 0}, {'pst': (2, 9), 'tst': 0}]",0.41481030025539584,4.374983499198047
11,18,,"[0, 1, 2, 3, 4, 5, 6, 7, 8, 9, 10, 11, 12, 13, 14, 15, 16, 17, 18, 19]","[{'pst': (4, 13), 'tst': 4}, {'pst': (0, 18), 'tst': 4}, {'pst': (1, 6), 'tst': 3}, {'pst': (0, 16), 'tst': 1}, {'pst': (1, 7), 'tst': 1}, {'pst': (7, 7), 'tst': 1}, {'pst': (10, 18), 'tst': 0}, {'pst': (2, 12), 'tst': 0}]",0.778140535294517,5.007771739277803
11,19,,"[0, 1, 2, 3, 4, 5, 6, 7, 8, 9, 10, 11, 12, 13, 14, 15, 16, 17, 18, 19]","[{'pst': (1, 13), 'tst': 5}, {'pst': (0, 8), 'tst': 4}, {'pst': (8, 19), 'tst': 2}, {'pst': (3, 8), 'tst': 2}, {'pst': (9, 19), 'tst': 1}, {'pst': (1, 5), 'tst': 1}, {'pst': (2, 12), 'tst': 0}, {'pst': (4, 6), 'tst': 0}]",0.7330876231962876,4.926670573488137
12,0,,"[0, 1, 2, 3, 4, 5, 6, 7, 8, 9, 10, 11, 12, 13, 14, 15, 16, 17, 18, 19]","[{'pst': (3, 6), 'tst': 4}, {'pst': (1, 15), 'tst': 3}, {'pst': (0, 18), 'tst': 2}, {'pst': (10, 17), 'tst': 1}, {'pst': (4, 4), 'tst': 0}]",0.6817548979586624,4.802269673903885
12,1,"{'text': ""I don't think it's a good idea to legalize all drugs, but I do think it's a good idea to legalize marijuana.""}","[0, 1, 2, 3, 4, 5, 6, 7, 8, 9, 10, 11, 12, 13, 14, 15, 16, 17, 18, 19]","[{'pst': (0, 11), 'tst': 8}, {'pst': (3, 19), 'tst': 4}, {'pst': (8, 1), 'tst': 3}, {'pst': (2, 12), 'tst': 3}, {'pst': (0, 12), 'tst': 2}, {'pst': (3, 14), 'tst': 1}, {'pst': (11, 1), 'tst': 0}, {'pst': (2, 17), 'tst': 0}]",0.5281917745315781,3.10874219964668
12,2,,"[0, 1, 2, 3, 4, 5, 6, 7, 8, 9, 10, 11, 12, 13, 14, 15, 16, 17, 18, 19]","[{'pst': (2, 4), 'tst': 4}, {'pst': (2, 17), 'tst': 3}, {'pst': (7, 13), 'tst': 2}, {'pst': (4, 5), 'tst': 2}, {'pst': (3, 14), 'tst': 1}, {'pst': (7, 7), 'tst': 1}, {'pst': (10, 8), 'tst': 0}, {'pst': (4, 6), 'tst': 0}]",0.6428767697140094,5.815703385210222
12,3,,"[0, 1, 2, 3, 4, 5, 6, 7, 8, 9, 10, 11, 12, 13, 14, 15, 16, 17, 18, 19]","[{'pst': (3, 8), 'tst': 6}, {'pst': (0, 1), 'tst': 5}, {'pst': (3, 16), 'tst': 5}, {'pst': (1, 2), 'tst': 2}, {'pst': (0, 7), 'tst': 2}, {'pst': (4, 2), 'tst': 1}, {'pst': (8, 4), 'tst': 1}, {'pst': (11, 3), 'tst': 0}]",0.5664559529959872,5.827162271051667
12,4,{'text': 'Legalization of drugs is a bad idea.'},"[0, 1, 2, 3, 4, 5, 6, 7, 8, 9, 10, 11, 12, 13, 14, 15, 16, 17, 18, 19]","[{'pst': (1, 3), 'tst': 4}, {'pst': (8, 4), 'tst': 3}, {'pst': (3, 4), 'tst': 3}, {'pst': (1, 5), 'tst': 2}, {'pst': (1, 14), 'tst': 1}, {'pst': (3, 18), 'tst': 1}, {'pst': (5, 13), 'tst': 1}, {'pst': (1, 12), 'tst': 0}]",0.6554917544283038,4.662979590869663
12,5,,"[0, 1, 2, 3, 4, 5, 6, 7, 8, 9, 10, 11, 12, 13, 14, 15, 16, 17, 18, 19]","[{'pst': (1, 0), 'tst': 5}, {'pst': (2, 2), 'tst': 4}, {'pst': (3, 4), 'tst': 3}, {'pst': (1, 3), 'tst': 2}, {'pst': (1, 14), 'tst': 1}, {'pst': (2, 4), 'tst': 1}, {'pst': (0, 18), 'tst': 0}, {'pst': (2, 5), 'tst': 0}]",0.6401660741800806,6.443246941865514
12,6,,"[0, 1, 2, 3, 4, 5, 6, 7, 8, 9, 10, 11, 12, 13, 14, 15, 16, 17, 18, 19]","[{'pst': (4, 6), 'tst': 7}, {'pst': (4, 8), 'tst': 4}, {'pst': (0, 8), 'tst': 3}, {'pst': (2, 18), 'tst': 3}, {'pst': (10, 6), 'tst': 1}, {'pst': (1, 19), 'tst': 1}]",0.6076048584526302,8.164460740718377
12,7,,"[0, 1, 2, 3, 4, 5, 6, 7, 8, 9, 10, 11, 12, 13, 14, 15, 16, 17, 18, 19]","[{'pst': (0, 15), 'tst': 5}, {'pst': (7, 7), 'tst': 4}, {'pst': (7, 13), 'tst': 4}, {'pst': (8, 1), 'tst': 2}, {'pst': (2, 15), 'tst': 1}, {'pst': (10, 15), 'tst': 1}, {'pst': (4, 13), 'tst': 0}, {'pst': (5, 13), 'tst': 0}]",0.4077350818475743,4.6090541366672735
12,8,,"[0, 1, 2, 3, 4, 5, 6, 7, 8, 9, 10, 11, 12, 13, 14, 15, 16, 17, 18, 19]","[{'pst': (1, 6), 'tst': 5}, {'pst': (1, 15), 'tst': 3}, {'pst': (7, 13), 'tst': 2}, {'pst': (0, 7), 'tst': 2}, {'pst': (10, 8), 'tst': 1}, {'pst': (3, 16), 'tst': 1}, {'pst': (11, 8), 'tst': 0}, {'pst': (1, 12), 'tst': 0}]",0.621924027957929,5.240585890827986
12,9,{'text': 'I think prostitution should be legal as well.'},"[0, 1, 2, 3, 4, 5, 6, 7, 8, 9, 10, 11, 12, 13, 14, 15, 16, 17, 18, 19]","[{'pst': (2, 9), 'tst': 4}, {'pst': (0, 8), 'tst': 1}, {'pst': (2, 8), 'tst': 1}, {'pst': (0, 1), 'tst': 1}, {'pst': (0, 16), 'tst': 1}, {'pst': (2, 17), 'tst': 0}, {'pst': (7, 13), 'tst': 0}, {'pst': (9, 16), 'tst': 0}]",0.7677887852599573,5.465882233917613
12,10,,"[0, 1, 2, 3, 4, 5, 6, 7, 8, 9, 10, 11, 12, 13, 14, 15, 16, 17, 18, 19]","[{'pst': (4, 13), 'tst': 4}, {'pst': (2, 15), 'tst': 4}, {'pst': (3, 12), 'tst': 2}, {'pst': (6, 0), 'tst': 2}, {'pst': (6, 10), 'tst': 1}, {'pst': (7, 7), 'tst': 1}, {'pst': (11, 10), 'tst': 0}, {'pst': (3, 6), 'tst': 0}]",0.6067146283590078,4.8328830236651985
12,11,,"[0, 1, 2, 3, 4, 5, 6, 7, 8, 9, 10, 11, 12, 13, 14, 15, 16, 17, 18, 19]","[{'pst': (3, 18), 'tst': 5}, {'pst': (0, 1), 'tst': 3}, {'pst': (0, 12), 'tst': 3}, {'pst': (1, 6), 'tst': 2}, {'pst': (1, 3), 'tst': 2}, {'pst': (0, 15), 'tst': 1}, {'pst': (9, 13), 'tst': 0}, {'pst': (3, 19), 'tst': 0}]",0.4991131266885865,2.9543200494273805
12,12,,"[0, 1, 2, 3, 4, 5, 6, 7, 8, 9, 10, 11, 12, 13, 14, 15, 16, 17, 18, 19]","[{'pst': (7, 12), 'tst': 4}, {'pst': (3, 19), 'tst': 4}, {'pst': (3, 4), 'tst': 3}, {'pst': (5, 13), 'tst': 2}, {'pst': (10, 12), 'tst': 1}, {'pst': (7, 13), 'tst': 1}, {'pst': (6, 0), 'tst': 0}, {'pst': (0, 12), 'tst': 0}]",0.34933951281877634,3.7819702932417067
12,13,,"[0, 1, 2, 3, 4, 5, 6, 7, 8, 9, 10, 11, 12, 13, 14, 15, 16, 17, 18, 19]","[{'pst': (7, 13), 'tst': 4}, {'pst': (1, 10), 'tst': 4}, {'pst': (1, 2), 'tst': 3}, {'pst': (8, 4), 'tst': 3}, {'pst': (9, 13), 'tst': 2}, {'pst': (11, 13), 'tst': 0}, {'pst': (4, 3), 'tst': 0}, {'pst': (2, 2), 'tst': 0}]",0.5851712749646668,4.864899464228637
12,14,,"[0, 1, 2, 3, 4, 5, 6, 7, 8, 9, 10, 11, 12, 13, 14, 15, 16, 17, 18, 19]","[{'pst': (4, 14), 'tst': 7}, {'pst': (0, 9), 'tst': 6}, {'pst': (7, 14), 'tst': 4}, {'pst': (4, 3), 'tst': 3}, {'pst': (2, 12), 'tst': 2}, {'pst': (10, 12), 'tst': 1}, {'pst': (2, 15), 'tst': 1}, {'pst': (9, 19), 'tst': 0}]",0.4448010038609765,4.791634510184685
12,15,,"[0, 1, 2, 3, 4, 5, 6, 7, 8, 9, 10, 11, 12, 13, 14, 15, 16, 17, 18, 19]","[{'pst': (0, 19), 'tst': 6}, {'pst': (4, 12), 'tst': 4}, {'pst': (2, 8), 'tst': 3}, {'pst': (1, 5), 'tst': 3}, {'pst': (10, 15), 'tst': 1}, {'pst': (2, 12), 'tst': 1}, {'pst': (0, 8), 'tst': 0}]",0.625253284758352,3.4719197911202606
12,16,,"[0, 1, 2, 3, 4, 5, 6, 7, 8, 9, 10, 11, 12, 13, 14, 15, 16, 17, 18, 19]","[{'pst': (2, 11), 'tst': 6}, {'pst': (3, 6), 'tst': 5}, {'pst': (4, 4), 'tst': 4}, {'pst': (8, 16), 'tst': 3}, {'pst': (7, 12), 'tst': 1}, {'pst': (3, 0), 'tst': 1}, {'pst': (10, 17), 'tst': 1}, {'pst': (0, 8), 'tst': 0}]",0.4492176523321059,3.419702362605819
12,17,"{'text': 'If you want to legalize drugs, then you should also legalize prostitution.'}","[0, 1, 2, 3, 4, 5, 6, 7, 8, 9, 10, 11, 12, 13, 14, 15, 16, 17, 18, 19]","[{'pst': (1, 15), 'tst': 4}, {'pst': (1, 12), 'tst': 4}, {'pst': (1, 7), 'tst': 3}, {'pst': (0, 11), 'tst': 2}, {'pst': (10, 17), 'tst': 1}, {'pst': (2, 9), 'tst': 1}, {'pst': (6, 0), 'tst': 0}, {'pst': (2, 11), 'tst': 0}]",0.5022495256791497,5.543082457459681
12,18,,"[0, 1, 2, 3, 4, 5, 6, 7, 8, 9, 10, 11, 12, 13, 14, 15, 16, 17, 18, 19]","[{'pst': (4, 13), 'tst': 5}, {'pst': (1, 6), 'tst': 4}, {'pst': (1, 7), 'tst': 2}, {'pst': (7, 7), 'tst': 2}, {'pst': (10, 18), 'tst': 1}, {'pst': (2, 12), 'tst': 1}, {'pst': (2, 17), 'tst': 0}, {'pst': (0, 13), 'tst': 0}]",0.7529858836690606,5.09046111689312
12,19,,"[0, 1, 2, 3, 4, 5, 6, 7, 8, 9, 10, 11, 12, 13, 14, 15, 16, 17, 18, 19]","[{'pst': (1, 13), 'tst': 6}, {'pst': (0, 8), 'tst': 5}, {'pst': (3, 8), 'tst': 3}, {'pst': (9, 19), 'tst': 2}, {'pst': (2, 12), 'tst': 1}, {'pst': (4, 6), 'tst': 1}, {'pst': (1, 2), 'tst': 0}, {'pst': (1, 19), 'tst': 0}]",0.6942863788219726,4.774907735554217
13,0,,"[0, 1, 2, 3, 4, 5, 6, 7, 8, 9, 10, 11, 12, 13, 14, 15, 16, 17, 18, 19]","[{'pst': (1, 15), 'tst': 4}, {'pst': (0, 18), 'tst': 3}, {'pst': (10, 17), 'tst': 2}, {'pst': (4, 4), 'tst': 1}, {'pst': (2, 17), 'tst': 0}, {'pst': (4, 12), 'tst': 0}, {'pst': (9, 16), 'tst': 0}, {'pst': (1, 5), 'tst': 0}]",0.6914246849250345,5.999350659444202
13,1,,"[0, 1, 2, 3, 4, 5, 6, 7, 8, 9, 10, 11, 12, 13, 14, 15, 16, 17, 18, 19]","[{'pst': (3, 19), 'tst': 5}, {'pst': (2, 12), 'tst': 4}, {'pst': (0, 12), 'tst': 3}, {'pst': (3, 14), 'tst': 2}, {'pst': (11, 1), 'tst': 1}, {'pst': (2, 17), 'tst': 1}, {'pst': (12, 1), 'tst': 0}, {'pst': (7, 12), 'tst': 0}]",0.5393428678202422,3.4755693355646606
13,2,"{'text': 'The biggest problem with legalization is that it will lead to an increase in the availability of illegal drugs, which will lead to an increase in the availability of illegal drugs, which will lead to an increase in...'}","[0, 1, 2, 3, 4, 5, 6, 7, 8, 9, 10, 11, 12, 13, 14, 15, 16, 17, 18, 19]","[{'pst': (2, 4), 'tst': 5}, {'pst': (7, 13), 'tst': 3}, {'pst': (4, 5), 'tst': 3}, {'pst': (3, 14), 'tst': 2}, {'pst': (10, 8), 'tst': 1}, {'pst': (4, 6), 'tst': 1}, {'pst': (1, 2), 'tst': 0}, {'pst': (0, 13), 'tst': 0}]",0.6137722933174253,5.84341313192008
13,3,,"[0, 1, 2, 3, 4, 5, 6, 7, 8, 9, 10, 11, 12, 13, 14, 15, 16, 17, 18, 19]","[{'pst': (3, 8), 'tst': 7}, {'pst': (1, 2), 'tst': 3}, {'pst': (0, 7), 'tst': 3}, {'pst': (4, 2), 'tst': 2}, {'pst': (8, 4), 'tst': 2}, {'pst': (11, 3), 'tst': 1}, {'pst': (2, 9), 'tst': 0}, {'pst': (5, 13), 'tst': 0}]",0.5629750152996096,6.57684999771458
13,4,,"[0, 1, 2, 3, 4, 5, 6, 7, 8, 9, 10, 11, 12, 13, 14, 15, 16, 17, 18, 19]","[{'pst': (1, 3), 'tst': 5}, {'pst': (3, 4), 'tst': 4}, {'pst': (1, 5), 'tst': 3}, {'pst': (1, 14), 'tst': 2}, {'pst': (3, 18), 'tst': 2}, {'pst': (5, 13), 'tst': 2}, {'pst': (1, 12), 'tst': 1}, {'pst': (12, 4), 'tst': 0}]",0.6108524183525575,4.773026293427651
13,5,,"[0, 1, 2, 3, 4, 5, 6, 7, 8, 9, 10, 11, 12, 13, 14, 15, 16, 17, 18, 19]","[{'pst': (2, 2), 'tst': 5}, {'pst': (3, 4), 'tst': 4}, {'pst': (1, 3), 'tst': 3}, {'pst': (1, 14), 'tst': 2}, {'pst': (2, 4), 'tst': 2}, {'pst': (0, 18), 'tst': 1}, {'pst': (2, 5), 'tst': 1}, {'pst': (12, 1), 'tst': 0}]",0.6670213220256737,5.830034016301784
13,6,,"[0, 1, 2, 3, 4, 5, 6, 7, 8, 9, 10, 11, 12, 13, 14, 15, 16, 17, 18, 19]","[{'pst': (4, 8), 'tst': 5}, {'pst': (2, 18), 'tst': 4}, {'pst': (10, 6), 'tst': 2}, {'pst': (1, 19), 'tst': 2}, {'pst': (7, 12), 'tst': 0}, {'pst': (12, 1), 'tst': 0}, {'pst': (2, 4), 'tst': 0}, {'pst': (12, 4), 'tst': 0}]",0.5513993586417473,6.420767169895705
13,7,"{'text': 'If you want to legalize drugs, you should also legalize prostitution.'}","[0, 1, 2, 3, 4, 5, 6, 7, 8, 9, 10, 11, 12, 13, 14, 15, 16, 17, 18, 19]","[{'pst': (0, 15), 'tst': 6}, {'pst': (7, 13), 'tst': 5}, {'pst': (8, 1), 'tst': 3}, {'pst': (10, 15), 'tst': 2}, {'pst': (4, 13), 'tst': 1}, {'pst': (5, 13), 'tst': 1}, {'pst': (7, 12), 'tst': 0}, {'pst': (10, 6), 'tst': 0}]",0.4455929642922674,3.9964150433191077
13,8,"{'text': ""The effects of different drugs play a role in the daily spending habits of drug users; thus more commonplace usage may change people's spending patterns in a way that negatively affects the economy.""}","[0, 1, 2, 3, 4, 5, 6, 7, 8, 9, 10, 11, 12, 13, 14, 15, 16, 17, 18, 19]","[{'pst': (7, 13), 'tst': 3}, {'pst': (0, 7), 'tst': 3}, {'pst': (10, 8), 'tst': 2}, {'pst': (3, 16), 'tst': 2}, {'pst': (11, 8), 'tst': 1}, {'pst': (1, 12), 'tst': 1}, {'pst': (1, 19), 'tst': 0}]",0.6189123726733362,6.4164740099251265
13,9,,"[0, 1, 2, 3, 4, 5, 6, 7, 8, 9, 10, 11, 12, 13, 14, 15, 16, 17, 18, 19]","[{'pst': (0, 8), 'tst': 2}, {'pst': (0, 1), 'tst': 2}, {'pst': (0, 16), 'tst': 2}, {'pst': (2, 17), 'tst': 1}, {'pst': (7, 13), 'tst': 1}, {'pst': (9, 16), 'tst': 1}, {'pst': (12, 9), 'tst': 0}, {'pst': (4, 3), 'tst': 0}]",0.735775776850007,5.72125253390397
13,10,,"[0, 1, 2, 3, 4, 5, 6, 7, 8, 9, 10, 11, 12, 13, 14, 15, 16, 17, 18, 19]","[{'pst': (4, 13), 'tst': 5}, {'pst': (3, 12), 'tst': 3}, {'pst': (6, 0), 'tst': 3}, {'pst': (7, 7), 'tst': 2}, {'pst': (11, 10), 'tst': 1}, {'pst': (3, 6), 'tst': 1}, {'pst': (1, 0), 'tst': 0}]",0.6134025711688379,5.799585644998034
13,11,,"[0, 1, 2, 3, 4, 5, 6, 7, 8, 9, 10, 11, 12, 13, 14, 15, 16, 17, 18, 19]","[{'pst': (0, 1), 'tst': 4}, {'pst': (0, 12), 'tst': 4}, {'pst': (1, 6), 'tst': 3}, {'pst': (0, 15), 'tst': 2}, {'pst': (9, 13), 'tst': 1}, {'pst': (3, 19), 'tst': 1}, {'pst': (2, 12), 'tst': 0}, {'pst': (10, 8), 'tst': 0}]",0.563407865629611,2.837350984323211
13,12,,"[0, 1, 2, 3, 4, 5, 6, 7, 8, 9, 10, 11, 12, 13, 14, 15, 16, 17, 18, 19]","[{'pst': (7, 12), 'tst': 5}, {'pst': (3, 19), 'tst': 5}, {'pst': (5, 13), 'tst': 3}, {'pst': (7, 13), 'tst': 2}, {'pst': (6, 0), 'tst': 1}, {'pst': (0, 12), 'tst': 1}, {'pst': (3, 6), 'tst': 0}, {'pst': (0, 1), 'tst': 0}]",0.372089325794857,3.2224804946817844
13,13,"{'text': ""It's not a given that the low well-being of drug users' families are a result of the drug use. The confounding variable is likely mental health issues.""}","[0, 1, 2, 3, 4, 5, 6, 7, 8, 9, 10, 11, 12, 13, 14, 15, 16, 17, 18, 19]","[{'pst': (7, 13), 'tst': 5}, {'pst': (1, 2), 'tst': 4}, {'pst': (8, 4), 'tst': 4}, {'pst': (11, 13), 'tst': 1}, {'pst': (4, 3), 'tst': 1}, {'pst': (2, 2), 'tst': 1}, {'pst': (1, 19), 'tst': 0}, {'pst': (12, 4), 'tst': 0}]",0.5545556975635064,5.679698935323883
13,14,"{'text': ""It's a great idea, but I don't think it's the best way to go about it.""}","[0, 1, 2, 3, 4, 5, 6, 7, 8, 9, 10, 11, 12, 13, 14, 15, 16, 17, 18, 19]","[{'pst': (4, 14), 'tst': 8}, {'pst': (7, 14), 'tst': 5}, {'pst': (4, 3), 'tst': 4}, {'pst': (10, 12), 'tst': 2}, {'pst': (2, 15), 'tst': 2}, {'pst': (9, 19), 'tst': 1}, {'pst': (3, 12), 'tst': 0}, {'pst': (0, 11), 'tst': 0}]",0.3976853256733326,4.752917521495021
13,15,,"[0, 1, 2, 3, 4, 5, 6, 7, 8, 9, 10, 11, 12, 13, 14, 15, 16, 17, 18, 19]","[{'pst': (0, 19), 'tst': 7}, {'pst': (4, 12), 'tst': 5}, {'pst': (1, 5), 'tst': 4}, {'pst': (10, 15), 'tst': 2}, {'pst': (2, 12), 'tst': 2}, {'pst': (0, 8), 'tst': 1}, {'pst': (1, 13), 'tst': 0}, {'pst': (4, 4), 'tst': 0}]",0.6494530679071686,3.4625743109736806
13,16,,"[0, 1, 2, 3, 4, 5, 6, 7, 8, 9, 10, 11, 12, 13, 14, 15, 16, 17, 18, 19]","[{'pst': (3, 6), 'tst': 6}, {'pst': (4, 4), 'tst': 5}, {'pst': (8, 16), 'tst': 4}, {'pst': (7, 12), 'tst': 2}, {'pst': (3, 0), 'tst': 2}, {'pst': (10, 17), 'tst': 2}, {'pst': (0, 8), 'tst': 1}, {'pst': (1, 0), 'tst': 0}]",0.45375334575181997,3.941555558327162
13,17,,"[0, 1, 2, 3, 4, 5, 6, 7, 8, 9, 10, 11, 12, 13, 14, 15, 16, 17, 18, 19]","[{'pst': (1, 15), 'tst': 5}, {'pst': (0, 11), 'tst': 3}, {'pst': (10, 17), 'tst': 2}, {'pst': (2, 9), 'tst': 2}, {'pst': (6, 0), 'tst': 1}, {'pst': (2, 11), 'tst': 1}, {'pst': (12, 17), 'tst': 0}, {'pst': (11, 3), 'tst': 0}]",0.5137592703312556,6.491635467626679
13,18,{'text': 'I think legalization of drugs is a pretty good idea.'},"[0, 1, 2, 3, 4, 5, 6, 7, 8, 9, 10, 11, 12, 13, 14, 15, 16, 17, 18, 19]","[{'pst': (1, 6), 'tst': 5}, {'pst': (7, 7), 'tst': 3}, {'pst': (10, 18), 'tst': 2}, {'pst': (2, 12), 'tst': 2}, {'pst': (2, 17), 'tst': 1}, {'pst': (0, 13), 'tst': 1}, {'pst': (1, 14), 'tst': 0}, {'pst': (10, 8), 'tst': 0}]",0.7293887734417293,5.18851512903912
13,19,,"[0, 1, 2, 3, 4, 5, 6, 7, 8, 9, 10, 11, 12, 13, 14, 15, 16, 17, 18, 19]","[{'pst': (1, 13), 'tst': 7}, {'pst': (3, 8), 'tst': 4}, {'pst': (9, 19), 'tst': 3}, {'pst': (4, 6), 'tst': 2}, {'pst': (1, 2), 'tst': 1}, {'pst': (1, 19), 'tst': 1}, {'pst': (1, 3), 'tst': 0}, {'pst': (12, 17), 'tst': 0}]",0.6542556472060362,5.191470325103025
14,0,,"[0, 1, 2, 3, 4, 5, 6, 7, 8, 9, 10, 11, 12, 13, 14, 15, 16, 17, 18, 19]","[{'pst': (1, 15), 'tst': 5}, {'pst': (10, 17), 'tst': 3}, {'pst': (4, 4), 'tst': 2}, {'pst': (2, 17), 'tst': 1}, {'pst': (4, 12), 'tst': 1}, {'pst': (9, 16), 'tst': 1}, {'pst': (1, 5), 'tst': 1}, {'pst': (7, 7), 'tst': 0}]",0.7234021435192066,5.759908857635899
14,1,,"[0, 1, 2, 3, 4, 5, 6, 7, 8, 9, 10, 11, 12, 13, 14, 15, 16, 17, 18, 19]","[{'pst': (3, 19), 'tst': 6}, {'pst': (2, 12), 'tst': 5}, {'pst': (0, 12), 'tst': 4}, {'pst': (11, 1), 'tst': 2}, {'pst': (2, 17), 'tst': 2}, {'pst': (12, 1), 'tst': 1}, {'pst': (7, 12), 'tst': 1}, {'pst': (2, 4), 'tst': 0}]",0.5508765849394169,3.5436304203687645
14,2,,"[0, 1, 2, 3, 4, 5, 6, 7, 8, 9, 10, 11, 12, 13, 14, 15, 16, 17, 18, 19]","[{'pst': (7, 13), 'tst': 4}, {'pst': (3, 14), 'tst': 3}, {'pst': (10, 8), 'tst': 2}, {'pst': (4, 6), 'tst': 2}, {'pst': (1, 2), 'tst': 1}, {'pst': (0, 13), 'tst': 1}, {'pst': (13, 2), 'tst': 0}]",0.6164824600069485,5.929393144386258
14,3,,"[0, 1, 2, 3, 4, 5, 6, 7, 8, 9, 10, 11, 12, 13, 14, 15, 16, 17, 18, 19]","[{'pst': (1, 2), 'tst': 4}, {'pst': (4, 2), 'tst': 3}, {'pst': (8, 4), 'tst': 3}, {'pst': (11, 3), 'tst': 2}, {'pst': (2, 9), 'tst': 1}, {'pst': (5, 13), 'tst': 1}, {'pst': (0, 18), 'tst': 0}, {'pst': (1, 14), 'tst': 0}]",0.5697129570142272,6.160698414885093
14,4,,"[0, 1, 2, 3, 4, 5, 6, 7, 8, 9, 10, 11, 12, 13, 14, 15, 16, 17, 18, 19]","[{'pst': (1, 3), 'tst': 6}, {'pst': (3, 4), 'tst': 5}, {'pst': (3, 18), 'tst': 3}, {'pst': (5, 13), 'tst': 3}, {'pst': (1, 12), 'tst': 2}, {'pst': (12, 4), 'tst': 1}, {'pst': (2, 4), 'tst': 0}, {'pst': (4, 2), 'tst': 0}]",0.5724994264390881,5.519600607179103
14,5,,"[0, 1, 2, 3, 4, 5, 6, 7, 8, 9, 10, 11, 12, 13, 14, 15, 16, 17, 18, 19]","[{'pst': (2, 2), 'tst': 6}, {'pst': (1, 3), 'tst': 4}, {'pst': (1, 14), 'tst': 3}, {'pst': (2, 4), 'tst': 3}, {'pst': (0, 18), 'tst': 2}, {'pst': (12, 1), 'tst': 1}, {'pst': (4, 3), 'tst': 0}, {'pst': (7, 7), 'tst': 0}]",0.6646439329943503,6.644069026358511
14,6,,"[0, 1, 2, 3, 4, 5, 6, 7, 8, 9, 10, 11, 12, 13, 14, 15, 16, 17, 18, 19]","[{'pst': (2, 18), 'tst': 5}, {'pst': (1, 19), 'tst': 3}, {'pst': (7, 12), 'tst': 1}, {'pst': (12, 1), 'tst': 1}, {'pst': (2, 4), 'tst': 1}, {'pst': (12, 4), 'tst': 1}, {'pst': (4, 13), 'tst': 0}, {'pst': (4, 2), 'tst': 0}]",0.5926072692852633,5.9281516824061615
14,7,"{'text': 'If you want to legalize drugs, you should also legalize prostitution.'}","[0, 1, 2, 3, 4, 5, 6, 7, 8, 9, 10, 11, 12, 13, 14, 15, 16, 17, 18, 19]","[{'pst': (7, 13), 'tst': 6}, {'pst': (10, 15), 'tst': 3}, {'pst': (4, 13), 'tst': 2}, {'pst': (5, 13), 'tst': 2}, {'pst': (7, 12), 'tst': 1}, {'pst': (10, 6), 'tst': 1}, {'pst': (13, 7), 'tst': 0}, {'pst': (9, 19), 'tst': 0}]",0.4290934889121088,4.6774502484315885
14,8,,"[0, 1, 2, 3, 4, 5, 6, 7, 8, 9, 10, 11, 12, 13, 14, 15, 16, 17, 18, 19]","[{'pst': (0, 7), 'tst': 4}, {'pst': (3, 16), 'tst': 3}, {'pst': (11, 8), 'tst': 2}, {'pst': (1, 12), 'tst': 2}, {'pst': (1, 19), 'tst': 1}, {'pst': (13, 8), 'tst': 0}, {'pst': (9, 13), 'tst': 0}]",0.666010271769122,6.036812944320042
14,9,,"[0, 1, 2, 3, 4, 5, 6, 7, 8, 9, 10, 11, 12, 13, 14, 15, 16, 17, 18, 19]","[{'pst': (0, 8), 'tst': 3}, {'pst': (0, 1), 'tst': 3}, {'pst': (2, 17), 'tst': 2}, {'pst': (7, 13), 'tst': 2}, {'pst': (9, 16), 'tst': 2}, {'pst': (12, 9), 'tst': 1}, {'pst': (4, 3), 'tst': 1}, {'pst': (4, 6), 'tst': 0}]",0.6622171046799395,6.213340130759242
14,10,,"[0, 1, 2, 3, 4, 5, 6, 7, 8, 9, 10, 11, 12, 13, 14, 15, 16, 17, 18, 19]","[{'pst': (4, 13), 'tst': 6}, {'pst': (6, 0), 'tst': 4}, {'pst': (7, 7), 'tst': 3}, {'pst': (11, 10), 'tst': 2}, {'pst': (3, 6), 'tst': 2}, {'pst': (1, 0), 'tst': 1}, {'pst': (4, 8), 'tst': 0}]",0.6175121505001682,5.665080171912747
14,11,,"[0, 1, 2, 3, 4, 5, 6, 7, 8, 9, 10, 11, 12, 13, 14, 15, 16, 17, 18, 19]","[{'pst': (0, 1), 'tst': 5}, {'pst': (0, 12), 'tst': 5}, {'pst': (0, 15), 'tst': 3}, {'pst': (9, 13), 'tst': 2}, {'pst': (3, 19), 'tst': 2}, {'pst': (2, 12), 'tst': 1}, {'pst': (10, 8), 'tst': 1}, {'pst': (7, 13), 'tst': 0}]",0.5642994777128111,2.995715850843051
14,12,"{'text': ""If you're going to legalize drugs, why not legalize prostitution as well?""}","[0, 1, 2, 3, 4, 5, 6, 7, 8, 9, 10, 11, 12, 13, 14, 15, 16, 17, 18, 19]","[{'pst': (7, 12), 'tst': 6}, {'pst': (5, 13), 'tst': 4}, {'pst': (7, 13), 'tst': 3}, {'pst': (0, 12), 'tst': 2}, {'pst': (3, 6), 'tst': 1}, {'pst': (0, 1), 'tst': 1}, {'pst': (3, 0), 'tst': 0}, {'pst': (3, 18), 'tst': 0}]",0.552969207195333,2.6142520272739014
14,13,"{'text': ""It's not a given that the low well-being of drug users' families are a result of the drug use. The confounding variable is likely mental health issues.""}","[0, 1, 2, 3, 4, 5, 6, 7, 8, 9, 10, 11, 12, 13, 14, 15, 16, 17, 18, 19]","[{'pst': (1, 2), 'tst': 5}, {'pst': (11, 13), 'tst': 2}, {'pst': (4, 3), 'tst': 2}, {'pst': (2, 2), 'tst': 2}, {'pst': (1, 19), 'tst': 1}, {'pst': (12, 4), 'tst': 1}, {'pst': (13, 13), 'tst': 0}, {'pst': (2, 17), 'tst': 0}]",0.5898292243373079,6.1701033392322575
14,14,,"[0, 1, 2, 3, 4, 5, 6, 7, 8, 9, 10, 11, 12, 13, 14, 15, 16, 17, 18, 19]","[{'pst': (7, 14), 'tst': 6}, {'pst': (10, 12), 'tst': 3}, {'pst': (2, 15), 'tst': 3}, {'pst': (9, 19), 'tst': 2}, {'pst': (3, 12), 'tst': 1}, {'pst': (0, 11), 'tst': 1}, {'pst': (13, 14), 'tst': 0}, {'pst': (2, 17), 'tst': 0}]",0.4753120352578903,4.838505953362262
14,15,,"[0, 1, 2, 3, 4, 5, 6, 7, 8, 9, 10, 11, 12, 13, 14, 15, 16, 17, 18, 19]","[{'pst': (0, 19), 'tst': 8}, {'pst': (4, 12), 'tst': 6}, {'pst': (10, 15), 'tst': 3}, {'pst': (2, 12), 'tst': 3}, {'pst': (0, 8), 'tst': 2}, {'pst': (1, 13), 'tst': 1}, {'pst': (4, 4), 'tst': 1}]",0.5953213458467216,3.9230645684417116
14,16,{'text': 'Legalizing drugs would significantly decrease social stigma and discrimination against users who have been incarcerated for employment and education opportunities.'},"[0, 1, 2, 3, 4, 5, 6, 7, 8, 9, 10, 11, 12, 13, 14, 15, 16, 17, 18, 19]","[{'pst': (3, 6), 'tst': 7}, {'pst': (4, 4), 'tst': 6}, {'pst': (7, 12), 'tst': 3}, {'pst': (10, 17), 'tst': 3}, {'pst': (0, 8), 'tst': 2}, {'pst': (1, 0), 'tst': 1}, {'pst': (2, 9), 'tst': 0}, {'pst': (4, 2), 'tst': 0}]",0.594143771274944,5.753043754988415
14,17,,"[0, 1, 2, 3, 4, 5, 6, 7, 8, 9, 10, 11, 12, 13, 14, 15, 16, 17, 18, 19]","[{'pst': (1, 15), 'tst': 6}, {'pst': (0, 11), 'tst': 4}, {'pst': (2, 9), 'tst': 3}, {'pst': (2, 11), 'tst': 2}, {'pst': (12, 17), 'tst': 1}, {'pst': (11, 3), 'tst': 1}, {'pst': (4, 8), 'tst': 0}, {'pst': (2, 5), 'tst': 0}]",0.6169246285589244,7.198293851821701
14,18,,"[0, 1, 2, 3, 4, 5, 6, 7, 8, 9, 10, 11, 12, 13, 14, 15, 16, 17, 18, 19]","[{'pst': (1, 6), 'tst': 6}, {'pst': (10, 18), 'tst': 3}, {'pst': (2, 12), 'tst': 3}, {'pst': (2, 17), 'tst': 2}, {'pst': (1, 14), 'tst': 1}, {'pst': (10, 8), 'tst': 1}, {'pst': (13, 18), 'tst': 0}, {'pst': (3, 12), 'tst': 0}]",0.6789179379840937,5.02534619601989
14,19,,"[0, 1, 2, 3, 4, 5, 6, 7, 8, 9, 10, 11, 12, 13, 14, 15, 16, 17, 18, 19]","[{'pst': (9, 19), 'tst': 4}, {'pst': (4, 6), 'tst': 3}, {'pst': (1, 2), 'tst': 2}, {'pst': (1, 19), 'tst': 2}, {'pst': (1, 3), 'tst': 1}, {'pst': (12, 17), 'tst': 1}]",0.5805557607355291,6.775027133378366
15,0,,"[0, 1, 2, 3, 4, 5, 6, 7, 8, 9, 10, 11, 12, 13, 14, 15, 16, 17, 18, 19]","[{'pst': (10, 17), 'tst': 4}, {'pst': (4, 4), 'tst': 3}, {'pst': (4, 12), 'tst': 2}, {'pst': (9, 16), 'tst': 2}, {'pst': (1, 5), 'tst': 2}, {'pst': (7, 7), 'tst': 1}, {'pst': (1, 2), 'tst': 0}, {'pst': (12, 1), 'tst': 0}]",0.7157113347934235,5.642155348062886
15,1,"{'text': 'Legalization will not make it worse unless it causes the price to go down. Given the emphasis many put on drug taxes as an argument in favor of legalization, that seems unlikely.'}","[0, 1, 2, 3, 4, 5, 6, 7, 8, 9, 10, 11, 12, 13, 14, 15, 16, 17, 18, 19]","[{'pst': (3, 19), 'tst': 7}, {'pst': (0, 12), 'tst': 5}, {'pst': (11, 1), 'tst': 3}, {'pst': (2, 17), 'tst': 3}, {'pst': (12, 1), 'tst': 2}, {'pst': (2, 4), 'tst': 1}, {'pst': (2, 12), 'tst': 0}, {'pst': (3, 4), 'tst': 0}]",0.6010178642512828,3.2287892843271844
15,2,,"[0, 1, 2, 3, 4, 5, 6, 7, 8, 9, 10, 11, 12, 13, 14, 15, 16, 17, 18, 19]","[{'pst': (7, 13), 'tst': 5}, {'pst': (10, 8), 'tst': 3}, {'pst': (1, 2), 'tst': 2}, {'pst': (0, 13), 'tst': 2}, {'pst': (13, 2), 'tst': 1}, {'pst': (9, 19), 'tst': 0}, {'pst': (1, 14), 'tst': 0}, {'pst': (4, 12), 'tst': 0}]",0.5467630628721746,5.930391403568632
15,3,,"[0, 1, 2, 3, 4, 5, 6, 7, 8, 9, 10, 11, 12, 13, 14, 15, 16, 17, 18, 19]","[{'pst': (4, 2), 'tst': 4}, {'pst': (11, 3), 'tst': 3}, {'pst': (2, 9), 'tst': 2}, {'pst': (5, 13), 'tst': 2}, {'pst': (0, 18), 'tst': 1}, {'pst': (1, 14), 'tst': 1}, {'pst': (0, 15), 'tst': 0}, {'pst': (1, 0), 'tst': 0}]",0.6088011350160498,7.014576360086931
15,4,,"[0, 1, 2, 3, 4, 5, 6, 7, 8, 9, 10, 11, 12, 13, 14, 15, 16, 17, 18, 19]","[{'pst': (3, 4), 'tst': 6}, {'pst': (3, 18), 'tst': 4}, {'pst': (5, 13), 'tst': 4}, {'pst': (1, 12), 'tst': 3}, {'pst': (12, 4), 'tst': 2}, {'pst': (2, 4), 'tst': 1}, {'pst': (4, 2), 'tst': 1}, {'pst': (11, 8), 'tst': 0}]",0.5725070482350264,5.321963356531805
15,5,,"[0, 1, 2, 3, 4, 5, 6, 7, 8, 9, 10, 11, 12, 13, 14, 15, 16, 17, 18, 19]","[{'pst': (2, 2), 'tst': 7}, {'pst': (1, 14), 'tst': 4}, {'pst': (2, 4), 'tst': 4}, {'pst': (0, 18), 'tst': 3}, {'pst': (12, 1), 'tst': 2}, {'pst': (4, 3), 'tst': 1}, {'pst': (7, 7), 'tst': 1}, {'pst': (3, 14), 'tst': 0}]",0.677239866039412,5.756065927055111
15,6,"{'text': ""If you're going to legalize drugs, why not legalize prostitution?""}","[0, 1, 2, 3, 4, 5, 6, 7, 8, 9, 10, 11, 12, 13, 14, 15, 16, 17, 18, 19]","[{'pst': (2, 18), 'tst': 6}, {'pst': (7, 12), 'tst': 2}, {'pst': (12, 1), 'tst': 2}, {'pst': (12, 4), 'tst': 2}, {'pst': (4, 13), 'tst': 1}, {'pst': (4, 2), 'tst': 1}, {'pst': (10, 12), 'tst': 0}, {'pst': (13, 13), 'tst': 0}]",0.6070868874958518,5.276566411739308
15,7,"{'text': 'If you want to legalize drugs, you should also legalize prostitution.'}","[0, 1, 2, 3, 4, 5, 6, 7, 8, 9, 10, 11, 12, 13, 14, 15, 16, 17, 18, 19]","[{'pst': (7, 13), 'tst': 7}, {'pst': (10, 15), 'tst': 4}, {'pst': (4, 13), 'tst': 3}, {'pst': (7, 12), 'tst': 2}, {'pst': (13, 7), 'tst': 1}, {'pst': (9, 19), 'tst': 1}, {'pst': (14, 7), 'tst': 0}, {'pst': (5, 13), 'tst': 0}]",0.43698197086623153,4.478135016746628
15,8,{'text': 'I think legalization of drugs is a pretty good idea.'},"[0, 1, 2, 3, 4, 5, 6, 7, 8, 9, 10, 11, 12, 13, 14, 15, 16, 17, 18, 19]","[{'pst': (3, 16), 'tst': 4}, {'pst': (1, 12), 'tst': 3}, {'pst': (1, 19), 'tst': 2}, {'pst': (13, 8), 'tst': 1}, {'pst': (9, 13), 'tst': 1}, {'pst': (1, 15), 'tst': 0}, {'pst': (0, 19), 'tst': 0}, {'pst': (4, 12), 'tst': 0}]",0.6052796894722658,4.960435422328899
15,9,"{'text': 'If you want to legalize drugs, you should also legalize prostitution.'}","[0, 1, 2, 3, 4, 5, 6, 7, 8, 9, 10, 11, 12, 13, 14, 15, 16, 17, 18, 19]","[{'pst': (0, 8), 'tst': 4}, {'pst': (2, 17), 'tst': 3}, {'pst': (7, 13), 'tst': 3}, {'pst': (9, 16), 'tst': 3}, {'pst': (12, 9), 'tst': 2}, {'pst': (4, 6), 'tst': 1}, {'pst': (0, 11), 'tst': 0}, {'pst': (14, 7), 'tst': 0}]",0.6729433145581675,5.470061151749489
15,10,"{'text': ""If you're going to legalize drugs, you might as well legalize all drugs, not just marijuana.""}","[0, 1, 2, 3, 4, 5, 6, 7, 8, 9, 10, 11, 12, 13, 14, 15, 16, 17, 18, 19]","[{'pst': (7, 7), 'tst': 4}, {'pst': (11, 10), 'tst': 3}, {'pst': (3, 6), 'tst': 3}, {'pst': (1, 0), 'tst': 2}, {'pst': (4, 8), 'tst': 1}, {'pst': (4, 3), 'tst': 0}, {'pst': (9, 16), 'tst': 0}, {'pst': (3, 4), 'tst': 0}]",0.623705996441476,6.346887552047987
15,11,,"[0, 1, 2, 3, 4, 5, 6, 7, 8, 9, 10, 11, 12, 13, 14, 15, 16, 17, 18, 19]","[{'pst': (0, 1), 'tst': 6}, {'pst': (0, 15), 'tst': 4}, {'pst': (9, 13), 'tst': 3}, {'pst': (3, 19), 'tst': 3}, {'pst': (10, 8), 'tst': 2}, {'pst': (7, 13), 'tst': 1}, {'pst': (2, 12), 'tst': 0}, {'pst': (12, 4), 'tst': 0}]",0.5275854334364484,3.320330281154832
15,12,,"[0, 1, 2, 3, 4, 5, 6, 7, 8, 9, 10, 11, 12, 13, 14, 15, 16, 17, 18, 19]","[{'pst': (5, 13), 'tst': 5}, {'pst': (0, 12), 'tst': 3}, {'pst': (3, 6), 'tst': 2}, {'pst': (0, 1), 'tst': 2}, {'pst': (3, 0), 'tst': 1}, {'pst': (3, 18), 'tst': 1}, {'pst': (14, 12), 'tst': 0}, {'pst': (0, 15), 'tst': 0}]",0.46604039981998907,3.047813236442874
15,13,,"[0, 1, 2, 3, 4, 5, 6, 7, 8, 9, 10, 11, 12, 13, 14, 15, 16, 17, 18, 19]","[{'pst': (11, 13), 'tst': 3}, {'pst': (2, 2), 'tst': 3}, {'pst': (1, 19), 'tst': 2}, {'pst': (12, 4), 'tst': 2}, {'pst': (13, 13), 'tst': 1}, {'pst': (2, 17), 'tst': 1}, {'pst': (14, 13), 'tst': 0}, {'pst': (5, 13), 'tst': 0}]",0.5659743533616861,5.999991561823295
15,14,,"[0, 1, 2, 3, 4, 5, 6, 7, 8, 9, 10, 11, 12, 13, 14, 15, 16, 17, 18, 19]","[{'pst': (10, 12), 'tst': 4}, {'pst': (2, 15), 'tst': 4}, {'pst': (3, 12), 'tst': 2}, {'pst': (0, 11), 'tst': 2}, {'pst': (13, 14), 'tst': 1}, {'pst': (2, 17), 'tst': 1}, {'pst': (1, 0), 'tst': 0}, {'pst': (4, 6), 'tst': 0}]",0.5715688213971435,6.462700548646559
15,15,,"[0, 1, 2, 3, 4, 5, 6, 7, 8, 9, 10, 11, 12, 13, 14, 15, 16, 17, 18, 19]","[{'pst': (4, 12), 'tst': 7}, {'pst': (10, 15), 'tst': 4}, {'pst': (2, 12), 'tst': 4}, {'pst': (0, 8), 'tst': 3}, {'pst': (1, 13), 'tst': 2}, {'pst': (4, 4), 'tst': 2}, {'pst': (13, 14), 'tst': 0}, {'pst': (7, 7), 'tst': 0}]",0.5957448455114539,4.093697023133613
15,16,,"[0, 1, 2, 3, 4, 5, 6, 7, 8, 9, 10, 11, 12, 13, 14, 15, 16, 17, 18, 19]","[{'pst': (7, 12), 'tst': 4}, {'pst': (10, 17), 'tst': 4}, {'pst': (0, 8), 'tst': 3}, {'pst': (1, 0), 'tst': 2}, {'pst': (2, 9), 'tst': 1}, {'pst': (4, 2), 'tst': 1}, {'pst': (14, 16), 'tst': 0}, {'pst': (3, 16), 'tst': 0}]",0.5110697490280321,5.731042440698372
15,17,,"[0, 1, 2, 3, 4, 5, 6, 7, 8, 9, 10, 11, 12, 13, 14, 15, 16, 17, 18, 19]","[{'pst': (1, 15), 'tst': 7}, {'pst': (2, 9), 'tst': 4}, {'pst': (2, 11), 'tst': 3}, {'pst': (12, 17), 'tst': 2}, {'pst': (11, 3), 'tst': 2}, {'pst': (4, 8), 'tst': 1}, {'pst': (2, 5), 'tst': 1}]",0.6235232222654958,7.169568266416577
15,18,,"[0, 1, 2, 3, 4, 5, 6, 7, 8, 9, 10, 11, 12, 13, 14, 15, 16, 17, 18, 19]","[{'pst': (10, 18), 'tst': 4}, {'pst': (2, 12), 'tst': 4}, {'pst': (2, 17), 'tst': 3}, {'pst': (1, 14), 'tst': 2}, {'pst': (13, 18), 'tst': 1}, {'pst': (3, 12), 'tst': 1}, {'pst': (1, 19), 'tst': 0}, {'pst': (3, 14), 'tst': 0}]",0.7152768603182947,5.099367695310768
15,19,,"[0, 1, 2, 3, 4, 5, 6, 7, 8, 9, 10, 11, 12, 13, 14, 15, 16, 17, 18, 19]","[{'pst': (1, 2), 'tst': 3}, {'pst': (1, 19), 'tst': 3}, {'pst': (1, 3), 'tst': 2}, {'pst': (12, 17), 'tst': 2}, {'pst': (12, 9), 'tst': 0}, {'pst': (10, 6), 'tst': 0}, {'pst': (10, 15), 'tst': 0}, {'pst': (8, 4), 'tst': 0}]",0.42137264408136743,4.997943915874101
16,0,"{'text': 'If you want to legalize drugs, then you should also legalize prostitution.'}","[0, 1, 2, 3, 4, 5, 6, 7, 8, 9, 10, 11, 12, 13, 14, 15, 16, 17, 18, 19]","[{'pst': (10, 17), 'tst': 5}, {'pst': (4, 12), 'tst': 3}, {'pst': (9, 16), 'tst': 3}, {'pst': (1, 5), 'tst': 3}, {'pst': (1, 2), 'tst': 1}, {'pst': (12, 1), 'tst': 1}, {'pst': (3, 14), 'tst': 0}, {'pst': (4, 6), 'tst': 0}]",0.6575024830115234,6.223796925518103
16,1,,"[0, 1, 2, 3, 4, 5, 6, 7, 8, 9, 10, 11, 12, 13, 14, 15, 16, 17, 18, 19]","[{'pst': (11, 1), 'tst': 4}, {'pst': (2, 17), 'tst': 4}, {'pst': (12, 1), 'tst': 3}, {'pst': (2, 4), 'tst': 2}, {'pst': (2, 12), 'tst': 1}, {'pst': (3, 4), 'tst': 1}, {'pst': (15, 1), 'tst': 0}]",0.7215047746747298,5.435542964761443
16,2,,"[0, 1, 2, 3, 4, 5, 6, 7, 8, 9, 10, 11, 12, 13, 14, 15, 16, 17, 18, 19]","[{'pst': (10, 8), 'tst': 4}, {'pst': (1, 2), 'tst': 3}, {'pst': (0, 13), 'tst': 3}, {'pst': (9, 19), 'tst': 1}, {'pst': (1, 14), 'tst': 1}, {'pst': (4, 12), 'tst': 1}, {'pst': (15, 6), 'tst': 0}, {'pst': (13, 8), 'tst': 0}]",0.5589641339355302,6.054162762783239
16,3,"{'text': ""The government could generate more income by simply taking everyone's money by force - that doesn't make it a good choice.""}","[0, 1, 2, 3, 4, 5, 6, 7, 8, 9, 10, 11, 12, 13, 14, 15, 16, 17, 18, 19]","[{'pst': (2, 9), 'tst': 3}, {'pst': (5, 13), 'tst': 3}, {'pst': (0, 18), 'tst': 2}, {'pst': (1, 14), 'tst': 2}, {'pst': (0, 15), 'tst': 1}, {'pst': (1, 0), 'tst': 1}, {'pst': (3, 12), 'tst': 0}, {'pst': (15, 7), 'tst': 0}]",0.5979801610975322,6.7322107467985495
16,4,,"[0, 1, 2, 3, 4, 5, 6, 7, 8, 9, 10, 11, 12, 13, 14, 15, 16, 17, 18, 19]","[{'pst': (3, 4), 'tst': 7}, {'pst': (3, 18), 'tst': 5}, {'pst': (5, 13), 'tst': 5}, {'pst': (2, 4), 'tst': 2}, {'pst': (4, 2), 'tst': 2}, {'pst': (11, 8), 'tst': 1}, {'pst': (0, 19), 'tst': 0}, {'pst': (1, 19), 'tst': 0}]",0.6028371587351383,5.937882847837637
16,5,,"[0, 1, 2, 3, 4, 5, 6, 7, 8, 9, 10, 11, 12, 13, 14, 15, 16, 17, 18, 19]","[{'pst': (2, 2), 'tst': 8}, {'pst': (1, 14), 'tst': 5}, {'pst': (0, 18), 'tst': 4}, {'pst': (4, 3), 'tst': 2}, {'pst': (7, 7), 'tst': 2}, {'pst': (3, 14), 'tst': 1}, {'pst': (1, 15), 'tst': 0}, {'pst': (2, 12), 'tst': 0}]",0.7250641149590613,5.391985349383516
16,6,,"[0, 1, 2, 3, 4, 5, 6, 7, 8, 9, 10, 11, 12, 13, 14, 15, 16, 17, 18, 19]","[{'pst': (7, 12), 'tst': 3}, {'pst': (12, 1), 'tst': 3}, {'pst': (12, 4), 'tst': 3}, {'pst': (4, 13), 'tst': 2}, {'pst': (4, 2), 'tst': 2}, {'pst': (10, 12), 'tst': 1}, {'pst': (13, 13), 'tst': 1}, {'pst': (15, 6), 'tst': 0}]",0.6190297096780274,5.823978153843454
16,7,"{'text': 'If you want to legalize drugs, you should also legalize prostitution.'}","[0, 1, 2, 3, 4, 5, 6, 7, 8, 9, 10, 11, 12, 13, 14, 15, 16, 17, 18, 19]","[{'pst': (7, 13), 'tst': 8}, {'pst': (10, 15), 'tst': 5}, {'pst': (4, 13), 'tst': 4}, {'pst': (13, 7), 'tst': 2}, {'pst': (9, 19), 'tst': 2}, {'pst': (14, 7), 'tst': 1}, {'pst': (5, 13), 'tst': 1}, {'pst': (15, 7), 'tst': 0}]",0.4595514088525277,4.331321277019287
16,8,,"[0, 1, 2, 3, 4, 5, 6, 7, 8, 9, 10, 11, 12, 13, 14, 15, 16, 17, 18, 19]","[{'pst': (1, 12), 'tst': 4}, {'pst': (1, 19), 'tst': 3}, {'pst': (9, 13), 'tst': 2}, {'pst': (1, 15), 'tst': 1}, {'pst': (0, 19), 'tst': 1}, {'pst': (4, 12), 'tst': 1}, {'pst': (15, 8), 'tst': 0}]",0.6537776612940956,6.216638916936338
16,9,,"[0, 1, 2, 3, 4, 5, 6, 7, 8, 9, 10, 11, 12, 13, 14, 15, 16, 17, 18, 19]","[{'pst': (0, 8), 'tst': 5}, {'pst': (7, 13), 'tst': 4}, {'pst': (9, 16), 'tst': 4}, {'pst': (4, 6), 'tst': 2}, {'pst': (0, 11), 'tst': 1}, {'pst': (14, 7), 'tst': 1}, {'pst': (15, 9), 'tst': 0}, {'pst': (15, 7), 'tst': 0}]",0.6433682238453363,6.039658931783826
16,10,,"[0, 1, 2, 3, 4, 5, 6, 7, 8, 9, 10, 11, 12, 13, 14, 15, 16, 17, 18, 19]","[{'pst': (7, 7), 'tst': 5}, {'pst': (11, 10), 'tst': 4}, {'pst': (1, 0), 'tst': 3}, {'pst': (4, 8), 'tst': 2}, {'pst': (4, 3), 'tst': 1}, {'pst': (9, 16), 'tst': 1}, {'pst': (3, 4), 'tst': 1}, {'pst': (15, 10), 'tst': 0}]",0.6200796720287803,7.302165758607486
16,11,,"[0, 1, 2, 3, 4, 5, 6, 7, 8, 9, 10, 11, 12, 13, 14, 15, 16, 17, 18, 19]","[{'pst': (0, 15), 'tst': 5}, {'pst': (9, 13), 'tst': 4}, {'pst': (3, 19), 'tst': 4}, {'pst': (10, 8), 'tst': 3}, {'pst': (7, 13), 'tst': 2}, {'pst': (2, 12), 'tst': 1}, {'pst': (12, 4), 'tst': 1}, {'pst': (2, 11), 'tst': 0}]",0.5156717723839013,3.004731711761821
16,12,,"[0, 1, 2, 3, 4, 5, 6, 7, 8, 9, 10, 11, 12, 13, 14, 15, 16, 17, 18, 19]","[{'pst': (3, 6), 'tst': 3}, {'pst': (0, 1), 'tst': 3}, {'pst': (3, 0), 'tst': 2}, {'pst': (3, 18), 'tst': 2}, {'pst': (14, 12), 'tst': 1}, {'pst': (0, 15), 'tst': 1}, {'pst': (13, 13), 'tst': 0}, {'pst': (10, 17), 'tst': 0}]",0.5014318153530175,3.805418431745079
16,13,"{'text': ""If you're going to legalize drugs, why not legalize prostitution as well?""}","[0, 1, 2, 3, 4, 5, 6, 7, 8, 9, 10, 11, 12, 13, 14, 15, 16, 17, 18, 19]","[{'pst': (1, 19), 'tst': 3}, {'pst': (12, 4), 'tst': 3}, {'pst': (13, 13), 'tst': 2}, {'pst': (2, 17), 'tst': 2}, {'pst': (14, 13), 'tst': 1}, {'pst': (5, 13), 'tst': 1}, {'pst': (0, 18), 'tst': 0}, {'pst': (14, 12), 'tst': 0}]",0.5970186067798479,6.58020856181421
16,14,"{'text': 'Legal drugs would not be the only option; there may still be a market of illegal drugs, for example if it is cheaper than the legal choice.'}","[0, 1, 2, 3, 4, 5, 6, 7, 8, 9, 10, 11, 12, 13, 14, 15, 16, 17, 18, 19]","[{'pst': (2, 15), 'tst': 5}, {'pst': (3, 12), 'tst': 3}, {'pst': (13, 14), 'tst': 2}, {'pst': (2, 17), 'tst': 2}, {'pst': (1, 0), 'tst': 1}, {'pst': (4, 6), 'tst': 1}, {'pst': (11, 8), 'tst': 0}, {'pst': (4, 13), 'tst': 0}]",0.6347081223784771,7.587825328358916
16,15,,"[0, 1, 2, 3, 4, 5, 6, 7, 8, 9, 10, 11, 12, 13, 14, 15, 16, 17, 18, 19]","[{'pst': (4, 12), 'tst': 8}, {'pst': (2, 12), 'tst': 5}, {'pst': (1, 13), 'tst': 3}, {'pst': (4, 4), 'tst': 3}, {'pst': (13, 14), 'tst': 1}, {'pst': (7, 7), 'tst': 1}, {'pst': (3, 19), 'tst': 0}]",0.4962442817527623,3.686454133151726
16,16,,"[0, 1, 2, 3, 4, 5, 6, 7, 8, 9, 10, 11, 12, 13, 14, 15, 16, 17, 18, 19]","[{'pst': (7, 12), 'tst': 5}, {'pst': (10, 17), 'tst': 5}, {'pst': (0, 8), 'tst': 4}, {'pst': (1, 0), 'tst': 3}, {'pst': (14, 16), 'tst': 1}, {'pst': (3, 16), 'tst': 1}, {'pst': (11, 13), 'tst': 0}, {'pst': (1, 3), 'tst': 0}]",0.5068648640549469,5.69015393922179
16,17,,"[0, 1, 2, 3, 4, 5, 6, 7, 8, 9, 10, 11, 12, 13, 14, 15, 16, 17, 18, 19]","[{'pst': (2, 11), 'tst': 4}, {'pst': (12, 17), 'tst': 3}, {'pst': (11, 3), 'tst': 3}, {'pst': (4, 8), 'tst': 2}, {'pst': (2, 5), 'tst': 2}, {'pst': (0, 8), 'tst': 0}, {'pst': (3, 14), 'tst': 0}, {'pst': (7, 7), 'tst': 0}]",0.674473959724761,6.267551033546457
16,18,,"[0, 1, 2, 3, 4, 5, 6, 7, 8, 9, 10, 11, 12, 13, 14, 15, 16, 17, 18, 19]","[{'pst': (10, 18), 'tst': 5}, {'pst': (2, 12), 'tst': 5}, {'pst': (1, 14), 'tst': 3}, {'pst': (3, 12), 'tst': 2}, {'pst': (1, 19), 'tst': 1}, {'pst': (3, 14), 'tst': 1}, {'pst': (14, 13), 'tst': 0}, {'pst': (4, 12), 'tst': 0}]",0.6537639592883044,5.099683674013889
16,19,,"[0, 1, 2, 3, 4, 5, 6, 7, 8, 9, 10, 11, 12, 13, 14, 15, 16, 17, 18, 19]","[{'pst': (1, 3), 'tst': 3}, {'pst': (12, 17), 'tst': 3}, {'pst': (12, 9), 'tst': 1}, {'pst': (10, 6), 'tst': 1}, {'pst': (10, 15), 'tst': 1}, {'pst': (8, 4), 'tst': 1}, {'pst': (3, 6), 'tst': 0}, {'pst': (13, 2), 'tst': 0}]",0.3680422492278775,4.333613778481638
17,0,,"[0, 1, 2, 3, 4, 5, 6, 7, 8, 9, 10, 11, 12, 13, 14, 15, 16, 17, 18, 19]","[{'pst': (10, 17), 'tst': 6}, {'pst': (9, 16), 'tst': 4}, {'pst': (1, 5), 'tst': 4}, {'pst': (12, 1), 'tst': 2}, {'pst': (3, 14), 'tst': 1}, {'pst': (4, 6), 'tst': 1}, {'pst': (16, 0), 'tst': 0}, {'pst': (2, 17), 'tst': 0}]",0.6986057803279009,6.544732047095374
17,1,"{'text': ""I don't think it's a good idea to legalize all drugs, but I do think it's a good idea to legalize marijuana.""}","[0, 1, 2, 3, 4, 5, 6, 7, 8, 9, 10, 11, 12, 13, 14, 15, 16, 17, 18, 19]","[{'pst': (12, 1), 'tst': 4}, {'pst': (2, 4), 'tst': 3}, {'pst': (2, 12), 'tst': 2}, {'pst': (3, 4), 'tst': 2}, {'pst': (15, 1), 'tst': 1}, {'pst': (13, 14), 'tst': 0}, {'pst': (16, 3), 'tst': 0}, {'pst': (2, 2), 'tst': 0}]",0.6199213745084878,4.977263536211103
17,2,"{'text': 'Legalization of drugs does not solve the problem of drug addiction, it just makes the problem worse.'}","[0, 1, 2, 3, 4, 5, 6, 7, 8, 9, 10, 11, 12, 13, 14, 15, 16, 17, 18, 19]","[{'pst': (10, 8), 'tst': 5}, {'pst': (0, 13), 'tst': 4}, {'pst': (1, 14), 'tst': 2}, {'pst': (4, 12), 'tst': 2}, {'pst': (15, 6), 'tst': 1}, {'pst': (13, 8), 'tst': 1}, {'pst': (0, 19), 'tst': 0}]",0.5988335256298153,6.122392840776371
17,3,,"[0, 1, 2, 3, 4, 5, 6, 7, 8, 9, 10, 11, 12, 13, 14, 15, 16, 17, 18, 19]","[{'pst': (2, 9), 'tst': 4}, {'pst': (5, 13), 'tst': 4}, {'pst': (0, 15), 'tst': 2}, {'pst': (1, 0), 'tst': 2}, {'pst': (3, 12), 'tst': 1}, {'pst': (15, 7), 'tst': 1}, {'pst': (16, 3), 'tst': 0}, {'pst': (14, 16), 'tst': 0}]",0.5701393838212484,7.5545039173768185
17,4,,"[0, 1, 2, 3, 4, 5, 6, 7, 8, 9, 10, 11, 12, 13, 14, 15, 16, 17, 18, 19]","[{'pst': (3, 18), 'tst': 6}, {'pst': (2, 4), 'tst': 3}, {'pst': (4, 2), 'tst': 3}, {'pst': (11, 8), 'tst': 2}, {'pst': (0, 19), 'tst': 1}, {'pst': (1, 19), 'tst': 1}, {'pst': (12, 4), 'tst': 0}]",0.5649031627748211,5.095940329915488
17,5,,"[0, 1, 2, 3, 4, 5, 6, 7, 8, 9, 10, 11, 12, 13, 14, 15, 16, 17, 18, 19]","[{'pst': (2, 2), 'tst': 9}, {'pst': (0, 18), 'tst': 5}, {'pst': (4, 3), 'tst': 3}, {'pst': (7, 7), 'tst': 3}, {'pst': (3, 14), 'tst': 2}, {'pst': (1, 15), 'tst': 1}, {'pst': (2, 12), 'tst': 1}, {'pst': (1, 0), 'tst': 0}]",0.6991233602747438,5.499270145051203
17,6,,"[0, 1, 2, 3, 4, 5, 6, 7, 8, 9, 10, 11, 12, 13, 14, 15, 16, 17, 18, 19]","[{'pst': (7, 12), 'tst': 4}, {'pst': (12, 4), 'tst': 4}, {'pst': (4, 13), 'tst': 3}, {'pst': (10, 12), 'tst': 2}, {'pst': (13, 13), 'tst': 2}, {'pst': (15, 6), 'tst': 1}, {'pst': (12, 9), 'tst': 0}, {'pst': (4, 3), 'tst': 0}]",0.6586680636436523,5.8790696939462475
17,7,,"[0, 1, 2, 3, 4, 5, 6, 7, 8, 9, 10, 11, 12, 13, 14, 15, 16, 17, 18, 19]","[{'pst': (4, 13), 'tst': 5}, {'pst': (13, 7), 'tst': 3}, {'pst': (9, 19), 'tst': 3}, {'pst': (14, 7), 'tst': 2}, {'pst': (5, 13), 'tst': 2}, {'pst': (15, 7), 'tst': 1}, {'pst': (16, 7), 'tst': 0}, {'pst': (14, 16), 'tst': 0}]",0.6113785006577428,7.158734827300387
17,8,,"[0, 1, 2, 3, 4, 5, 6, 7, 8, 9, 10, 11, 12, 13, 14, 15, 16, 17, 18, 19]","[{'pst': (1, 19), 'tst': 4}, {'pst': (1, 15), 'tst': 2}, {'pst': (0, 19), 'tst': 2}, {'pst': (4, 12), 'tst': 2}, {'pst': (15, 8), 'tst': 1}, {'pst': (7, 13), 'tst': 0}, {'pst': (4, 3), 'tst': 0}, {'pst': (7, 7), 'tst': 0}]",0.6750090267849733,6.926331781084751
17,9,,"[0, 1, 2, 3, 4, 5, 6, 7, 8, 9, 10, 11, 12, 13, 14, 15, 16, 17, 18, 19]","[{'pst': (7, 13), 'tst': 5}, {'pst': (9, 16), 'tst': 5}, {'pst': (4, 6), 'tst': 3}, {'pst': (0, 11), 'tst': 2}, {'pst': (14, 7), 'tst': 2}, {'pst': (15, 9), 'tst': 1}, {'pst': (15, 7), 'tst': 1}, {'pst': (1, 12), 'tst': 0}]",0.6329787488658928,5.682741818869424
17,10,,"[0, 1, 2, 3, 4, 5, 6, 7, 8, 9, 10, 11, 12, 13, 14, 15, 16, 17, 18, 19]","[{'pst': (1, 0), 'tst': 4}, {'pst': (4, 8), 'tst': 3}, {'pst': (4, 3), 'tst': 2}, {'pst': (9, 16), 'tst': 2}, {'pst': (3, 4), 'tst': 2}, {'pst': (15, 10), 'tst': 1}, {'pst': (14, 12), 'tst': 0}, {'pst': (4, 2), 'tst': 0}]",0.6212010103916559,8.490153445082166
17,11,,"[0, 1, 2, 3, 4, 5, 6, 7, 8, 9, 10, 11, 12, 13, 14, 15, 16, 17, 18, 19]","[{'pst': (0, 15), 'tst': 6}, {'pst': (10, 8), 'tst': 4}, {'pst': (7, 13), 'tst': 3}, {'pst': (2, 12), 'tst': 2}, {'pst': (12, 4), 'tst': 2}, {'pst': (2, 11), 'tst': 1}, {'pst': (14, 12), 'tst': 0}, {'pst': (3, 4), 'tst': 0}]",0.6100577252069971,4.154154947626547
17,12,,"[0, 1, 2, 3, 4, 5, 6, 7, 8, 9, 10, 11, 12, 13, 14, 15, 16, 17, 18, 19]","[{'pst': (0, 1), 'tst': 4}, {'pst': (3, 0), 'tst': 3}, {'pst': (3, 18), 'tst': 3}, {'pst': (14, 12), 'tst': 2}, {'pst': (13, 13), 'tst': 1}, {'pst': (10, 17), 'tst': 1}, {'pst': (9, 19), 'tst': 0}, {'pst': (12, 1), 'tst': 0}]",0.5677239630794131,4.190395598663359
17,13,,"[0, 1, 2, 3, 4, 5, 6, 7, 8, 9, 10, 11, 12, 13, 14, 15, 16, 17, 18, 19]","[{'pst': (1, 19), 'tst': 4}, {'pst': (12, 4), 'tst': 4}, {'pst': (14, 13), 'tst': 2}, {'pst': (5, 13), 'tst': 2}, {'pst': (0, 18), 'tst': 1}, {'pst': (14, 12), 'tst': 1}, {'pst': (16, 13), 'tst': 0}, {'pst': (4, 6), 'tst': 0}]",0.5938006690005656,6.651120141235964
17,14,,"[0, 1, 2, 3, 4, 5, 6, 7, 8, 9, 10, 11, 12, 13, 14, 15, 16, 17, 18, 19]","[{'pst': (3, 12), 'tst': 4}, {'pst': (13, 14), 'tst': 3}, {'pst': (2, 17), 'tst': 3}, {'pst': (1, 0), 'tst': 2}, {'pst': (4, 6), 'tst': 2}, {'pst': (11, 8), 'tst': 1}, {'pst': (4, 13), 'tst': 1}, {'pst': (16, 14), 'tst': 0}]",0.6384062219179876,7.283809944287771
17,15,,"[0, 1, 2, 3, 4, 5, 6, 7, 8, 9, 10, 11, 12, 13, 14, 15, 16, 17, 18, 19]","[{'pst': (2, 12), 'tst': 6}, {'pst': (4, 4), 'tst': 4}, {'pst': (13, 14), 'tst': 2}, {'pst': (7, 7), 'tst': 2}, {'pst': (3, 19), 'tst': 1}, {'pst': (3, 6), 'tst': 0}, {'pst': (2, 5), 'tst': 0}, {'pst': (3, 4), 'tst': 0}]",0.5444087270905095,2.703560936964241
17,16,,"[0, 1, 2, 3, 4, 5, 6, 7, 8, 9, 10, 11, 12, 13, 14, 15, 16, 17, 18, 19]","[{'pst': (10, 17), 'tst': 6}, {'pst': (1, 0), 'tst': 4}, {'pst': (14, 16), 'tst': 2}, {'pst': (3, 16), 'tst': 2}, {'pst': (11, 13), 'tst': 1}, {'pst': (1, 3), 'tst': 1}, {'pst': (2, 2), 'tst': 0}, {'pst': (4, 6), 'tst': 0}]",0.5777722577366734,5.637879262361504
17,17,,"[0, 1, 2, 3, 4, 5, 6, 7, 8, 9, 10, 11, 12, 13, 14, 15, 16, 17, 18, 19]","[{'pst': (12, 17), 'tst': 4}, {'pst': (11, 3), 'tst': 4}, {'pst': (4, 8), 'tst': 3}, {'pst': (2, 5), 'tst': 3}, {'pst': (0, 8), 'tst': 1}, {'pst': (3, 14), 'tst': 1}, {'pst': (7, 7), 'tst': 1}, {'pst': (2, 11), 'tst': 0}]",0.6284914604651045,5.821816633712193
17,18,{'text': 'I think legalization of drugs is a pretty good idea.'},"[0, 1, 2, 3, 4, 5, 6, 7, 8, 9, 10, 11, 12, 13, 14, 15, 16, 17, 18, 19]","[{'pst': (1, 14), 'tst': 4}, {'pst': (3, 12), 'tst': 3}, {'pst': (1, 19), 'tst': 2}, {'pst': (3, 14), 'tst': 2}, {'pst': (14, 13), 'tst': 1}, {'pst': (4, 12), 'tst': 1}, {'pst': (2, 17), 'tst': 0}, {'pst': (7, 13), 'tst': 0}]",0.6264455764524081,6.244736421610103
17,19,,"[0, 1, 2, 3, 4, 5, 6, 7, 8, 9, 10, 11, 12, 13, 14, 15, 16, 17, 18, 19]","[{'pst': (1, 3), 'tst': 4}, {'pst': (12, 9), 'tst': 2}, {'pst': (10, 15), 'tst': 2}, {'pst': (8, 4), 'tst': 2}, {'pst': (3, 6), 'tst': 1}, {'pst': (13, 2), 'tst': 1}, {'pst': (10, 8), 'tst': 0}, {'pst': (15, 10), 'tst': 0}]",0.46590256154301124,4.368721536380807
18,0,,"[0, 1, 2, 3, 4, 5, 6, 7, 8, 9, 10, 11, 12, 13, 14, 15, 16, 17, 18, 19]","[{'pst': (10, 17), 'tst': 7}, {'pst': (1, 5), 'tst': 5}, {'pst': (12, 1), 'tst': 3}, {'pst': (4, 6), 'tst': 2}, {'pst': (16, 0), 'tst': 1}, {'pst': (2, 17), 'tst': 1}, {'pst': (11, 8), 'tst': 0}, {'pst': (2, 11), 'tst': 0}]",0.6441061086610447,6.009631438006692
18,1,,"[0, 1, 2, 3, 4, 5, 6, 7, 8, 9, 10, 11, 12, 13, 14, 15, 16, 17, 18, 19]","[{'pst': (2, 4), 'tst': 4}, {'pst': (2, 12), 'tst': 3}, {'pst': (3, 4), 'tst': 3}, {'pst': (15, 1), 'tst': 2}, {'pst': (13, 14), 'tst': 1}, {'pst': (16, 3), 'tst': 1}, {'pst': (2, 2), 'tst': 1}, {'pst': (17, 1), 'tst': 0}]",0.6489215460136339,5.690991104115503
18,2,,"[0, 1, 2, 3, 4, 5, 6, 7, 8, 9, 10, 11, 12, 13, 14, 15, 16, 17, 18, 19]","[{'pst': (0, 13), 'tst': 5}, {'pst': (4, 12), 'tst': 3}, {'pst': (15, 6), 'tst': 2}, {'pst': (13, 8), 'tst': 2}, {'pst': (0, 19), 'tst': 1}, {'pst': (17, 2), 'tst': 0}, {'pst': (10, 17), 'tst': 0}, {'pst': (14, 16), 'tst': 0}]",0.5885743242464503,6.164533168184127
18,3,,"[0, 1, 2, 3, 4, 5, 6, 7, 8, 9, 10, 11, 12, 13, 14, 15, 16, 17, 18, 19]","[{'pst': (2, 9), 'tst': 5}, {'pst': (1, 0), 'tst': 3}, {'pst': (3, 12), 'tst': 2}, {'pst': (15, 7), 'tst': 2}, {'pst': (16, 3), 'tst': 1}, {'pst': (14, 16), 'tst': 1}, {'pst': (3, 6), 'tst': 0}, {'pst': (4, 8), 'tst': 0}]",0.5476186483378448,6.390335633169906
18,4,,"[0, 1, 2, 3, 4, 5, 6, 7, 8, 9, 10, 11, 12, 13, 14, 15, 16, 17, 18, 19]","[{'pst': (2, 4), 'tst': 4}, {'pst': (11, 8), 'tst': 3}, {'pst': (0, 19), 'tst': 2}, {'pst': (1, 19), 'tst': 2}, {'pst': (12, 4), 'tst': 1}, {'pst': (4, 13), 'tst': 0}, {'pst': (13, 7), 'tst': 0}, {'pst': (4, 4), 'tst': 0}]",0.6679432813021361,4.557143252969967
18,5,"{'text': ""If you're going to legalize drugs, you might as well legalize all drugs, not just marijuana.""}","[0, 1, 2, 3, 4, 5, 6, 7, 8, 9, 10, 11, 12, 13, 14, 15, 16, 17, 18, 19]","[{'pst': (2, 2), 'tst': 10}, {'pst': (0, 18), 'tst': 6}, {'pst': (3, 14), 'tst': 3}, {'pst': (1, 15), 'tst': 2}, {'pst': (2, 12), 'tst': 2}, {'pst': (1, 0), 'tst': 1}, {'pst': (1, 3), 'tst': 0}, {'pst': (15, 10), 'tst': 0}]",0.6985902753490041,5.43199852545021
18,6,,"[0, 1, 2, 3, 4, 5, 6, 7, 8, 9, 10, 11, 12, 13, 14, 15, 16, 17, 18, 19]","[{'pst': (12, 4), 'tst': 5}, {'pst': (4, 13), 'tst': 4}, {'pst': (13, 13), 'tst': 3}, {'pst': (15, 6), 'tst': 2}, {'pst': (12, 9), 'tst': 1}, {'pst': (4, 3), 'tst': 1}, {'pst': (17, 1), 'tst': 0}, {'pst': (4, 12), 'tst': 0}]",0.6390683967793842,5.5762620601029536
18,7,"{'text': 'If you want to legalize drugs, you should also legalize prostitution.'}","[0, 1, 2, 3, 4, 5, 6, 7, 8, 9, 10, 11, 12, 13, 14, 15, 16, 17, 18, 19]","[{'pst': (13, 7), 'tst': 4}, {'pst': (9, 19), 'tst': 4}, {'pst': (14, 7), 'tst': 3}, {'pst': (15, 7), 'tst': 2}, {'pst': (16, 7), 'tst': 1}, {'pst': (14, 16), 'tst': 1}, {'pst': (2, 11), 'tst': 0}, {'pst': (3, 4), 'tst': 0}]",0.5837412561278665,6.986357891461002
18,8,,"[0, 1, 2, 3, 4, 5, 6, 7, 8, 9, 10, 11, 12, 13, 14, 15, 16, 17, 18, 19]","[{'pst': (1, 15), 'tst': 3}, {'pst': (0, 19), 'tst': 3}, {'pst': (4, 12), 'tst': 3}, {'pst': (15, 8), 'tst': 2}, {'pst': (7, 13), 'tst': 1}, {'pst': (4, 3), 'tst': 1}, {'pst': (7, 7), 'tst': 1}, {'pst': (17, 2), 'tst': 0}]",0.6283385655164248,6.23979704556694
18,9,,"[0, 1, 2, 3, 4, 5, 6, 7, 8, 9, 10, 11, 12, 13, 14, 15, 16, 17, 18, 19]","[{'pst': (9, 16), 'tst': 6}, {'pst': (4, 6), 'tst': 4}, {'pst': (0, 11), 'tst': 3}, {'pst': (14, 7), 'tst': 3}, {'pst': (15, 9), 'tst': 2}, {'pst': (15, 7), 'tst': 2}, {'pst': (1, 12), 'tst': 1}, {'pst': (15, 10), 'tst': 0}]",0.6700031881837474,5.776833890565131
18,10,,"[0, 1, 2, 3, 4, 5, 6, 7, 8, 9, 10, 11, 12, 13, 14, 15, 16, 17, 18, 19]","[{'pst': (4, 3), 'tst': 3}, {'pst': (9, 16), 'tst': 3}, {'pst': (3, 4), 'tst': 3}, {'pst': (15, 10), 'tst': 2}, {'pst': (14, 12), 'tst': 1}, {'pst': (4, 2), 'tst': 1}]",0.615263953330985,9.190773385505917
18,11,,"[0, 1, 2, 3, 4, 5, 6, 7, 8, 9, 10, 11, 12, 13, 14, 15, 16, 17, 18, 19]","[{'pst': (0, 15), 'tst': 7}, {'pst': (10, 8), 'tst': 5}, {'pst': (12, 4), 'tst': 3}, {'pst': (2, 11), 'tst': 2}, {'pst': (14, 12), 'tst': 1}, {'pst': (3, 4), 'tst': 1}, {'pst': (0, 1), 'tst': 0}, {'pst': (4, 8), 'tst': 0}]",0.511670139158658,6.43063998938376
18,12,,"[0, 1, 2, 3, 4, 5, 6, 7, 8, 9, 10, 11, 12, 13, 14, 15, 16, 17, 18, 19]","[{'pst': (3, 0), 'tst': 4}, {'pst': (14, 12), 'tst': 3}, {'pst': (13, 13), 'tst': 2}, {'pst': (10, 17), 'tst': 2}, {'pst': (9, 19), 'tst': 1}, {'pst': (12, 1), 'tst': 1}, {'pst': (11, 13), 'tst': 0}, {'pst': (7, 7), 'tst': 0}]",0.5053072653183022,4.419968597674476
18,13,,"[0, 1, 2, 3, 4, 5, 6, 7, 8, 9, 10, 11, 12, 13, 14, 15, 16, 17, 18, 19]","[{'pst': (1, 19), 'tst': 5}, {'pst': (12, 4), 'tst': 5}, {'pst': (5, 13), 'tst': 3}, {'pst': (0, 18), 'tst': 2}, {'pst': (16, 13), 'tst': 1}, {'pst': (4, 6), 'tst': 1}, {'pst': (15, 1), 'tst': 0}, {'pst': (4, 8), 'tst': 0}]",0.5804863821601166,7.176988744322134
18,14,,"[0, 1, 2, 3, 4, 5, 6, 7, 8, 9, 10, 11, 12, 13, 14, 15, 16, 17, 18, 19]","[{'pst': (2, 17), 'tst': 4}, {'pst': (1, 0), 'tst': 3}, {'pst': (4, 6), 'tst': 3}, {'pst': (11, 8), 'tst': 2}, {'pst': (4, 13), 'tst': 2}, {'pst': (16, 14), 'tst': 1}, {'pst': (0, 8), 'tst': 0}, {'pst': (12, 1), 'tst': 0}]",0.7034681228528727,6.665026695693239
18,15,"{'text': ""If you're going to legalize drugs, you might as well legalize all drugs, not just marijuana.""}","[0, 1, 2, 3, 4, 5, 6, 7, 8, 9, 10, 11, 12, 13, 14, 15, 16, 17, 18, 19]","[{'pst': (13, 14), 'tst': 3}, {'pst': (7, 7), 'tst': 3}, {'pst': (3, 19), 'tst': 2}, {'pst': (3, 6), 'tst': 1}, {'pst': (2, 5), 'tst': 1}, {'pst': (3, 4), 'tst': 1}, {'pst': (4, 13), 'tst': 0}, {'pst': (14, 13), 'tst': 0}]",0.4532672764871353,3.506751217008289
18,16,,"[0, 1, 2, 3, 4, 5, 6, 7, 8, 9, 10, 11, 12, 13, 14, 15, 16, 17, 18, 19]","[{'pst': (1, 0), 'tst': 5}, {'pst': (14, 16), 'tst': 3}, {'pst': (3, 16), 'tst': 3}, {'pst': (11, 13), 'tst': 2}, {'pst': (2, 2), 'tst': 1}, {'pst': (4, 6), 'tst': 1}, {'pst': (0, 13), 'tst': 0}, {'pst': (10, 17), 'tst': 0}]",0.5884827388335283,5.454355388293496
18,17,,"[0, 1, 2, 3, 4, 5, 6, 7, 8, 9, 10, 11, 12, 13, 14, 15, 16, 17, 18, 19]","[{'pst': (12, 17), 'tst': 5}, {'pst': (11, 3), 'tst': 5}, {'pst': (4, 8), 'tst': 4}, {'pst': (0, 8), 'tst': 2}, {'pst': (7, 7), 'tst': 2}, {'pst': (2, 11), 'tst': 1}, {'pst': (4, 3), 'tst': 0}, {'pst': (4, 6), 'tst': 0}]",0.6384510588383387,7.036598627642366
18,18,,"[0, 1, 2, 3, 4, 5, 6, 7, 8, 9, 10, 11, 12, 13, 14, 15, 16, 17, 18, 19]","[{'pst': (3, 12), 'tst': 4}, {'pst': (1, 19), 'tst': 3}, {'pst': (3, 14), 'tst': 3}, {'pst': (4, 12), 'tst': 2}, {'pst': (2, 17), 'tst': 1}, {'pst': (7, 13), 'tst': 1}, {'pst': (17, 18), 'tst': 0}, {'pst': (4, 6), 'tst': 0}]",0.6373832014349817,6.129589776221932
18,19,,"[0, 1, 2, 3, 4, 5, 6, 7, 8, 9, 10, 11, 12, 13, 14, 15, 16, 17, 18, 19]","[{'pst': (1, 3), 'tst': 5}, {'pst': (12, 9), 'tst': 3}, {'pst': (3, 6), 'tst': 2}, {'pst': (13, 2), 'tst': 2}, {'pst': (10, 8), 'tst': 1}, {'pst': (15, 10), 'tst': 1}, {'pst': (5, 13), 'tst': 0}, {'pst': (15, 7), 'tst': 0}]",0.5858575392417426,5.8218522445918826
19,0,,"[0, 1, 2, 3, 4, 5, 6, 7, 8, 9, 10, 11, 12, 13, 14, 15, 16, 17, 18, 19]","[{'pst': (10, 17), 'tst': 8}, {'pst': (12, 1), 'tst': 4}, {'pst': (16, 0), 'tst': 2}, {'pst': (2, 17), 'tst': 2}, {'pst': (11, 8), 'tst': 1}, {'pst': (2, 11), 'tst': 1}, {'pst': (16, 7), 'tst': 0}, {'pst': (11, 13), 'tst': 0}]",0.6386775789330834,5.804648050034731
19,1,"{'text': ""The government could generate more income by simply taking everyone's money by force - that doesn't make it a good choice.""}","[0, 1, 2, 3, 4, 5, 6, 7, 8, 9, 10, 11, 12, 13, 14, 15, 16, 17, 18, 19]","[{'pst': (2, 4), 'tst': 5}, {'pst': (3, 4), 'tst': 4}, {'pst': (15, 1), 'tst': 3}, {'pst': (13, 14), 'tst': 2}, {'pst': (16, 3), 'tst': 2}, {'pst': (2, 2), 'tst': 2}, {'pst': (17, 1), 'tst': 1}]",0.6127010773790698,6.449676545686666
19,2,"{'text': 'If you want to legalize drugs, then you should also legalize prostitution.'}","[0, 1, 2, 3, 4, 5, 6, 7, 8, 9, 10, 11, 12, 13, 14, 15, 16, 17, 18, 19]","[{'pst': (0, 13), 'tst': 6}, {'pst': (13, 8), 'tst': 3}, {'pst': (0, 19), 'tst': 2}, {'pst': (17, 2), 'tst': 1}, {'pst': (10, 17), 'tst': 1}, {'pst': (14, 16), 'tst': 1}, {'pst': (3, 6), 'tst': 0}, {'pst': (2, 11), 'tst': 0}]",0.49762678317445164,5.121068779077343
19,3,,"[0, 1, 2, 3, 4, 5, 6, 7, 8, 9, 10, 11, 12, 13, 14, 15, 16, 17, 18, 19]","[{'pst': (1, 0), 'tst': 4}, {'pst': (15, 7), 'tst': 3}, {'pst': (16, 3), 'tst': 2}, {'pst': (14, 16), 'tst': 2}, {'pst': (3, 6), 'tst': 1}, {'pst': (4, 8), 'tst': 1}, {'pst': (0, 19), 'tst': 0}, {'pst': (2, 4), 'tst': 0}]",0.5349844399078272,6.481767522210727
19,4,,"[0, 1, 2, 3, 4, 5, 6, 7, 8, 9, 10, 11, 12, 13, 14, 15, 16, 17, 18, 19]","[{'pst': (11, 8), 'tst': 4}, {'pst': (1, 19), 'tst': 3}, {'pst': (12, 4), 'tst': 2}, {'pst': (4, 13), 'tst': 1}, {'pst': (13, 7), 'tst': 1}, {'pst': (4, 4), 'tst': 1}, {'pst': (16, 13), 'tst': 0}, {'pst': (16, 3), 'tst': 0}]",0.6168389445305298,5.075532547313528
19,5,,"[0, 1, 2, 3, 4, 5, 6, 7, 8, 9, 10, 11, 12, 13, 14, 15, 16, 17, 18, 19]","[{'pst': (2, 2), 'tst': 11}, {'pst': (0, 18), 'tst': 7}, {'pst': (1, 15), 'tst': 3}, {'pst': (2, 12), 'tst': 3}, {'pst': (1, 3), 'tst': 1}, {'pst': (15, 10), 'tst': 1}, {'pst': (18, 5), 'tst': 0}, {'pst': (12, 1), 'tst': 0}]",0.7116206774731204,5.548507601381688
19,6,"{'text': ""If we're going to legalize drugs, we need to do it in a way that doesn't hurt the economy.""}","[0, 1, 2, 3, 4, 5, 6, 7, 8, 9, 10, 11, 12, 13, 14, 15, 16, 17, 18, 19]","[{'pst': (12, 4), 'tst': 6}, {'pst': (4, 13), 'tst': 5}, {'pst': (13, 13), 'tst': 4}, {'pst': (4, 3), 'tst': 2}, {'pst': (17, 1), 'tst': 1}, {'pst': (4, 12), 'tst': 1}, {'pst': (1, 5), 'tst': 0}, {'pst': (13, 8), 'tst': 0}]",0.6601541283890529,5.80320600636561
19,7,,"[0, 1, 2, 3, 4, 5, 6, 7, 8, 9, 10, 11, 12, 13, 14, 15, 16, 17, 18, 19]","[{'pst': (13, 7), 'tst': 5}, {'pst': (14, 7), 'tst': 4}, {'pst': (16, 7), 'tst': 2}, {'pst': (14, 16), 'tst': 2}, {'pst': (2, 11), 'tst': 1}, {'pst': (3, 4), 'tst': 1}, {'pst': (18, 7), 'tst': 0}, {'pst': (1, 15), 'tst': 0}]",0.6012212649712873,7.0976832745984915
19,8,,"[0, 1, 2, 3, 4, 5, 6, 7, 8, 9, 10, 11, 12, 13, 14, 15, 16, 17, 18, 19]","[{'pst': (0, 19), 'tst': 4}, {'pst': (4, 12), 'tst': 4}, {'pst': (15, 8), 'tst': 3}, {'pst': (7, 13), 'tst': 2}, {'pst': (7, 7), 'tst': 2}, {'pst': (17, 2), 'tst': 1}, {'pst': (0, 18), 'tst': 0}, {'pst': (4, 6), 'tst': 0}]",0.6640971628572837,6.464522624166084
19,9,,"[0, 1, 2, 3, 4, 5, 6, 7, 8, 9, 10, 11, 12, 13, 14, 15, 16, 17, 18, 19]","[{'pst': (9, 16), 'tst': 7}, {'pst': (4, 6), 'tst': 5}, {'pst': (14, 7), 'tst': 4}, {'pst': (15, 7), 'tst': 3}, {'pst': (1, 12), 'tst': 2}, {'pst': (15, 10), 'tst': 1}, {'pst': (13, 13), 'tst': 0}, {'pst': (14, 12), 'tst': 0}]",0.6633946763280019,6.391405036188285
19,10,"{'text': ""If you're going to legalize drugs, why not legalize prostitution as well?""}","[0, 1, 2, 3, 4, 5, 6, 7, 8, 9, 10, 11, 12, 13, 14, 15, 16, 17, 18, 19]","[{'pst': (4, 3), 'tst': 4}, {'pst': (9, 16), 'tst': 4}, {'pst': (3, 4), 'tst': 4}, {'pst': (14, 12), 'tst': 2}, {'pst': (4, 2), 'tst': 2}, {'pst': (15, 1), 'tst': 0}, {'pst': (2, 2), 'tst': 0}, {'pst': (4, 12), 'tst': 0}]",0.5810227054535234,7.710697701249528
19,11,,"[0, 1, 2, 3, 4, 5, 6, 7, 8, 9, 10, 11, 12, 13, 14, 15, 16, 17, 18, 19]","[{'pst': (10, 8), 'tst': 6}, {'pst': (2, 11), 'tst': 3}, {'pst': (14, 12), 'tst': 2}, {'pst': (3, 4), 'tst': 2}, {'pst': (0, 1), 'tst': 1}, {'pst': (4, 8), 'tst': 1}, {'pst': (16, 7), 'tst': 0}, {'pst': (16, 13), 'tst': 0}]",0.5925869605902174,7.179304007862111
19,12,"{'text': ""It's not a given that the low well-being of drug users' families are a result of the drug use. The confounding variable is likely mental health issues.""}","[0, 1, 2, 3, 4, 5, 6, 7, 8, 9, 10, 11, 12, 13, 14, 15, 16, 17, 18, 19]","[{'pst': (3, 0), 'tst': 5}, {'pst': (13, 13), 'tst': 3}, {'pst': (10, 17), 'tst': 3}, {'pst': (9, 19), 'tst': 2}, {'pst': (12, 1), 'tst': 2}, {'pst': (11, 13), 'tst': 1}, {'pst': (7, 7), 'tst': 1}, {'pst': (1, 0), 'tst': 0}]",0.4912761155576386,4.830954879770095
19,13,,"[0, 1, 2, 3, 4, 5, 6, 7, 8, 9, 10, 11, 12, 13, 14, 15, 16, 17, 18, 19]","[{'pst': (1, 19), 'tst': 6}, {'pst': (12, 4), 'tst': 6}, {'pst': (5, 13), 'tst': 4}, {'pst': (16, 13), 'tst': 2}, {'pst': (4, 6), 'tst': 2}, {'pst': (15, 1), 'tst': 1}, {'pst': (4, 8), 'tst': 1}, {'pst': (11, 8), 'tst': 0}]",0.5486987394764833,6.957140944141071
19,14,,"[0, 1, 2, 3, 4, 5, 6, 7, 8, 9, 10, 11, 12, 13, 14, 15, 16, 17, 18, 19]","[{'pst': (1, 0), 'tst': 4}, {'pst': (4, 6), 'tst': 4}, {'pst': (11, 8), 'tst': 3}, {'pst': (16, 14), 'tst': 2}, {'pst': (0, 8), 'tst': 1}, {'pst': (12, 1), 'tst': 1}, {'pst': (14, 12), 'tst': 0}, {'pst': (1, 5), 'tst': 0}]",0.6779913571587055,6.551880220222243
19,15,,"[0, 1, 2, 3, 4, 5, 6, 7, 8, 9, 10, 11, 12, 13, 14, 15, 16, 17, 18, 19]","[{'pst': (13, 14), 'tst': 4}, {'pst': (7, 7), 'tst': 4}, {'pst': (3, 19), 'tst': 3}, {'pst': (3, 4), 'tst': 2}, {'pst': (4, 13), 'tst': 1}, {'pst': (14, 13), 'tst': 1}, {'pst': (18, 15), 'tst': 0}, {'pst': (1, 3), 'tst': 0}]",0.4328690248055656,4.752000327088574
19,16,,"[0, 1, 2, 3, 4, 5, 6, 7, 8, 9, 10, 11, 12, 13, 14, 15, 16, 17, 18, 19]","[{'pst': (1, 0), 'tst': 6}, {'pst': (14, 16), 'tst': 4}, {'pst': (2, 2), 'tst': 2}, {'pst': (4, 6), 'tst': 2}, {'pst': (0, 13), 'tst': 1}, {'pst': (10, 17), 'tst': 1}]",0.6319779832720296,6.332504808645119
19,17,,"[0, 1, 2, 3, 4, 5, 6, 7, 8, 9, 10, 11, 12, 13, 14, 15, 16, 17, 18, 19]","[{'pst': (12, 17), 'tst': 6}, {'pst': (4, 8), 'tst': 5}, {'pst': (0, 8), 'tst': 3}, {'pst': (7, 7), 'tst': 3}, {'pst': (2, 11), 'tst': 2}, {'pst': (4, 3), 'tst': 1}, {'pst': (4, 6), 'tst': 1}, {'pst': (2, 17), 'tst': 0}]",0.6794544069730152,6.870883346929643
19,18,{'text': '[Legalization of drugs is a good idea.](https://www.youtube.com/watch?'},"[0, 1, 2, 3, 4, 5, 6, 7, 8, 9, 10, 11, 12, 13, 14, 15, 16, 17, 18, 19]","[{'pst': (1, 19), 'tst': 4}, {'pst': (3, 14), 'tst': 4}, {'pst': (4, 12), 'tst': 3}, {'pst': (2, 17), 'tst': 2}, {'pst': (7, 13), 'tst': 2}, {'pst': (17, 18), 'tst': 1}, {'pst': (4, 6), 'tst': 1}, {'pst': (14, 16), 'tst': 0}]",0.6588994043610852,6.569256007705112
19,19,,"[0, 1, 2, 3, 4, 5, 6, 7, 8, 9, 10, 11, 12, 13, 14, 15, 16, 17, 18, 19]","[{'pst': (12, 9), 'tst': 4}, {'pst': (3, 6), 'tst': 3}, {'pst': (13, 2), 'tst': 3}, {'pst': (10, 8), 'tst': 2}, {'pst': (5, 13), 'tst': 1}, {'pst': (15, 7), 'tst': 1}, {'pst': (2, 9), 'tst': 0}, {'pst': (3, 4), 'tst': 0}]",0.5651175315858529,6.162319311908282
20,0,,"[0, 1, 2, 3, 4, 5, 6, 7, 8, 9, 10, 11, 12, 13, 14, 15, 16, 17, 18, 19]","[{'pst': (12, 1), 'tst': 5}, {'pst': (16, 0), 'tst': 3}, {'pst': (11, 8), 'tst': 2}, {'pst': (2, 11), 'tst': 2}, {'pst': (16, 7), 'tst': 1}, {'pst': (11, 13), 'tst': 1}, {'pst': (4, 4), 'tst': 0}]",0.6759578867098619,5.359319194007619
20,1,,"[0, 1, 2, 3, 4, 5, 6, 7, 8, 9, 10, 11, 12, 13, 14, 15, 16, 17, 18, 19]","[{'pst': (2, 4), 'tst': 6}, {'pst': (3, 4), 'tst': 5}, {'pst': (16, 3), 'tst': 3}, {'pst': (2, 2), 'tst': 3}, {'pst': (17, 1), 'tst': 2}, {'pst': (19, 1), 'tst': 0}, {'pst': (1, 0), 'tst': 0}, {'pst': (4, 12), 'tst': 0}]",0.5604581825171743,6.218320339154612
20,2,"{'text': 'If you want to legalize drugs, then you should also legalize prostitution.'}","[0, 1, 2, 3, 4, 5, 6, 7, 8, 9, 10, 11, 12, 13, 14, 15, 16, 17, 18, 19]","[{'pst': (0, 19), 'tst': 3}, {'pst': (17, 2), 'tst': 2}, {'pst': (10, 17), 'tst': 2}, {'pst': (14, 16), 'tst': 2}, {'pst': (3, 6), 'tst': 1}, {'pst': (2, 11), 'tst': 1}, {'pst': (19, 2), 'tst': 0}, {'pst': (5, 13), 'tst': 0}]",0.5204604566507219,5.7569143946782155
20,3,,"[0, 1, 2, 3, 4, 5, 6, 7, 8, 9, 10, 11, 12, 13, 14, 15, 16, 17, 18, 19]","[{'pst': (1, 0), 'tst': 5}, {'pst': (15, 7), 'tst': 4}, {'pst': (14, 16), 'tst': 3}, {'pst': (3, 6), 'tst': 2}, {'pst': (4, 8), 'tst': 2}, {'pst': (0, 19), 'tst': 1}, {'pst': (2, 4), 'tst': 1}, {'pst': (17, 2), 'tst': 0}]",0.5112991887227443,6.08457928801641
20,4,,"[0, 1, 2, 3, 4, 5, 6, 7, 8, 9, 10, 11, 12, 13, 14, 15, 16, 17, 18, 19]","[{'pst': (1, 19), 'tst': 4}, {'pst': (12, 4), 'tst': 3}, {'pst': (4, 13), 'tst': 2}, {'pst': (13, 7), 'tst': 2}, {'pst': (16, 13), 'tst': 1}, {'pst': (16, 3), 'tst': 1}, {'pst': (16, 14), 'tst': 0}, {'pst': (9, 19), 'tst': 0}]",0.5508309292464547,7.000434682664803
20,5,,"[0, 1, 2, 3, 4, 5, 6, 7, 8, 9, 10, 11, 12, 13, 14, 15, 16, 17, 18, 19]","[{'pst': (2, 2), 'tst': 12}, {'pst': (0, 18), 'tst': 8}, {'pst': (1, 3), 'tst': 2}, {'pst': (15, 10), 'tst': 2}, {'pst': (18, 5), 'tst': 1}, {'pst': (12, 1), 'tst': 1}, {'pst': (11, 8), 'tst': 0}, {'pst': (18, 7), 'tst': 0}]",0.6742277017287523,6.998910684433022
20,6,"{'text': ""If we're going to legalize drugs, we need to do it in a way that doesn't hurt the economy.""}","[0, 1, 2, 3, 4, 5, 6, 7, 8, 9, 10, 11, 12, 13, 14, 15, 16, 17, 18, 19]","[{'pst': (12, 4), 'tst': 7}, {'pst': (4, 3), 'tst': 3}, {'pst': (17, 1), 'tst': 2}, {'pst': (4, 12), 'tst': 2}, {'pst': (1, 5), 'tst': 1}, {'pst': (13, 8), 'tst': 1}, {'pst': (19, 6), 'tst': 0}, {'pst': (0, 18), 'tst': 0}]",0.62545704512675,6.235544892737563
20,7,,"[0, 1, 2, 3, 4, 5, 6, 7, 8, 9, 10, 11, 12, 13, 14, 15, 16, 17, 18, 19]","[{'pst': (13, 7), 'tst': 6}, {'pst': (16, 7), 'tst': 3}, {'pst': (14, 16), 'tst': 3}, {'pst': (2, 11), 'tst': 2}, {'pst': (3, 4), 'tst': 2}, {'pst': (18, 7), 'tst': 1}, {'pst': (1, 15), 'tst': 1}, {'pst': (19, 12), 'tst': 0}]",0.5854827519816022,6.463262297474083
20,8,{'text': 'The only way to stop people from using drugs is to stop them from using drugs.'},"[0, 1, 2, 3, 4, 5, 6, 7, 8, 9, 10, 11, 12, 13, 14, 15, 16, 17, 18, 19]","[{'pst': (4, 12), 'tst': 5}, {'pst': (15, 8), 'tst': 4}, {'pst': (7, 7), 'tst': 3}, {'pst': (17, 2), 'tst': 2}, {'pst': (0, 18), 'tst': 1}, {'pst': (4, 6), 'tst': 1}, {'pst': (1, 0), 'tst': 0}, {'pst': (2, 11), 'tst': 0}]",0.6217858757282955,5.487576622364356
20,9,,"[0, 1, 2, 3, 4, 5, 6, 7, 8, 9, 10, 11, 12, 13, 14, 15, 16, 17, 18, 19]","[{'pst': (4, 6), 'tst': 6}, {'pst': (14, 7), 'tst': 5}, {'pst': (15, 7), 'tst': 4}, {'pst': (1, 12), 'tst': 3}, {'pst': (15, 10), 'tst': 2}, {'pst': (13, 13), 'tst': 1}, {'pst': (14, 12), 'tst': 1}, {'pst': (0, 1), 'tst': 0}]",0.6578956530462413,5.754836258730663
20,10,,"[0, 1, 2, 3, 4, 5, 6, 7, 8, 9, 10, 11, 12, 13, 14, 15, 16, 17, 18, 19]","[{'pst': (4, 3), 'tst': 5}, {'pst': (14, 12), 'tst': 3}, {'pst': (4, 2), 'tst': 3}, {'pst': (15, 1), 'tst': 1}, {'pst': (2, 2), 'tst': 1}, {'pst': (4, 12), 'tst': 1}, {'pst': (19, 10), 'tst': 0}, {'pst': (9, 16), 'tst': 0}]",0.6079842562335623,8.815182537264636
20,11,,"[0, 1, 2, 3, 4, 5, 6, 7, 8, 9, 10, 11, 12, 13, 14, 15, 16, 17, 18, 19]","[{'pst': (2, 11), 'tst': 4}, {'pst': (14, 12), 'tst': 3}, {'pst': (0, 1), 'tst': 2}, {'pst': (4, 8), 'tst': 2}, {'pst': (16, 7), 'tst': 1}, {'pst': (16, 13), 'tst': 1}, {'pst': (19, 10), 'tst': 0}, {'pst': (3, 14), 'tst': 0}]",0.6051199278229978,6.398011656846483
20,12,,"[0, 1, 2, 3, 4, 5, 6, 7, 8, 9, 10, 11, 12, 13, 14, 15, 16, 17, 18, 19]","[{'pst': (10, 17), 'tst': 4}, {'pst': (9, 19), 'tst': 3}, {'pst': (12, 1), 'tst': 3}, {'pst': (11, 13), 'tst': 2}, {'pst': (7, 7), 'tst': 2}, {'pst': (1, 0), 'tst': 1}, {'pst': (19, 12), 'tst': 0}]",0.6308612937229834,7.019095266484266
20,13,"{'text': 'Legalizing drugs would not be the only option; there may still be a market of illegal drugs, for example if it is cheaper than the legal choice.'}","[0, 1, 2, 3, 4, 5, 6, 7, 8, 9, 10, 11, 12, 13, 14, 15, 16, 17, 18, 19]","[{'pst': (1, 19), 'tst': 7}, {'pst': (5, 13), 'tst': 5}, {'pst': (16, 13), 'tst': 3}, {'pst': (4, 6), 'tst': 3}, {'pst': (4, 8), 'tst': 2}, {'pst': (11, 8), 'tst': 1}, {'pst': (1, 12), 'tst': 0}, {'pst': (14, 16), 'tst': 0}]",0.6273935651207001,6.857174656242042
20,14,,"[0, 1, 2, 3, 4, 5, 6, 7, 8, 9, 10, 11, 12, 13, 14, 15, 16, 17, 18, 19]","[{'pst': (1, 0), 'tst': 5}, {'pst': (4, 6), 'tst': 5}, {'pst': (16, 14), 'tst': 3}, {'pst': (0, 8), 'tst': 2}, {'pst': (14, 12), 'tst': 1}, {'pst': (1, 5), 'tst': 1}, {'pst': (11, 8), 'tst': 0}, {'pst': (4, 12), 'tst': 0}]",0.6549056100127536,5.905082643607843
20,15,,"[0, 1, 2, 3, 4, 5, 6, 7, 8, 9, 10, 11, 12, 13, 14, 15, 16, 17, 18, 19]","[{'pst': (7, 7), 'tst': 5}, {'pst': (3, 4), 'tst': 3}, {'pst': (4, 13), 'tst': 2}, {'pst': (14, 13), 'tst': 2}, {'pst': (18, 15), 'tst': 1}, {'pst': (1, 3), 'tst': 1}, {'pst': (3, 6), 'tst': 0}]",0.598763436814387,5.694366578359938
20,16,,"[0, 1, 2, 3, 4, 5, 6, 7, 8, 9, 10, 11, 12, 13, 14, 15, 16, 17, 18, 19]","[{'pst': (1, 0), 'tst': 7}, {'pst': (14, 16), 'tst': 5}, {'pst': (2, 2), 'tst': 3}, {'pst': (4, 6), 'tst': 3}, {'pst': (12, 9), 'tst': 0}, {'pst': (19, 18), 'tst': 0}, {'pst': (16, 0), 'tst': 0}]",0.6645309395191348,6.117421931027444
20,17,,"[0, 1, 2, 3, 4, 5, 6, 7, 8, 9, 10, 11, 12, 13, 14, 15, 16, 17, 18, 19]","[{'pst': (12, 17), 'tst': 7}, {'pst': (4, 8), 'tst': 6}, {'pst': (0, 8), 'tst': 4}, {'pst': (7, 7), 'tst': 4}, {'pst': (4, 3), 'tst': 2}, {'pst': (4, 6), 'tst': 2}, {'pst': (2, 17), 'tst': 1}, {'pst': (16, 3), 'tst': 0}]",0.6574505446554286,6.679313011749262
20,18,,"[0, 1, 2, 3, 4, 5, 6, 7, 8, 9, 10, 11, 12, 13, 14, 15, 16, 17, 18, 19]","[{'pst': (1, 19), 'tst': 5}, {'pst': (4, 12), 'tst': 4}, {'pst': (7, 13), 'tst': 3}, {'pst': (17, 18), 'tst': 2}, {'pst': (4, 6), 'tst': 2}, {'pst': (14, 16), 'tst': 1}, {'pst': (19, 18), 'tst': 0}, {'pst': (13, 14), 'tst': 0}]",0.6191947365255713,7.700485852740613
20,19,,"[0, 1, 2, 3, 4, 5, 6, 7, 8, 9, 10, 11, 12, 13, 14, 15, 16, 17, 18, 19]","[{'pst': (13, 2), 'tst': 4}, {'pst': (10, 8), 'tst': 3}, {'pst': (5, 13), 'tst': 2}, {'pst': (15, 7), 'tst': 2}, {'pst': (2, 9), 'tst': 1}, {'pst': (3, 4), 'tst': 1}, {'pst': (0, 8), 'tst': 0}, {'pst': (19, 1), 'tst': 0}]",0.5498418656924227,7.2749172796642245
21,0,,"[0, 1, 2, 3, 4, 5, 6, 7, 8, 9, 10, 11, 12, 13, 14, 15, 16, 17, 18, 19]","[{'pst': (16, 0), 'tst': 4}, {'pst': (11, 8), 'tst': 3}, {'pst': (2, 11), 'tst': 3}, {'pst': (11, 13), 'tst': 2}, {'pst': (4, 4), 'tst': 1}, {'pst': (19, 10), 'tst': 0}, {'pst': (3, 14), 'tst': 0}, {'pst': (4, 8), 'tst': 0}]",0.6516237531761145,5.745796263085099
21,1,"{'text': ""If you're going to legalize drugs, you might as well legalize all drugs, not just marijuana.""}","[0, 1, 2, 3, 4, 5, 6, 7, 8, 9, 10, 11, 12, 13, 14, 15, 16, 17, 18, 19]","[{'pst': (2, 4), 'tst': 7}, {'pst': (16, 3), 'tst': 4}, {'pst': (2, 2), 'tst': 4}, {'pst': (19, 1), 'tst': 1}, {'pst': (1, 0), 'tst': 1}, {'pst': (4, 12), 'tst': 1}, {'pst': (1, 15), 'tst': 0}, {'pst': (7, 7), 'tst': 0}]",0.6160810325065429,6.507466590926274
21,2,,"[0, 1, 2, 3, 4, 5, 6, 7, 8, 9, 10, 11, 12, 13, 14, 15, 16, 17, 18, 19]","[{'pst': (10, 17), 'tst': 3}, {'pst': (14, 16), 'tst': 3}, {'pst': (3, 6), 'tst': 2}, {'pst': (2, 11), 'tst': 2}, {'pst': (19, 2), 'tst': 1}, {'pst': (5, 13), 'tst': 1}, {'pst': (20, 2), 'tst': 0}, {'pst': (14, 13), 'tst': 0}]",0.5202958775892659,5.636732846555699
21,3,,"[0, 1, 2, 3, 4, 5, 6, 7, 8, 9, 10, 11, 12, 13, 14, 15, 16, 17, 18, 19]","[{'pst': (1, 0), 'tst': 6}, {'pst': (15, 7), 'tst': 5}, {'pst': (14, 16), 'tst': 4}, {'pst': (3, 6), 'tst': 3}, {'pst': (0, 19), 'tst': 2}, {'pst': (17, 2), 'tst': 1}, {'pst': (19, 12), 'tst': 0}, {'pst': (19, 2), 'tst': 0}]",0.5553908672123699,5.563073131963119
21,4,{'text': 'Legalization of drugs is a bad idea.'},"[0, 1, 2, 3, 4, 5, 6, 7, 8, 9, 10, 11, 12, 13, 14, 15, 16, 17, 18, 19]","[{'pst': (12, 4), 'tst': 4}, {'pst': (4, 13), 'tst': 3}, {'pst': (13, 7), 'tst': 3}, {'pst': (16, 13), 'tst': 2}, {'pst': (16, 3), 'tst': 2}, {'pst': (16, 14), 'tst': 1}, {'pst': (9, 19), 'tst': 1}, {'pst': (13, 13), 'tst': 0}]",0.5810220364705838,5.741345847658597
21,5,,"[0, 1, 2, 3, 4, 5, 6, 7, 8, 9, 10, 11, 12, 13, 14, 15, 16, 17, 18, 19]","[{'pst': (1, 3), 'tst': 3}, {'pst': (15, 10), 'tst': 3}, {'pst': (18, 5), 'tst': 2}, {'pst': (12, 1), 'tst': 2}, {'pst': (11, 8), 'tst': 1}, {'pst': (18, 7), 'tst': 1}, {'pst': (16, 0), 'tst': 0}, {'pst': (19, 2), 'tst': 0}]",0.6390456392603208,7.358161943437568
21,6,,"[0, 1, 2, 3, 4, 5, 6, 7, 8, 9, 10, 11, 12, 13, 14, 15, 16, 17, 18, 19]","[{'pst': (12, 4), 'tst': 8}, {'pst': (4, 12), 'tst': 3}, {'pst': (1, 5), 'tst': 2}, {'pst': (13, 8), 'tst': 2}, {'pst': (19, 6), 'tst': 1}, {'pst': (0, 18), 'tst': 1}, {'pst': (20, 6), 'tst': 0}, {'pst': (19, 18), 'tst': 0}]",0.6480812033077151,7.698349416235164
21,7,,"[0, 1, 2, 3, 4, 5, 6, 7, 8, 9, 10, 11, 12, 13, 14, 15, 16, 17, 18, 19]","[{'pst': (16, 7), 'tst': 4}, {'pst': (14, 16), 'tst': 4}, {'pst': (2, 11), 'tst': 3}, {'pst': (3, 4), 'tst': 3}, {'pst': (1, 15), 'tst': 2}, {'pst': (19, 12), 'tst': 1}, {'pst': (20, 6), 'tst': 0}, {'pst': (19, 6), 'tst': 0}]",0.5831794648298066,8.038173616686343
21,8,,"[0, 1, 2, 3, 4, 5, 6, 7, 8, 9, 10, 11, 12, 13, 14, 15, 16, 17, 18, 19]","[{'pst': (4, 12), 'tst': 6}, {'pst': (7, 7), 'tst': 4}, {'pst': (17, 2), 'tst': 3}, {'pst': (0, 18), 'tst': 2}, {'pst': (4, 6), 'tst': 2}, {'pst': (1, 0), 'tst': 1}, {'pst': (2, 11), 'tst': 1}, {'pst': (20, 8), 'tst': 0}]",0.6289913860842717,5.744017707765374
21,9,{'text': 'Legal companies would be able to take over the drugs-related sector from illegal criminal organisations. I think all drugs should be legal.'},"[0, 1, 2, 3, 4, 5, 6, 7, 8, 9, 10, 11, 12, 13, 14, 15, 16, 17, 18, 19]","[{'pst': (4, 6), 'tst': 7}, {'pst': (14, 7), 'tst': 6}, {'pst': (15, 7), 'tst': 5}, {'pst': (15, 10), 'tst': 3}, {'pst': (13, 13), 'tst': 2}, {'pst': (0, 1), 'tst': 1}, {'pst': (11, 13), 'tst': 0}, {'pst': (4, 4), 'tst': 0}]",0.7274518730219954,5.024805708864246
21,10,,"[0, 1, 2, 3, 4, 5, 6, 7, 8, 9, 10, 11, 12, 13, 14, 15, 16, 17, 18, 19]","[{'pst': (14, 12), 'tst': 4}, {'pst': (4, 2), 'tst': 4}, {'pst': (15, 1), 'tst': 2}, {'pst': (4, 12), 'tst': 2}, {'pst': (19, 10), 'tst': 1}, {'pst': (9, 16), 'tst': 1}, {'pst': (20, 6), 'tst': 0}, {'pst': (14, 16), 'tst': 0}]",0.5965589126796641,8.415467756664839
21,11,"{'text': ""If you're going to legalize drugs, why not legalize prostitution as well?""}","[0, 1, 2, 3, 4, 5, 6, 7, 8, 9, 10, 11, 12, 13, 14, 15, 16, 17, 18, 19]","[{'pst': (2, 11), 'tst': 5}, {'pst': (0, 1), 'tst': 3}, {'pst': (16, 7), 'tst': 2}, {'pst': (16, 13), 'tst': 2}, {'pst': (19, 10), 'tst': 1}, {'pst': (3, 14), 'tst': 1}, {'pst': (19, 6), 'tst': 0}, {'pst': (14, 13), 'tst': 0}]",0.5515095323953438,6.926622949877568
21,12,,"[0, 1, 2, 3, 4, 5, 6, 7, 8, 9, 10, 11, 12, 13, 14, 15, 16, 17, 18, 19]","[{'pst': (9, 19), 'tst': 4}, {'pst': (12, 1), 'tst': 4}, {'pst': (11, 13), 'tst': 3}, {'pst': (7, 7), 'tst': 3}, {'pst': (19, 12), 'tst': 1}, {'pst': (0, 8), 'tst': 0}, {'pst': (16, 0), 'tst': 0}, {'pst': (1, 12), 'tst': 0}]",0.6224350838074855,6.0634426589865384
21,13,"{'text': 'Legalizing drugs would not be the only option; there may still be a market of illegal drugs, for example if it is cheaper than the legal choice.'}","[0, 1, 2, 3, 4, 5, 6, 7, 8, 9, 10, 11, 12, 13, 14, 15, 16, 17, 18, 19]","[{'pst': (1, 19), 'tst': 8}, {'pst': (5, 13), 'tst': 6}, {'pst': (4, 8), 'tst': 3}, {'pst': (11, 8), 'tst': 2}, {'pst': (1, 12), 'tst': 1}, {'pst': (14, 16), 'tst': 1}, {'pst': (20, 13), 'tst': 0}, {'pst': (2, 17), 'tst': 0}]",0.6417721834250613,6.734006066586985
21,14,,"[0, 1, 2, 3, 4, 5, 6, 7, 8, 9, 10, 11, 12, 13, 14, 15, 16, 17, 18, 19]","[{'pst': (1, 0), 'tst': 6}, {'pst': (0, 8), 'tst': 3}, {'pst': (14, 12), 'tst': 2}, {'pst': (1, 5), 'tst': 2}, {'pst': (11, 8), 'tst': 1}, {'pst': (4, 12), 'tst': 1}, {'pst': (1, 19), 'tst': 0}, {'pst': (0, 1), 'tst': 0}]",0.6487807344842054,6.259706830414662
21,15,,"[0, 1, 2, 3, 4, 5, 6, 7, 8, 9, 10, 11, 12, 13, 14, 15, 16, 17, 18, 19]","[{'pst': (7, 7), 'tst': 6}, {'pst': (14, 13), 'tst': 3}, {'pst': (18, 15), 'tst': 2}, {'pst': (1, 3), 'tst': 2}, {'pst': (3, 6), 'tst': 1}, {'pst': (3, 14), 'tst': 0}, {'pst': (4, 6), 'tst': 0}, {'pst': (13, 8), 'tst': 0}]",0.6328997261868137,5.06796798247299
21,16,,"[0, 1, 2, 3, 4, 5, 6, 7, 8, 9, 10, 11, 12, 13, 14, 15, 16, 17, 18, 19]","[{'pst': (14, 16), 'tst': 6}, {'pst': (2, 2), 'tst': 4}, {'pst': (4, 6), 'tst': 4}, {'pst': (12, 9), 'tst': 1}, {'pst': (19, 18), 'tst': 1}, {'pst': (16, 0), 'tst': 1}, {'pst': (18, 15), 'tst': 0}, {'pst': (12, 1), 'tst': 0}]",0.6880592216770299,6.1423936315501475
21,17,,"[0, 1, 2, 3, 4, 5, 6, 7, 8, 9, 10, 11, 12, 13, 14, 15, 16, 17, 18, 19]","[{'pst': (12, 17), 'tst': 8}, {'pst': (4, 8), 'tst': 7}, {'pst': (7, 7), 'tst': 5}, {'pst': (4, 6), 'tst': 3}, {'pst': (2, 17), 'tst': 2}, {'pst': (16, 3), 'tst': 1}, {'pst': (3, 14), 'tst': 0}, {'pst': (15, 10), 'tst': 0}]",0.676850635170379,6.160341230879716
21,18,,"[0, 1, 2, 3, 4, 5, 6, 7, 8, 9, 10, 11, 12, 13, 14, 15, 16, 17, 18, 19]","[{'pst': (1, 19), 'tst': 6}, {'pst': (4, 12), 'tst': 5}, {'pst': (17, 18), 'tst': 3}, {'pst': (14, 16), 'tst': 2}, {'pst': (19, 18), 'tst': 1}, {'pst': (13, 14), 'tst': 1}, {'pst': (0, 8), 'tst': 0}, {'pst': (13, 13), 'tst': 0}]",0.620082964904914,6.4805672522437385
21,19,,"[0, 1, 2, 3, 4, 5, 6, 7, 8, 9, 10, 11, 12, 13, 14, 15, 16, 17, 18, 19]","[{'pst': (13, 2), 'tst': 5}, {'pst': (10, 8), 'tst': 4}, {'pst': (5, 13), 'tst': 3}, {'pst': (15, 7), 'tst': 3}, {'pst': (0, 8), 'tst': 1}, {'pst': (19, 1), 'tst': 1}, {'pst': (11, 8), 'tst': 0}, {'pst': (16, 0), 'tst': 0}]",0.5729898612616527,6.601450504040011
22,0,,"[0, 1, 2, 3, 4, 5, 6, 7, 8, 9, 10, 11, 12, 13, 14, 15, 16, 17, 18, 19]","[{'pst': (16, 0), 'tst': 5}, {'pst': (2, 11), 'tst': 4}, {'pst': (4, 4), 'tst': 2}, {'pst': (19, 10), 'tst': 1}, {'pst': (3, 14), 'tst': 1}, {'pst': (4, 8), 'tst': 1}, {'pst': (0, 18), 'tst': 0}, {'pst': (0, 1), 'tst': 0}]",0.687703707535538,5.432089498060685
22,1,,"[0, 1, 2, 3, 4, 5, 6, 7, 8, 9, 10, 11, 12, 13, 14, 15, 16, 17, 18, 19]","[{'pst': (16, 3), 'tst': 5}, {'pst': (19, 1), 'tst': 2}, {'pst': (1, 0), 'tst': 2}, {'pst': (4, 12), 'tst': 2}, {'pst': (1, 15), 'tst': 1}, {'pst': (7, 7), 'tst': 1}, {'pst': (21, 1), 'tst': 0}]",0.6300420874989243,7.177023760626271
22,2,,"[0, 1, 2, 3, 4, 5, 6, 7, 8, 9, 10, 11, 12, 13, 14, 15, 16, 17, 18, 19]","[{'pst': (10, 17), 'tst': 4}, {'pst': (3, 6), 'tst': 3}, {'pst': (2, 11), 'tst': 3}, {'pst': (19, 2), 'tst': 2}, {'pst': (5, 13), 'tst': 2}, {'pst': (20, 2), 'tst': 1}, {'pst': (14, 13), 'tst': 1}, {'pst': (10, 8), 'tst': 0}]",0.5343025135682313,6.082988639996408
22,3,,"[0, 1, 2, 3, 4, 5, 6, 7, 8, 9, 10, 11, 12, 13, 14, 15, 16, 17, 18, 19]","[{'pst': (1, 0), 'tst': 7}, {'pst': (15, 7), 'tst': 6}, {'pst': (3, 6), 'tst': 4}, {'pst': (0, 19), 'tst': 3}, {'pst': (17, 2), 'tst': 2}, {'pst': (19, 12), 'tst': 1}, {'pst': (19, 2), 'tst': 1}]",0.5606647424830524,5.649595494096935
22,4,,"[0, 1, 2, 3, 4, 5, 6, 7, 8, 9, 10, 11, 12, 13, 14, 15, 16, 17, 18, 19]","[{'pst': (4, 13), 'tst': 4}, {'pst': (13, 7), 'tst': 4}, {'pst': (16, 13), 'tst': 3}, {'pst': (16, 14), 'tst': 2}, {'pst': (9, 19), 'tst': 2}, {'pst': (13, 13), 'tst': 1}, {'pst': (21, 4), 'tst': 0}, {'pst': (19, 1), 'tst': 0}]",0.5490789871507168,6.017576004944463
22,5,,"[0, 1, 2, 3, 4, 5, 6, 7, 8, 9, 10, 11, 12, 13, 14, 15, 16, 17, 18, 19]","[{'pst': (15, 10), 'tst': 4}, {'pst': (12, 1), 'tst': 3}, {'pst': (11, 8), 'tst': 2}, {'pst': (18, 7), 'tst': 2}, {'pst': (16, 0), 'tst': 1}, {'pst': (19, 2), 'tst': 1}, {'pst': (21, 1), 'tst': 0}, {'pst': (19, 6), 'tst': 0}]",0.6704599825623057,7.190879346430082
22,6,,"[0, 1, 2, 3, 4, 5, 6, 7, 8, 9, 10, 11, 12, 13, 14, 15, 16, 17, 18, 19]","[{'pst': (12, 4), 'tst': 9}, {'pst': (1, 5), 'tst': 3}, {'pst': (13, 8), 'tst': 3}, {'pst': (0, 18), 'tst': 2}, {'pst': (20, 6), 'tst': 1}, {'pst': (19, 18), 'tst': 1}, {'pst': (4, 13), 'tst': 0}]",0.6419819028396906,6.995159121134326
22,7,,"[0, 1, 2, 3, 4, 5, 6, 7, 8, 9, 10, 11, 12, 13, 14, 15, 16, 17, 18, 19]","[{'pst': (16, 7), 'tst': 5}, {'pst': (14, 16), 'tst': 5}, {'pst': (2, 11), 'tst': 4}, {'pst': (19, 12), 'tst': 2}, {'pst': (20, 6), 'tst': 1}, {'pst': (19, 6), 'tst': 1}, {'pst': (9, 16), 'tst': 0}, {'pst': (15, 7), 'tst': 0}]",0.5971920329672099,7.963575004766266
22,8,,"[0, 1, 2, 3, 4, 5, 6, 7, 8, 9, 10, 11, 12, 13, 14, 15, 16, 17, 18, 19]","[{'pst': (17, 2), 'tst': 4}, {'pst': (0, 18), 'tst': 3}, {'pst': (4, 6), 'tst': 3}, {'pst': (1, 0), 'tst': 2}, {'pst': (2, 11), 'tst': 2}, {'pst': (20, 8), 'tst': 1}, {'pst': (18, 5), 'tst': 0}]",0.6426937915953126,6.331742689673485
22,9,,"[0, 1, 2, 3, 4, 5, 6, 7, 8, 9, 10, 11, 12, 13, 14, 15, 16, 17, 18, 19]","[{'pst': (14, 7), 'tst': 7}, {'pst': (15, 10), 'tst': 4}, {'pst': (13, 13), 'tst': 3}, {'pst': (0, 1), 'tst': 2}, {'pst': (11, 13), 'tst': 1}, {'pst': (4, 4), 'tst': 1}, {'pst': (21, 9), 'tst': 0}, {'pst': (9, 16), 'tst': 0}]",0.6931358040724955,5.8846946186105225
22,10,,"[0, 1, 2, 3, 4, 5, 6, 7, 8, 9, 10, 11, 12, 13, 14, 15, 16, 17, 18, 19]","[{'pst': (15, 1), 'tst': 3}, {'pst': (4, 12), 'tst': 3}, {'pst': (19, 10), 'tst': 2}, {'pst': (9, 16), 'tst': 2}, {'pst': (20, 6), 'tst': 1}, {'pst': (14, 16), 'tst': 1}, {'pst': (4, 2), 'tst': 0}, {'pst': (20, 2), 'tst': 0}]",0.601031909049055,7.776612847077166
22,11,,"[0, 1, 2, 3, 4, 5, 6, 7, 8, 9, 10, 11, 12, 13, 14, 15, 16, 17, 18, 19]","[{'pst': (16, 7), 'tst': 3}, {'pst': (16, 13), 'tst': 3}, {'pst': (19, 10), 'tst': 2}, {'pst': (3, 14), 'tst': 2}, {'pst': (19, 6), 'tst': 1}, {'pst': (14, 13), 'tst': 1}, {'pst': (21, 11), 'tst': 0}, {'pst': (18, 7), 'tst': 0}]",0.6128844695367568,7.963768170602707
22,12,"{'text': ""I don't think it's a good idea to legalize all drugs, but I do think it's a good idea to legalize marijuana.""}","[0, 1, 2, 3, 4, 5, 6, 7, 8, 9, 10, 11, 12, 13, 14, 15, 16, 17, 18, 19]","[{'pst': (12, 1), 'tst': 5}, {'pst': (11, 13), 'tst': 4}, {'pst': (7, 7), 'tst': 4}, {'pst': (19, 12), 'tst': 2}, {'pst': (0, 8), 'tst': 1}, {'pst': (16, 0), 'tst': 1}, {'pst': (1, 12), 'tst': 1}]",0.6265407131465492,6.037989184346992
22,13,,"[0, 1, 2, 3, 4, 5, 6, 7, 8, 9, 10, 11, 12, 13, 14, 15, 16, 17, 18, 19]","[{'pst': (5, 13), 'tst': 7}, {'pst': (4, 8), 'tst': 4}, {'pst': (11, 8), 'tst': 3}, {'pst': (1, 12), 'tst': 2}, {'pst': (14, 16), 'tst': 2}, {'pst': (20, 13), 'tst': 1}, {'pst': (2, 17), 'tst': 1}, {'pst': (21, 13), 'tst': 0}]",0.6182533207977176,6.434923375339501
22,14,,"[0, 1, 2, 3, 4, 5, 6, 7, 8, 9, 10, 11, 12, 13, 14, 15, 16, 17, 18, 19]","[{'pst': (1, 0), 'tst': 7}, {'pst': (0, 8), 'tst': 4}, {'pst': (14, 12), 'tst': 3}, {'pst': (11, 8), 'tst': 2}, {'pst': (4, 12), 'tst': 2}, {'pst': (1, 19), 'tst': 1}, {'pst': (0, 1), 'tst': 1}]",0.6086564601615247,6.75199515532096
22,15,,"[0, 1, 2, 3, 4, 5, 6, 7, 8, 9, 10, 11, 12, 13, 14, 15, 16, 17, 18, 19]","[{'pst': (18, 15), 'tst': 3}, {'pst': (1, 3), 'tst': 3}, {'pst': (3, 6), 'tst': 2}, {'pst': (3, 14), 'tst': 1}, {'pst': (4, 6), 'tst': 1}, {'pst': (13, 8), 'tst': 1}, {'pst': (21, 9), 'tst': 0}, {'pst': (16, 13), 'tst': 0}]",0.7147319916557998,4.712706526196499
22,16,"{'text': ""I don't think it's a good idea to legalize all drugs, but I do think it's a good idea to legalize marijuana.""}","[0, 1, 2, 3, 4, 5, 6, 7, 8, 9, 10, 11, 12, 13, 14, 15, 16, 17, 18, 19]","[{'pst': (14, 16), 'tst': 7}, {'pst': (4, 6), 'tst': 5}, {'pst': (12, 9), 'tst': 2}, {'pst': (19, 18), 'tst': 2}, {'pst': (16, 0), 'tst': 2}, {'pst': (18, 15), 'tst': 1}, {'pst': (12, 1), 'tst': 1}, {'pst': (2, 4), 'tst': 0}]",0.6785567635094668,6.353677151219111
22,17,,"[0, 1, 2, 3, 4, 5, 6, 7, 8, 9, 10, 11, 12, 13, 14, 15, 16, 17, 18, 19]","[{'pst': (7, 7), 'tst': 6}, {'pst': (4, 6), 'tst': 4}, {'pst': (2, 17), 'tst': 3}, {'pst': (16, 3), 'tst': 2}, {'pst': (3, 14), 'tst': 1}, {'pst': (15, 10), 'tst': 1}, {'pst': (17, 18), 'tst': 0}, {'pst': (14, 16), 'tst': 0}]",0.7050863873175609,6.757269412046781
22,18,{'text': 'Legalizing drugs would significantly decrease social stigma and discrimination against users who have been incarcerated for employment and education opportunities.'},"[0, 1, 2, 3, 4, 5, 6, 7, 8, 9, 10, 11, 12, 13, 14, 15, 16, 17, 18, 19]","[{'pst': (4, 12), 'tst': 6}, {'pst': (14, 16), 'tst': 3}, {'pst': (19, 18), 'tst': 2}, {'pst': (13, 14), 'tst': 2}, {'pst': (0, 8), 'tst': 1}, {'pst': (13, 13), 'tst': 1}, {'pst': (18, 15), 'tst': 0}, {'pst': (4, 4), 'tst': 0}]",0.6894778694753567,5.804328455484025
22,19,,"[0, 1, 2, 3, 4, 5, 6, 7, 8, 9, 10, 11, 12, 13, 14, 15, 16, 17, 18, 19]","[{'pst': (5, 13), 'tst': 4}, {'pst': (15, 7), 'tst': 4}, {'pst': (0, 8), 'tst': 2}, {'pst': (19, 1), 'tst': 2}, {'pst': (11, 8), 'tst': 1}, {'pst': (16, 0), 'tst': 1}, {'pst': (13, 13), 'tst': 0}, {'pst': (4, 12), 'tst': 0}]",0.5652630219712131,6.112783463133209
23,0,,"[0, 1, 2, 3, 4, 5, 6, 7, 8, 9, 10, 11, 12, 13, 14, 15, 16, 17, 18, 19]","[{'pst': (2, 11), 'tst': 5}, {'pst': (4, 4), 'tst': 3}, {'pst': (19, 10), 'tst': 2}, {'pst': (3, 14), 'tst': 2}, {'pst': (4, 8), 'tst': 2}, {'pst': (0, 18), 'tst': 1}, {'pst': (0, 1), 'tst': 1}, {'pst': (9, 16), 'tst': 0}]",0.6923645098743662,5.733468629757002
23,1,,"[0, 1, 2, 3, 4, 5, 6, 7, 8, 9, 10, 11, 12, 13, 14, 15, 16, 17, 18, 19]","[{'pst': (19, 1), 'tst': 3}, {'pst': (1, 0), 'tst': 3}, {'pst': (4, 12), 'tst': 3}, {'pst': (1, 15), 'tst': 2}, {'pst': (21, 1), 'tst': 1}, {'pst': (16, 14), 'tst': 0}, {'pst': (4, 8), 'tst': 0}, {'pst': (10, 8), 'tst': 0}]",0.6097263467727448,6.783856482890484
23,2,"{'text': 'If you want to legalize drugs, then you should also legalize prostitution.'}","[0, 1, 2, 3, 4, 5, 6, 7, 8, 9, 10, 11, 12, 13, 14, 15, 16, 17, 18, 19]","[{'pst': (10, 17), 'tst': 5}, {'pst': (2, 11), 'tst': 4}, {'pst': (5, 13), 'tst': 3}, {'pst': (20, 2), 'tst': 2}, {'pst': (14, 13), 'tst': 2}, {'pst': (10, 8), 'tst': 1}, {'pst': (13, 14), 'tst': 0}, {'pst': (0, 1), 'tst': 0}]",0.5447629524597142,6.409546068064808
23,3,,"[0, 1, 2, 3, 4, 5, 6, 7, 8, 9, 10, 11, 12, 13, 14, 15, 16, 17, 18, 19]","[{'pst': (1, 0), 'tst': 8}, {'pst': (0, 19), 'tst': 4}, {'pst': (17, 2), 'tst': 3}, {'pst': (19, 12), 'tst': 2}, {'pst': (19, 2), 'tst': 2}, {'pst': (9, 19), 'tst': 0}, {'pst': (3, 14), 'tst': 0}, {'pst': (22, 18), 'tst': 0}]",0.5811726197386965,6.2868739530272695
23,4,,"[0, 1, 2, 3, 4, 5, 6, 7, 8, 9, 10, 11, 12, 13, 14, 15, 16, 17, 18, 19]","[{'pst': (13, 7), 'tst': 5}, {'pst': (16, 13), 'tst': 4}, {'pst': (16, 14), 'tst': 3}, {'pst': (13, 13), 'tst': 2}, {'pst': (21, 4), 'tst': 1}, {'pst': (19, 1), 'tst': 1}, {'pst': (22, 16), 'tst': 0}, {'pst': (20, 13), 'tst': 0}]",0.5811465019671889,6.0503150299113155
23,5,"{'text': ""If you're going to legalize drugs, you might as well legalize all drugs, not just marijuana.""}","[0, 1, 2, 3, 4, 5, 6, 7, 8, 9, 10, 11, 12, 13, 14, 15, 16, 17, 18, 19]","[{'pst': (15, 10), 'tst': 5}, {'pst': (11, 8), 'tst': 3}, {'pst': (16, 0), 'tst': 2}, {'pst': (19, 2), 'tst': 2}, {'pst': (21, 1), 'tst': 1}, {'pst': (19, 6), 'tst': 1}, {'pst': (14, 13), 'tst': 0}, {'pst': (14, 16), 'tst': 0}]",0.6383367619196733,7.889278351532007
23,6,,"[0, 1, 2, 3, 4, 5, 6, 7, 8, 9, 10, 11, 12, 13, 14, 15, 16, 17, 18, 19]","[{'pst': (12, 4), 'tst': 10}, {'pst': (0, 18), 'tst': 3}, {'pst': (20, 6), 'tst': 2}, {'pst': (19, 18), 'tst': 2}, {'pst': (4, 13), 'tst': 1}, {'pst': (13, 7), 'tst': 0}, {'pst': (19, 6), 'tst': 0}, {'pst': (16, 13), 'tst': 0}]",0.6405560663004795,7.1427871502226985
23,7,,"[0, 1, 2, 3, 4, 5, 6, 7, 8, 9, 10, 11, 12, 13, 14, 15, 16, 17, 18, 19]","[{'pst': (16, 7), 'tst': 6}, {'pst': (14, 16), 'tst': 6}, {'pst': (20, 6), 'tst': 2}, {'pst': (19, 6), 'tst': 2}, {'pst': (9, 16), 'tst': 1}, {'pst': (15, 7), 'tst': 1}, {'pst': (21, 11), 'tst': 0}, {'pst': (20, 8), 'tst': 0}]",0.6010864875944207,8.240255722625161
23,8,,"[0, 1, 2, 3, 4, 5, 6, 7, 8, 9, 10, 11, 12, 13, 14, 15, 16, 17, 18, 19]","[{'pst': (0, 18), 'tst': 4}, {'pst': (4, 6), 'tst': 4}, {'pst': (1, 0), 'tst': 3}, {'pst': (20, 8), 'tst': 2}, {'pst': (18, 5), 'tst': 1}, {'pst': (0, 8), 'tst': 0}, {'pst': (16, 14), 'tst': 0}, {'pst': (5, 13), 'tst': 0}]",0.6325744152299382,6.483809112244147
23,9,,"[0, 1, 2, 3, 4, 5, 6, 7, 8, 9, 10, 11, 12, 13, 14, 15, 16, 17, 18, 19]","[{'pst': (15, 10), 'tst': 5}, {'pst': (13, 13), 'tst': 4}, {'pst': (0, 1), 'tst': 3}, {'pst': (11, 13), 'tst': 2}, {'pst': (4, 4), 'tst': 2}, {'pst': (21, 9), 'tst': 1}, {'pst': (9, 16), 'tst': 1}, {'pst': (16, 3), 'tst': 0}]",0.6340251650066214,5.849092231888601
23,10,,"[0, 1, 2, 3, 4, 5, 6, 7, 8, 9, 10, 11, 12, 13, 14, 15, 16, 17, 18, 19]","[{'pst': (4, 12), 'tst': 4}, {'pst': (19, 10), 'tst': 3}, {'pst': (9, 16), 'tst': 3}, {'pst': (20, 6), 'tst': 2}, {'pst': (14, 16), 'tst': 2}, {'pst': (4, 2), 'tst': 1}, {'pst': (20, 2), 'tst': 1}]",0.6176530331772216,7.78929072676371
23,11,,"[0, 1, 2, 3, 4, 5, 6, 7, 8, 9, 10, 11, 12, 13, 14, 15, 16, 17, 18, 19]","[{'pst': (19, 10), 'tst': 3}, {'pst': (3, 14), 'tst': 3}, {'pst': (19, 6), 'tst': 2}, {'pst': (14, 13), 'tst': 2}, {'pst': (21, 11), 'tst': 1}, {'pst': (18, 7), 'tst': 1}, {'pst': (1, 3), 'tst': 0}]",0.580209914224154,8.134836293773471
23,12,,"[0, 1, 2, 3, 4, 5, 6, 7, 8, 9, 10, 11, 12, 13, 14, 15, 16, 17, 18, 19]","[{'pst': (11, 13), 'tst': 5}, {'pst': (7, 7), 'tst': 5}, {'pst': (19, 12), 'tst': 3}, {'pst': (0, 8), 'tst': 2}, {'pst': (1, 12), 'tst': 2}, {'pst': (22, 12), 'tst': 0}, {'pst': (10, 8), 'tst': 0}, {'pst': (16, 13), 'tst': 0}]",0.6459276738895576,6.820149214902335
23,13,,"[0, 1, 2, 3, 4, 5, 6, 7, 8, 9, 10, 11, 12, 13, 14, 15, 16, 17, 18, 19]","[{'pst': (5, 13), 'tst': 8}, {'pst': (11, 8), 'tst': 4}, {'pst': (14, 16), 'tst': 3}, {'pst': (20, 13), 'tst': 2}, {'pst': (2, 17), 'tst': 2}, {'pst': (21, 13), 'tst': 1}]",0.6170376844306158,6.681460406069702
23,14,,"[0, 1, 2, 3, 4, 5, 6, 7, 8, 9, 10, 11, 12, 13, 14, 15, 16, 17, 18, 19]","[{'pst': (1, 0), 'tst': 8}, {'pst': (0, 8), 'tst': 5}, {'pst': (11, 8), 'tst': 3}, {'pst': (4, 12), 'tst': 3}, {'pst': (0, 1), 'tst': 2}, {'pst': (22, 16), 'tst': 0}, {'pst': (11, 13), 'tst': 0}, {'pst': (10, 8), 'tst': 0}]",0.5931094437448352,6.41254436428547
23,15,"{'text': ""If you're going to legalize drugs, why not legalize prostitution as well?""}","[0, 1, 2, 3, 4, 5, 6, 7, 8, 9, 10, 11, 12, 13, 14, 15, 16, 17, 18, 19]","[{'pst': (1, 3), 'tst': 4}, {'pst': (3, 14), 'tst': 2}, {'pst': (4, 6), 'tst': 2}, {'pst': (13, 8), 'tst': 2}, {'pst': (21, 9), 'tst': 1}, {'pst': (16, 13), 'tst': 1}, {'pst': (14, 12), 'tst': 0}, {'pst': (1, 19), 'tst': 0}]",0.6843677877247017,5.913131615457506
23,16,"{'text': ""I don't think it's a good idea to legalize all drugs, but I do think it's a good idea to legalize marijuana.""}","[0, 1, 2, 3, 4, 5, 6, 7, 8, 9, 10, 11, 12, 13, 14, 15, 16, 17, 18, 19]","[{'pst': (14, 16), 'tst': 8}, {'pst': (12, 9), 'tst': 3}, {'pst': (19, 18), 'tst': 3}, {'pst': (18, 15), 'tst': 2}, {'pst': (12, 1), 'tst': 2}, {'pst': (2, 4), 'tst': 1}, {'pst': (22, 16), 'tst': 0}, {'pst': (1, 19), 'tst': 0}]",0.650100962756823,7.677992095335087
23,17,,"[0, 1, 2, 3, 4, 5, 6, 7, 8, 9, 10, 11, 12, 13, 14, 15, 16, 17, 18, 19]","[{'pst': (7, 7), 'tst': 7}, {'pst': (16, 3), 'tst': 3}, {'pst': (3, 14), 'tst': 2}, {'pst': (15, 10), 'tst': 2}, {'pst': (17, 18), 'tst': 1}, {'pst': (14, 16), 'tst': 1}, {'pst': (0, 19), 'tst': 0}, {'pst': (15, 7), 'tst': 0}]",0.6874669957033294,5.992162391850199
23,18,,"[0, 1, 2, 3, 4, 5, 6, 7, 8, 9, 10, 11, 12, 13, 14, 15, 16, 17, 18, 19]","[{'pst': (4, 12), 'tst': 7}, {'pst': (19, 18), 'tst': 3}, {'pst': (0, 8), 'tst': 2}, {'pst': (13, 13), 'tst': 2}, {'pst': (18, 15), 'tst': 1}, {'pst': (4, 4), 'tst': 1}, {'pst': (22, 18), 'tst': 0}, {'pst': (14, 7), 'tst': 0}]",0.6866665042541585,5.640462882137625
23,19,,"[0, 1, 2, 3, 4, 5, 6, 7, 8, 9, 10, 11, 12, 13, 14, 15, 16, 17, 18, 19]","[{'pst': (15, 7), 'tst': 5}, {'pst': (0, 8), 'tst': 3}, {'pst': (11, 8), 'tst': 2}, {'pst': (16, 0), 'tst': 2}, {'pst': (13, 13), 'tst': 1}, {'pst': (4, 12), 'tst': 1}, {'pst': (9, 19), 'tst': 0}, {'pst': (2, 11), 'tst': 0}]",0.5333307134037212,5.858604586426745
24,0,,"[0, 1, 2, 3, 4, 5, 6, 7, 8, 9, 10, 11, 12, 13, 14, 15, 16, 17, 18, 19]","[{'pst': (2, 11), 'tst': 6}, {'pst': (4, 4), 'tst': 4}, {'pst': (3, 14), 'tst': 3}, {'pst': (0, 18), 'tst': 2}, {'pst': (0, 1), 'tst': 2}, {'pst': (9, 16), 'tst': 1}, {'pst': (11, 8), 'tst': 0}, {'pst': (4, 8), 'tst': 0}]",0.6719786745682415,5.93371163720086
24,1,,"[0, 1, 2, 3, 4, 5, 6, 7, 8, 9, 10, 11, 12, 13, 14, 15, 16, 17, 18, 19]","[{'pst': (1, 0), 'tst': 4}, {'pst': (4, 12), 'tst': 4}, {'pst': (21, 1), 'tst': 2}, {'pst': (16, 14), 'tst': 1}, {'pst': (4, 8), 'tst': 1}, {'pst': (10, 8), 'tst': 1}, {'pst': (20, 13), 'tst': 0}]",0.6165011951196578,7.102896964431336
24,2,,"[0, 1, 2, 3, 4, 5, 6, 7, 8, 9, 10, 11, 12, 13, 14, 15, 16, 17, 18, 19]","[{'pst': (5, 13), 'tst': 4}, {'pst': (20, 2), 'tst': 3}, {'pst': (14, 13), 'tst': 3}, {'pst': (10, 8), 'tst': 2}, {'pst': (13, 14), 'tst': 1}, {'pst': (0, 1), 'tst': 1}, {'pst': (23, 2), 'tst': 0}, {'pst': (15, 7), 'tst': 0}]",0.5726864346366005,6.745302328302474
24,3,"{'text': ""I don't think it's a good idea to legalize all drugs, but I do think it's a good idea to legalize marijuana.""}","[0, 1, 2, 3, 4, 5, 6, 7, 8, 9, 10, 11, 12, 13, 14, 15, 16, 17, 18, 19]","[{'pst': (17, 2), 'tst': 4}, {'pst': (19, 12), 'tst': 3}, {'pst': (19, 2), 'tst': 3}, {'pst': (9, 19), 'tst': 1}, {'pst': (3, 14), 'tst': 1}, {'pst': (22, 18), 'tst': 1}, {'pst': (20, 2), 'tst': 0}, {'pst': (22, 12), 'tst': 0}]",0.6282794180821133,5.936952307475343
24,4,,"[0, 1, 2, 3, 4, 5, 6, 7, 8, 9, 10, 11, 12, 13, 14, 15, 16, 17, 18, 19]","[{'pst': (16, 13), 'tst': 5}, {'pst': (16, 14), 'tst': 4}, {'pst': (13, 13), 'tst': 3}, {'pst': (21, 4), 'tst': 2}, {'pst': (19, 1), 'tst': 2}, {'pst': (22, 16), 'tst': 1}, {'pst': (20, 13), 'tst': 1}, {'pst': (22, 18), 'tst': 0}]",0.6062087725627004,6.338713293086948
24,5,,"[0, 1, 2, 3, 4, 5, 6, 7, 8, 9, 10, 11, 12, 13, 14, 15, 16, 17, 18, 19]","[{'pst': (15, 10), 'tst': 6}, {'pst': (16, 0), 'tst': 3}, {'pst': (21, 1), 'tst': 2}, {'pst': (19, 6), 'tst': 2}, {'pst': (14, 13), 'tst': 1}, {'pst': (14, 16), 'tst': 1}, {'pst': (23, 5), 'tst': 0}, {'pst': (4, 4), 'tst': 0}]",0.7075678485707159,6.02962839196927
24,6,,"[0, 1, 2, 3, 4, 5, 6, 7, 8, 9, 10, 11, 12, 13, 14, 15, 16, 17, 18, 19]","[{'pst': (0, 18), 'tst': 4}, {'pst': (19, 18), 'tst': 3}, {'pst': (4, 13), 'tst': 2}, {'pst': (13, 7), 'tst': 1}, {'pst': (19, 6), 'tst': 1}, {'pst': (16, 13), 'tst': 1}, {'pst': (20, 13), 'tst': 0}, {'pst': (18, 15), 'tst': 0}]",0.6790308874172046,7.522319665099783
24,7,,"[0, 1, 2, 3, 4, 5, 6, 7, 8, 9, 10, 11, 12, 13, 14, 15, 16, 17, 18, 19]","[{'pst': (16, 7), 'tst': 7}, {'pst': (14, 16), 'tst': 7}, {'pst': (20, 6), 'tst': 3}, {'pst': (9, 16), 'tst': 2}, {'pst': (15, 7), 'tst': 2}, {'pst': (21, 11), 'tst': 1}, {'pst': (20, 8), 'tst': 1}, {'pst': (4, 2), 'tst': 0}]",0.5816015278758813,9.41031449281602
24,8,"{'text': 'If you want to legalize drugs, you should also legalize prostitution.'}","[0, 1, 2, 3, 4, 5, 6, 7, 8, 9, 10, 11, 12, 13, 14, 15, 16, 17, 18, 19]","[{'pst': (0, 18), 'tst': 5}, {'pst': (1, 0), 'tst': 4}, {'pst': (18, 5), 'tst': 2}, {'pst': (0, 8), 'tst': 1}, {'pst': (16, 14), 'tst': 1}, {'pst': (5, 13), 'tst': 1}, {'pst': (11, 8), 'tst': 0}, {'pst': (15, 7), 'tst': 0}]",0.6511301319539493,6.535745261671993
24,9,,"[0, 1, 2, 3, 4, 5, 6, 7, 8, 9, 10, 11, 12, 13, 14, 15, 16, 17, 18, 19]","[{'pst': (15, 10), 'tst': 6}, {'pst': (13, 13), 'tst': 5}, {'pst': (11, 13), 'tst': 3}, {'pst': (4, 4), 'tst': 3}, {'pst': (21, 9), 'tst': 2}, {'pst': (9, 16), 'tst': 2}, {'pst': (16, 3), 'tst': 1}, {'pst': (19, 12), 'tst': 0}]",0.6560492870323354,5.6719875145578165
24,10,,"[0, 1, 2, 3, 4, 5, 6, 7, 8, 9, 10, 11, 12, 13, 14, 15, 16, 17, 18, 19]","[{'pst': (4, 12), 'tst': 5}, {'pst': (20, 6), 'tst': 3}, {'pst': (14, 16), 'tst': 3}, {'pst': (4, 2), 'tst': 2}, {'pst': (20, 2), 'tst': 2}, {'pst': (1, 12), 'tst': 0}, {'pst': (12, 4), 'tst': 0}, {'pst': (15, 7), 'tst': 0}]",0.5655080057277228,5.993360491330708
24,11,,"[0, 1, 2, 3, 4, 5, 6, 7, 8, 9, 10, 11, 12, 13, 14, 15, 16, 17, 18, 19]","[{'pst': (3, 14), 'tst': 4}, {'pst': (14, 13), 'tst': 3}, {'pst': (21, 11), 'tst': 2}, {'pst': (18, 7), 'tst': 2}, {'pst': (1, 3), 'tst': 1}, {'pst': (16, 14), 'tst': 0}, {'pst': (13, 7), 'tst': 0}, {'pst': (4, 2), 'tst': 0}]",0.5822519673503398,7.610729172611885
24,12,,"[0, 1, 2, 3, 4, 5, 6, 7, 8, 9, 10, 11, 12, 13, 14, 15, 16, 17, 18, 19]","[{'pst': (11, 13), 'tst': 6}, {'pst': (19, 12), 'tst': 4}, {'pst': (0, 8), 'tst': 3}, {'pst': (22, 12), 'tst': 1}, {'pst': (10, 8), 'tst': 1}, {'pst': (16, 13), 'tst': 1}]",0.6161482204122455,6.883720750076782
24,13,"{'text': 'Legalizing drugs would not be the only option; there may still be a market of illegal drugs, for example if it is cheaper than the legal choice.'}","[0, 1, 2, 3, 4, 5, 6, 7, 8, 9, 10, 11, 12, 13, 14, 15, 16, 17, 18, 19]","[{'pst': (11, 8), 'tst': 5}, {'pst': (14, 16), 'tst': 4}, {'pst': (2, 17), 'tst': 3}, {'pst': (21, 13), 'tst': 2}, {'pst': (13, 14), 'tst': 0}]",0.5867660175641026,6.786661573399904
24,14,"{'text': ""It's not a given that the low well-being of drug users' families are a result of the drug use. The confounding variable is likely mental health issues.""}","[0, 1, 2, 3, 4, 5, 6, 7, 8, 9, 10, 11, 12, 13, 14, 15, 16, 17, 18, 19]","[{'pst': (1, 0), 'tst': 9}, {'pst': (11, 8), 'tst': 4}, {'pst': (4, 12), 'tst': 4}, {'pst': (22, 16), 'tst': 1}, {'pst': (11, 13), 'tst': 1}, {'pst': (10, 8), 'tst': 1}, {'pst': (1, 12), 'tst': 0}, {'pst': (23, 16), 'tst': 0}]",0.6193389959123454,6.1960934022212
24,15,"{'text': ""If you're going to legalize drugs, why not legalize prostitution as well?""}","[0, 1, 2, 3, 4, 5, 6, 7, 8, 9, 10, 11, 12, 13, 14, 15, 16, 17, 18, 19]","[{'pst': (3, 14), 'tst': 3}, {'pst': (4, 6), 'tst': 3}, {'pst': (13, 8), 'tst': 3}, {'pst': (21, 9), 'tst': 2}, {'pst': (16, 13), 'tst': 2}, {'pst': (14, 12), 'tst': 1}, {'pst': (1, 19), 'tst': 1}, {'pst': (23, 15), 'tst': 0}]",0.6997129069699428,5.405906778762944
24,16,,"[0, 1, 2, 3, 4, 5, 6, 7, 8, 9, 10, 11, 12, 13, 14, 15, 16, 17, 18, 19]","[{'pst': (14, 16), 'tst': 9}, {'pst': (19, 18), 'tst': 4}, {'pst': (18, 15), 'tst': 3}, {'pst': (12, 1), 'tst': 3}, {'pst': (22, 16), 'tst': 1}, {'pst': (1, 19), 'tst': 1}, {'pst': (23, 16), 'tst': 0}, {'pst': (23, 15), 'tst': 0}]",0.645983775568779,7.5926022570851295
24,17,,"[0, 1, 2, 3, 4, 5, 6, 7, 8, 9, 10, 11, 12, 13, 14, 15, 16, 17, 18, 19]","[{'pst': (16, 3), 'tst': 4}, {'pst': (3, 14), 'tst': 3}, {'pst': (17, 18), 'tst': 2}, {'pst': (14, 16), 'tst': 2}, {'pst': (0, 19), 'tst': 1}, {'pst': (15, 7), 'tst': 1}, {'pst': (0, 1), 'tst': 0}, {'pst': (22, 18), 'tst': 0}]",0.6333663618573478,6.082831343419727
24,18,,"[0, 1, 2, 3, 4, 5, 6, 7, 8, 9, 10, 11, 12, 13, 14, 15, 16, 17, 18, 19]","[{'pst': (19, 18), 'tst': 4}, {'pst': (0, 8), 'tst': 3}, {'pst': (18, 15), 'tst': 2}, {'pst': (4, 4), 'tst': 2}, {'pst': (22, 18), 'tst': 1}, {'pst': (14, 7), 'tst': 1}, {'pst': (19, 6), 'tst': 0}, {'pst': (10, 8), 'tst': 0}]",0.6722656116308908,6.1452219906036785
24,19,,"[0, 1, 2, 3, 4, 5, 6, 7, 8, 9, 10, 11, 12, 13, 14, 15, 16, 17, 18, 19]","[{'pst': (0, 8), 'tst': 4}, {'pst': (11, 8), 'tst': 3}, {'pst': (16, 0), 'tst': 3}, {'pst': (13, 13), 'tst': 2}, {'pst': (4, 12), 'tst': 2}, {'pst': (9, 19), 'tst': 1}, {'pst': (2, 11), 'tst': 1}, {'pst': (18, 15), 'tst': 0}]",0.6169551591930127,6.490257121937952
25,0,,"[0, 1, 2, 3, 4, 5, 6, 7, 8, 9, 10, 11, 12, 13, 14, 15, 16, 17, 18, 19]","[{'pst': (3, 14), 'tst': 4}, {'pst': (0, 18), 'tst': 3}, {'pst': (0, 1), 'tst': 3}, {'pst': (9, 16), 'tst': 2}, {'pst': (11, 8), 'tst': 1}, {'pst': (4, 8), 'tst': 1}, {'pst': (21, 9), 'tst': 0}, {'pst': (24, 8), 'tst': 0}]",0.7106923448068995,5.732342069005075
25,1,,"[0, 1, 2, 3, 4, 5, 6, 7, 8, 9, 10, 11, 12, 13, 14, 15, 16, 17, 18, 19]","[{'pst': (4, 12), 'tst': 5}, {'pst': (16, 14), 'tst': 2}, {'pst': (4, 8), 'tst': 2}, {'pst': (10, 8), 'tst': 2}, {'pst': (20, 13), 'tst': 1}, {'pst': (13, 14), 'tst': 0}, {'pst': (18, 7), 'tst': 0}, {'pst': (21, 13), 'tst': 0}]",0.5792888020164885,6.921718985620824
25,2,,"[0, 1, 2, 3, 4, 5, 6, 7, 8, 9, 10, 11, 12, 13, 14, 15, 16, 17, 18, 19]","[{'pst': (5, 13), 'tst': 5}, {'pst': (20, 2), 'tst': 4}, {'pst': (14, 13), 'tst': 4}, {'pst': (0, 1), 'tst': 2}, {'pst': (23, 2), 'tst': 1}, {'pst': (15, 7), 'tst': 1}, {'pst': (18, 15), 'tst': 0}, {'pst': (4, 12), 'tst': 0}]",0.6034221623415716,6.4904513213795
25,3,"{'text': ""I don't think it's a good idea to legalize all drugs, but I do think it's a good idea to legalize marijuana.""}","[0, 1, 2, 3, 4, 5, 6, 7, 8, 9, 10, 11, 12, 13, 14, 15, 16, 17, 18, 19]","[{'pst': (19, 12), 'tst': 4}, {'pst': (19, 2), 'tst': 4}, {'pst': (3, 14), 'tst': 2}, {'pst': (22, 18), 'tst': 2}, {'pst': (20, 2), 'tst': 1}, {'pst': (22, 12), 'tst': 1}, {'pst': (24, 3), 'tst': 0}]",0.6234710458297472,6.099626234414978
25,4,,"[0, 1, 2, 3, 4, 5, 6, 7, 8, 9, 10, 11, 12, 13, 14, 15, 16, 17, 18, 19]","[{'pst': (16, 14), 'tst': 5}, {'pst': (13, 13), 'tst': 4}, {'pst': (19, 1), 'tst': 3}, {'pst': (22, 16), 'tst': 2}, {'pst': (20, 13), 'tst': 2}, {'pst': (22, 18), 'tst': 1}, {'pst': (5, 13), 'tst': 0}, {'pst': (22, 12), 'tst': 0}]",0.6106359839488323,6.391980807302825
25,5,,"[0, 1, 2, 3, 4, 5, 6, 7, 8, 9, 10, 11, 12, 13, 14, 15, 16, 17, 18, 19]","[{'pst': (16, 0), 'tst': 4}, {'pst': (21, 1), 'tst': 3}, {'pst': (14, 13), 'tst': 2}, {'pst': (14, 16), 'tst': 2}, {'pst': (23, 5), 'tst': 1}, {'pst': (4, 4), 'tst': 1}, {'pst': (16, 7), 'tst': 0}, {'pst': (21, 13), 'tst': 0}]",0.6843966062206818,5.992393484011747
25,6,,"[0, 1, 2, 3, 4, 5, 6, 7, 8, 9, 10, 11, 12, 13, 14, 15, 16, 17, 18, 19]","[{'pst': (0, 18), 'tst': 5}, {'pst': (19, 18), 'tst': 4}, {'pst': (13, 7), 'tst': 2}, {'pst': (19, 6), 'tst': 2}, {'pst': (16, 13), 'tst': 2}, {'pst': (20, 13), 'tst': 1}, {'pst': (18, 15), 'tst': 1}, {'pst': (0, 1), 'tst': 0}]",0.656776897248136,6.881083139016152
25,7,,"[0, 1, 2, 3, 4, 5, 6, 7, 8, 9, 10, 11, 12, 13, 14, 15, 16, 17, 18, 19]","[{'pst': (14, 16), 'tst': 8}, {'pst': (20, 6), 'tst': 4}, {'pst': (9, 16), 'tst': 3}, {'pst': (15, 7), 'tst': 3}, {'pst': (21, 11), 'tst': 2}, {'pst': (20, 8), 'tst': 2}, {'pst': (4, 2), 'tst': 1}, {'pst': (1, 19), 'tst': 0}]",0.6107448220614091,11.880559982306844
25,8,,"[0, 1, 2, 3, 4, 5, 6, 7, 8, 9, 10, 11, 12, 13, 14, 15, 16, 17, 18, 19]","[{'pst': (18, 5), 'tst': 3}, {'pst': (0, 8), 'tst': 2}, {'pst': (16, 14), 'tst': 2}, {'pst': (5, 13), 'tst': 2}, {'pst': (11, 8), 'tst': 1}, {'pst': (15, 7), 'tst': 1}, {'pst': (24, 8), 'tst': 0}, {'pst': (16, 7), 'tst': 0}]",0.6391427221420436,6.797131644370873
25,9,,"[0, 1, 2, 3, 4, 5, 6, 7, 8, 9, 10, 11, 12, 13, 14, 15, 16, 17, 18, 19]","[{'pst': (15, 10), 'tst': 7}, {'pst': (13, 13), 'tst': 6}, {'pst': (11, 13), 'tst': 4}, {'pst': (4, 4), 'tst': 4}, {'pst': (21, 9), 'tst': 3}, {'pst': (16, 3), 'tst': 2}, {'pst': (19, 12), 'tst': 1}, {'pst': (13, 14), 'tst': 0}]",0.6444413430772831,6.22107227233747
25,10,,"[0, 1, 2, 3, 4, 5, 6, 7, 8, 9, 10, 11, 12, 13, 14, 15, 16, 17, 18, 19]","[{'pst': (4, 12), 'tst': 6}, {'pst': (4, 2), 'tst': 3}, {'pst': (20, 2), 'tst': 3}, {'pst': (1, 12), 'tst': 1}, {'pst': (12, 4), 'tst': 1}, {'pst': (15, 7), 'tst': 1}, {'pst': (1, 3), 'tst': 0}, {'pst': (14, 16), 'tst': 0}]",0.5633727755236954,5.99558898514387
25,11,,"[0, 1, 2, 3, 4, 5, 6, 7, 8, 9, 10, 11, 12, 13, 14, 15, 16, 17, 18, 19]","[{'pst': (14, 13), 'tst': 4}, {'pst': (21, 11), 'tst': 3}, {'pst': (1, 3), 'tst': 2}, {'pst': (16, 14), 'tst': 1}, {'pst': (13, 7), 'tst': 1}, {'pst': (4, 2), 'tst': 1}, {'pst': (20, 13), 'tst': 0}, {'pst': (24, 15), 'tst': 0}]",0.573864031440078,7.495570691892228
25,12,"{'text': 'If you want to legalize drugs, then you should also legalize prostitution.'}","[0, 1, 2, 3, 4, 5, 6, 7, 8, 9, 10, 11, 12, 13, 14, 15, 16, 17, 18, 19]","[{'pst': (11, 13), 'tst': 7}, {'pst': (19, 12), 'tst': 5}, {'pst': (22, 12), 'tst': 2}, {'pst': (16, 13), 'tst': 2}, {'pst': (14, 13), 'tst': 0}, {'pst': (12, 4), 'tst': 0}, {'pst': (20, 2), 'tst': 0}, {'pst': (1, 3), 'tst': 0}]",0.538281915798395,6.50405683964722
25,13,"{'text': 'Legalizing drugs would not be the only option; there may still be a market of illegal drugs, for example if it is cheaper than the legal choice.'}","[0, 1, 2, 3, 4, 5, 6, 7, 8, 9, 10, 11, 12, 13, 14, 15, 16, 17, 18, 19]","[{'pst': (11, 8), 'tst': 6}, {'pst': (21, 13), 'tst': 3}, {'pst': (13, 14), 'tst': 1}, {'pst': (24, 13), 'tst': 0}, {'pst': (9, 19), 'tst': 0}, {'pst': (19, 6), 'tst': 0}, {'pst': (14, 13), 'tst': 0}, {'pst': (16, 13), 'tst': 0}]",0.5793526609069887,7.553284866876707
25,14,,"[0, 1, 2, 3, 4, 5, 6, 7, 8, 9, 10, 11, 12, 13, 14, 15, 16, 17, 18, 19]","[{'pst': (1, 0), 'tst': 10}, {'pst': (4, 12), 'tst': 5}, {'pst': (22, 16), 'tst': 2}, {'pst': (11, 13), 'tst': 2}, {'pst': (10, 8), 'tst': 2}, {'pst': (1, 12), 'tst': 1}, {'pst': (23, 16), 'tst': 1}, {'pst': (24, 14), 'tst': 0}]",0.6220902184675983,6.575958108258929
25,15,,"[0, 1, 2, 3, 4, 5, 6, 7, 8, 9, 10, 11, 12, 13, 14, 15, 16, 17, 18, 19]","[{'pst': (13, 8), 'tst': 4}, {'pst': (21, 9), 'tst': 3}, {'pst': (16, 13), 'tst': 3}, {'pst': (14, 12), 'tst': 2}, {'pst': (1, 19), 'tst': 2}, {'pst': (23, 15), 'tst': 1}, {'pst': (24, 15), 'tst': 0}, {'pst': (20, 13), 'tst': 0}]",0.6237145194887688,5.400656140441754
25,16,"{'text': ""I don't think it's a good idea to legalize all drugs, but I do think it's a good idea to legalize marijuana.""}","[0, 1, 2, 3, 4, 5, 6, 7, 8, 9, 10, 11, 12, 13, 14, 15, 16, 17, 18, 19]","[{'pst': (14, 16), 'tst': 10}, {'pst': (18, 15), 'tst': 4}, {'pst': (22, 16), 'tst': 2}, {'pst': (1, 19), 'tst': 2}, {'pst': (23, 16), 'tst': 1}, {'pst': (23, 15), 'tst': 1}, {'pst': (13, 14), 'tst': 0}, {'pst': (1, 0), 'tst': 0}]",0.6275072214933431,8.901525384073768
25,17,,"[0, 1, 2, 3, 4, 5, 6, 7, 8, 9, 10, 11, 12, 13, 14, 15, 16, 17, 18, 19]","[{'pst': (3, 14), 'tst': 4}, {'pst': (17, 18), 'tst': 3}, {'pst': (0, 19), 'tst': 2}, {'pst': (15, 7), 'tst': 2}, {'pst': (0, 1), 'tst': 1}, {'pst': (22, 18), 'tst': 1}, {'pst': (4, 6), 'tst': 0}, {'pst': (4, 12), 'tst': 0}]",0.6248688009698966,5.348686551803357
25,18,,"[0, 1, 2, 3, 4, 5, 6, 7, 8, 9, 10, 11, 12, 13, 14, 15, 16, 17, 18, 19]","[{'pst': (0, 8), 'tst': 4}, {'pst': (18, 15), 'tst': 3}, {'pst': (22, 18), 'tst': 2}, {'pst': (14, 7), 'tst': 2}, {'pst': (19, 6), 'tst': 1}, {'pst': (10, 8), 'tst': 1}, {'pst': (0, 19), 'tst': 0}, {'pst': (23, 16), 'tst': 0}]",0.6379310645906627,6.241240223799487
25,19,"{'text': 'If you want to legalize drugs, then you should also legalize prostitution.'}","[0, 1, 2, 3, 4, 5, 6, 7, 8, 9, 10, 11, 12, 13, 14, 15, 16, 17, 18, 19]","[{'pst': (0, 8), 'tst': 5}, {'pst': (11, 8), 'tst': 4}, {'pst': (16, 0), 'tst': 4}, {'pst': (4, 12), 'tst': 3}, {'pst': (9, 19), 'tst': 2}, {'pst': (2, 11), 'tst': 2}, {'pst': (18, 15), 'tst': 1}, {'pst': (21, 4), 'tst': 0}]",0.5635632546788262,5.957902467099558
26,0,,"[0, 1, 2, 3, 4, 5, 6, 7, 8, 9, 10, 11, 12, 13, 14, 15, 16, 17, 18, 19]","[{'pst': (3, 14), 'tst': 5}, {'pst': (0, 18), 'tst': 4}, {'pst': (0, 1), 'tst': 4}, {'pst': (11, 8), 'tst': 2}, {'pst': (21, 9), 'tst': 1}, {'pst': (24, 8), 'tst': 1}, {'pst': (19, 1), 'tst': 0}, {'pst': (24, 3), 'tst': 0}]",0.696479070865439,5.255408878071494
26,1,,"[0, 1, 2, 3, 4, 5, 6, 7, 8, 9, 10, 11, 12, 13, 14, 15, 16, 17, 18, 19]","[{'pst': (16, 14), 'tst': 3}, {'pst': (4, 8), 'tst': 3}, {'pst': (10, 8), 'tst': 3}, {'pst': (20, 13), 'tst': 2}, {'pst': (13, 14), 'tst': 1}, {'pst': (18, 7), 'tst': 1}, {'pst': (21, 13), 'tst': 1}, {'pst': (0, 1), 'tst': 0}]",0.5605136373243581,6.687212568687329
26,2,,"[0, 1, 2, 3, 4, 5, 6, 7, 8, 9, 10, 11, 12, 13, 14, 15, 16, 17, 18, 19]","[{'pst': (5, 13), 'tst': 6}, {'pst': (14, 13), 'tst': 5}, {'pst': (23, 2), 'tst': 2}, {'pst': (15, 7), 'tst': 2}, {'pst': (18, 15), 'tst': 1}, {'pst': (4, 12), 'tst': 1}, {'pst': (19, 6), 'tst': 0}, {'pst': (23, 15), 'tst': 0}]",0.5908674160069944,7.47471978255343
26,3,,"[0, 1, 2, 3, 4, 5, 6, 7, 8, 9, 10, 11, 12, 13, 14, 15, 16, 17, 18, 19]","[{'pst': (19, 2), 'tst': 5}, {'pst': (3, 14), 'tst': 3}, {'pst': (20, 2), 'tst': 2}, {'pst': (22, 12), 'tst': 2}, {'pst': (24, 3), 'tst': 1}, {'pst': (25, 3), 'tst': 0}, {'pst': (0, 8), 'tst': 0}, {'pst': (10, 8), 'tst': 0}]",0.6503588204701245,6.742661285919699
26,4,,"[0, 1, 2, 3, 4, 5, 6, 7, 8, 9, 10, 11, 12, 13, 14, 15, 16, 17, 18, 19]","[{'pst': (16, 14), 'tst': 6}, {'pst': (22, 16), 'tst': 3}, {'pst': (20, 13), 'tst': 3}, {'pst': (22, 18), 'tst': 2}, {'pst': (5, 13), 'tst': 1}, {'pst': (22, 12), 'tst': 1}, {'pst': (13, 14), 'tst': 0}, {'pst': (19, 12), 'tst': 0}]",0.6104227036790058,6.253262902201312
26,5,"{'text': ""I don't think it's a good idea to legalize all drugs, but I do think it's a good idea to legalize marijuana.""}","[0, 1, 2, 3, 4, 5, 6, 7, 8, 9, 10, 11, 12, 13, 14, 15, 16, 17, 18, 19]","[{'pst': (14, 13), 'tst': 3}, {'pst': (14, 16), 'tst': 3}, {'pst': (23, 5), 'tst': 2}, {'pst': (4, 4), 'tst': 2}, {'pst': (16, 7), 'tst': 1}, {'pst': (21, 13), 'tst': 1}, {'pst': (25, 3), 'tst': 0}, {'pst': (18, 7), 'tst': 0}]",0.6732188714392806,5.544818499725641
26,6,,"[0, 1, 2, 3, 4, 5, 6, 7, 8, 9, 10, 11, 12, 13, 14, 15, 16, 17, 18, 19]","[{'pst': (13, 7), 'tst': 3}, {'pst': (19, 6), 'tst': 3}, {'pst': (16, 13), 'tst': 3}, {'pst': (20, 13), 'tst': 2}, {'pst': (18, 15), 'tst': 2}, {'pst': (0, 1), 'tst': 1}, {'pst': (1, 12), 'tst': 0}, {'pst': (4, 6), 'tst': 0}]",0.6449717731116642,6.928052499305712
26,7,,"[0, 1, 2, 3, 4, 5, 6, 7, 8, 9, 10, 11, 12, 13, 14, 15, 16, 17, 18, 19]","[{'pst': (9, 16), 'tst': 4}, {'pst': (15, 7), 'tst': 4}, {'pst': (21, 11), 'tst': 3}, {'pst': (20, 8), 'tst': 3}, {'pst': (4, 2), 'tst': 2}, {'pst': (1, 19), 'tst': 1}, {'pst': (14, 13), 'tst': 0}, {'pst': (16, 7), 'tst': 0}]",0.5932428682281484,8.783100586450837
26,8,,"[0, 1, 2, 3, 4, 5, 6, 7, 8, 9, 10, 11, 12, 13, 14, 15, 16, 17, 18, 19]","[{'pst': (18, 5), 'tst': 4}, {'pst': (5, 13), 'tst': 3}, {'pst': (11, 8), 'tst': 2}, {'pst': (15, 7), 'tst': 2}, {'pst': (24, 8), 'tst': 1}, {'pst': (16, 7), 'tst': 1}, {'pst': (13, 7), 'tst': 0}, {'pst': (1, 19), 'tst': 0}]",0.6211634757099692,8.04390524754103
26,9,"{'text': ""The government could generate more income by simply taking everyone's money by force - that doesn't make it a good choice.""}","[0, 1, 2, 3, 4, 5, 6, 7, 8, 9, 10, 11, 12, 13, 14, 15, 16, 17, 18, 19]","[{'pst': (13, 13), 'tst': 7}, {'pst': (11, 13), 'tst': 5}, {'pst': (4, 4), 'tst': 5}, {'pst': (21, 9), 'tst': 4}, {'pst': (16, 3), 'tst': 3}, {'pst': (13, 14), 'tst': 1}, {'pst': (18, 7), 'tst': 0}, {'pst': (15, 7), 'tst': 0}]",0.6241989783436149,5.923547458194539
26,10,,"[0, 1, 2, 3, 4, 5, 6, 7, 8, 9, 10, 11, 12, 13, 14, 15, 16, 17, 18, 19]","[{'pst': (4, 2), 'tst': 4}, {'pst': (20, 2), 'tst': 4}, {'pst': (1, 12), 'tst': 2}, {'pst': (12, 4), 'tst': 2}, {'pst': (15, 7), 'tst': 2}, {'pst': (1, 3), 'tst': 1}, {'pst': (14, 16), 'tst': 1}, {'pst': (2, 11), 'tst': 0}]",0.5259432670800127,5.724156535392179
26,11,,"[0, 1, 2, 3, 4, 5, 6, 7, 8, 9, 10, 11, 12, 13, 14, 15, 16, 17, 18, 19]","[{'pst': (21, 11), 'tst': 4}, {'pst': (1, 3), 'tst': 3}, {'pst': (16, 14), 'tst': 2}, {'pst': (13, 7), 'tst': 2}, {'pst': (20, 13), 'tst': 1}, {'pst': (24, 15), 'tst': 1}, {'pst': (20, 6), 'tst': 0}, {'pst': (23, 2), 'tst': 0}]",0.5912893642554868,7.637249237194742
26,12,,"[0, 1, 2, 3, 4, 5, 6, 7, 8, 9, 10, 11, 12, 13, 14, 15, 16, 17, 18, 19]","[{'pst': (22, 12), 'tst': 3}, {'pst': (16, 13), 'tst': 3}, {'pst': (14, 13), 'tst': 1}, {'pst': (12, 4), 'tst': 1}, {'pst': (20, 2), 'tst': 1}, {'pst': (1, 3), 'tst': 1}, {'pst': (25, 12), 'tst': 0}, {'pst': (4, 8), 'tst': 0}]",0.5576991354351696,6.55374337692884
26,13,,"[0, 1, 2, 3, 4, 5, 6, 7, 8, 9, 10, 11, 12, 13, 14, 15, 16, 17, 18, 19]","[{'pst': (21, 13), 'tst': 4}, {'pst': (13, 14), 'tst': 2}, {'pst': (24, 13), 'tst': 1}, {'pst': (9, 19), 'tst': 1}, {'pst': (19, 6), 'tst': 1}, {'pst': (14, 13), 'tst': 1}, {'pst': (16, 13), 'tst': 1}, {'pst': (25, 13), 'tst': 0}]",0.5716952074651319,7.509893927652584
26,14,,"[0, 1, 2, 3, 4, 5, 6, 7, 8, 9, 10, 11, 12, 13, 14, 15, 16, 17, 18, 19]","[{'pst': (4, 12), 'tst': 6}, {'pst': (22, 16), 'tst': 3}, {'pst': (11, 13), 'tst': 3}, {'pst': (1, 12), 'tst': 2}, {'pst': (23, 16), 'tst': 2}, {'pst': (24, 14), 'tst': 1}, {'pst': (25, 3), 'tst': 0}, {'pst': (24, 15), 'tst': 0}]",0.6331061487519076,6.662690965268307
26,15,"{'text': 'Legalizing drugs would not be the only option; there may still be a market of illegal drugs, for example if it is cheaper than the legal choice.'}","[0, 1, 2, 3, 4, 5, 6, 7, 8, 9, 10, 11, 12, 13, 14, 15, 16, 17, 18, 19]","[{'pst': (13, 8), 'tst': 5}, {'pst': (14, 12), 'tst': 3}, {'pst': (1, 19), 'tst': 3}, {'pst': (23, 15), 'tst': 2}, {'pst': (24, 15), 'tst': 1}, {'pst': (20, 13), 'tst': 1}, {'pst': (0, 18), 'tst': 0}, {'pst': (23, 5), 'tst': 0}]",0.6805801549736048,6.644510080618193
26,16,,"[0, 1, 2, 3, 4, 5, 6, 7, 8, 9, 10, 11, 12, 13, 14, 15, 16, 17, 18, 19]","[{'pst': (14, 16), 'tst': 11}, {'pst': (22, 16), 'tst': 3}, {'pst': (23, 16), 'tst': 2}, {'pst': (23, 15), 'tst': 2}, {'pst': (13, 14), 'tst': 1}, {'pst': (1, 0), 'tst': 1}, {'pst': (25, 16), 'tst': 0}, {'pst': (9, 16), 'tst': 0}]",0.649615524000122,7.221688060318137
26,17,,"[0, 1, 2, 3, 4, 5, 6, 7, 8, 9, 10, 11, 12, 13, 14, 15, 16, 17, 18, 19]","[{'pst': (3, 14), 'tst': 5}, {'pst': (17, 18), 'tst': 4}, {'pst': (0, 19), 'tst': 3}, {'pst': (0, 1), 'tst': 2}, {'pst': (22, 18), 'tst': 2}, {'pst': (4, 6), 'tst': 1}, {'pst': (4, 12), 'tst': 1}, {'pst': (22, 16), 'tst': 0}]",0.6600590866161378,5.390945404336795
26,18,,"[0, 1, 2, 3, 4, 5, 6, 7, 8, 9, 10, 11, 12, 13, 14, 15, 16, 17, 18, 19]","[{'pst': (0, 8), 'tst': 5}, {'pst': (18, 15), 'tst': 4}, {'pst': (14, 7), 'tst': 3}, {'pst': (19, 6), 'tst': 2}, {'pst': (10, 8), 'tst': 2}, {'pst': (0, 19), 'tst': 1}, {'pst': (23, 16), 'tst': 1}, {'pst': (15, 7), 'tst': 0}]",0.6391817233546426,6.404775252463821
26,19,,"[0, 1, 2, 3, 4, 5, 6, 7, 8, 9, 10, 11, 12, 13, 14, 15, 16, 17, 18, 19]","[{'pst': (11, 8), 'tst': 5}, {'pst': (16, 0), 'tst': 5}, {'pst': (4, 12), 'tst': 4}, {'pst': (2, 11), 'tst': 3}, {'pst': (18, 15), 'tst': 2}, {'pst': (21, 4), 'tst': 1}, {'pst': (25, 19), 'tst': 0}, {'pst': (24, 8), 'tst': 0}]",0.5964644138259988,6.068991906544699
27,0,,"[0, 1, 2, 3, 4, 5, 6, 7, 8, 9, 10, 11, 12, 13, 14, 15, 16, 17, 18, 19]","[{'pst': (3, 14), 'tst': 6}, {'pst': (0, 18), 'tst': 5}, {'pst': (11, 8), 'tst': 3}, {'pst': (21, 9), 'tst': 2}, {'pst': (19, 1), 'tst': 1}, {'pst': (24, 3), 'tst': 1}, {'pst': (20, 6), 'tst': 0}, {'pst': (23, 2), 'tst': 0}]",0.684513532373919,5.428350418623225
27,1,"{'text': 'Legalizing drugs would not be the only option; there may still be a market of illegal drugs, for example if it is cheaper than the legal choice.'}","[0, 1, 2, 3, 4, 5, 6, 7, 8, 9, 10, 11, 12, 13, 14, 15, 16, 17, 18, 19]","[{'pst': (16, 14), 'tst': 4}, {'pst': (4, 8), 'tst': 4}, {'pst': (20, 13), 'tst': 3}, {'pst': (13, 14), 'tst': 2}, {'pst': (21, 13), 'tst': 2}, {'pst': (0, 1), 'tst': 1}, {'pst': (24, 13), 'tst': 0}, {'pst': (16, 13), 'tst': 0}]",0.5713255961893434,7.64127397692241
27,2,,"[0, 1, 2, 3, 4, 5, 6, 7, 8, 9, 10, 11, 12, 13, 14, 15, 16, 17, 18, 19]","[{'pst': (5, 13), 'tst': 7}, {'pst': (23, 2), 'tst': 3}, {'pst': (15, 7), 'tst': 3}, {'pst': (18, 15), 'tst': 2}, {'pst': (4, 12), 'tst': 2}, {'pst': (19, 6), 'tst': 1}, {'pst': (23, 15), 'tst': 1}, {'pst': (11, 13), 'tst': 0}]",0.5827169562966769,6.782295922414679
27,3,,"[0, 1, 2, 3, 4, 5, 6, 7, 8, 9, 10, 11, 12, 13, 14, 15, 16, 17, 18, 19]","[{'pst': (3, 14), 'tst': 4}, {'pst': (20, 2), 'tst': 3}, {'pst': (24, 3), 'tst': 2}, {'pst': (25, 3), 'tst': 1}, {'pst': (0, 8), 'tst': 1}, {'pst': (10, 8), 'tst': 1}, {'pst': (14, 13), 'tst': 0}, {'pst': (24, 8), 'tst': 0}]",0.6474738915421206,6.580160783067425
27,4,"{'text': ""I don't think it's a good idea to legalize all drugs, but I do think it's a good idea to legalize marijuana.""}","[0, 1, 2, 3, 4, 5, 6, 7, 8, 9, 10, 11, 12, 13, 14, 15, 16, 17, 18, 19]","[{'pst': (16, 14), 'tst': 7}, {'pst': (22, 16), 'tst': 4}, {'pst': (20, 13), 'tst': 4}, {'pst': (22, 18), 'tst': 3}, {'pst': (13, 14), 'tst': 1}, {'pst': (19, 12), 'tst': 1}, {'pst': (1, 19), 'tst': 0}, {'pst': (23, 15), 'tst': 0}]",0.6168062852173587,7.154933177438792
27,5,,"[0, 1, 2, 3, 4, 5, 6, 7, 8, 9, 10, 11, 12, 13, 14, 15, 16, 17, 18, 19]","[{'pst': (14, 13), 'tst': 4}, {'pst': (4, 4), 'tst': 3}, {'pst': (16, 7), 'tst': 2}, {'pst': (21, 13), 'tst': 2}, {'pst': (25, 3), 'tst': 1}, {'pst': (18, 7), 'tst': 1}, {'pst': (26, 5), 'tst': 0}, {'pst': (23, 15), 'tst': 0}]",0.6530518565597334,5.437153653605684
27,6,,"[0, 1, 2, 3, 4, 5, 6, 7, 8, 9, 10, 11, 12, 13, 14, 15, 16, 17, 18, 19]","[{'pst': (16, 13), 'tst': 4}, {'pst': (20, 13), 'tst': 3}, {'pst': (18, 15), 'tst': 3}, {'pst': (0, 1), 'tst': 2}, {'pst': (1, 12), 'tst': 1}, {'pst': (4, 6), 'tst': 1}, {'pst': (10, 8), 'tst': 0}, {'pst': (13, 8), 'tst': 0}]",0.6625110696904574,5.937378410420025
27,7,,"[0, 1, 2, 3, 4, 5, 6, 7, 8, 9, 10, 11, 12, 13, 14, 15, 16, 17, 18, 19]","[{'pst': (21, 11), 'tst': 4}, {'pst': (20, 8), 'tst': 4}, {'pst': (4, 2), 'tst': 3}, {'pst': (1, 19), 'tst': 2}, {'pst': (14, 13), 'tst': 1}, {'pst': (16, 7), 'tst': 1}, {'pst': (22, 18), 'tst': 0}, {'pst': (23, 16), 'tst': 0}]",0.6159249712204572,7.250262545045423
27,8,,"[0, 1, 2, 3, 4, 5, 6, 7, 8, 9, 10, 11, 12, 13, 14, 15, 16, 17, 18, 19]","[{'pst': (5, 13), 'tst': 4}, {'pst': (15, 7), 'tst': 3}, {'pst': (24, 8), 'tst': 2}, {'pst': (16, 7), 'tst': 2}, {'pst': (13, 7), 'tst': 1}, {'pst': (1, 19), 'tst': 1}]",0.5762889233657724,8.726710704303997
27,9,,"[0, 1, 2, 3, 4, 5, 6, 7, 8, 9, 10, 11, 12, 13, 14, 15, 16, 17, 18, 19]","[{'pst': (13, 13), 'tst': 8}, {'pst': (11, 13), 'tst': 6}, {'pst': (21, 9), 'tst': 5}, {'pst': (16, 3), 'tst': 4}, {'pst': (13, 14), 'tst': 2}, {'pst': (18, 7), 'tst': 1}, {'pst': (15, 7), 'tst': 1}, {'pst': (26, 9), 'tst': 0}]",0.6227560376569302,6.024088278427698
27,10,"{'text': 'If you want to legalize drugs, you should also legalize prostitution.'}","[0, 1, 2, 3, 4, 5, 6, 7, 8, 9, 10, 11, 12, 13, 14, 15, 16, 17, 18, 19]","[{'pst': (1, 12), 'tst': 3}, {'pst': (12, 4), 'tst': 3}, {'pst': (15, 7), 'tst': 3}, {'pst': (1, 3), 'tst': 2}, {'pst': (14, 16), 'tst': 2}, {'pst': (2, 11), 'tst': 1}, {'pst': (16, 7), 'tst': 0}, {'pst': (23, 2), 'tst': 0}]",0.5530126213685609,5.6522416670504025
27,11,"{'text': ""If we're going to legalize drugs, we should also legalize prostitution.""}","[0, 1, 2, 3, 4, 5, 6, 7, 8, 9, 10, 11, 12, 13, 14, 15, 16, 17, 18, 19]","[{'pst': (21, 11), 'tst': 5}, {'pst': (16, 14), 'tst': 3}, {'pst': (13, 7), 'tst': 3}, {'pst': (20, 13), 'tst': 2}, {'pst': (24, 15), 'tst': 2}, {'pst': (20, 6), 'tst': 1}, {'pst': (23, 2), 'tst': 1}, {'pst': (13, 8), 'tst': 0}]",0.5885318061947362,6.861224591140459
27,12,,"[0, 1, 2, 3, 4, 5, 6, 7, 8, 9, 10, 11, 12, 13, 14, 15, 16, 17, 18, 19]","[{'pst': (14, 13), 'tst': 2}, {'pst': (12, 4), 'tst': 2}, {'pst': (20, 2), 'tst': 2}, {'pst': (1, 3), 'tst': 2}, {'pst': (25, 12), 'tst': 1}, {'pst': (4, 8), 'tst': 1}, {'pst': (19, 12), 'tst': 0}, {'pst': (18, 7), 'tst': 0}]",0.5362019417898423,7.101802270225091
27,13,,"[0, 1, 2, 3, 4, 5, 6, 7, 8, 9, 10, 11, 12, 13, 14, 15, 16, 17, 18, 19]","[{'pst': (13, 14), 'tst': 3}, {'pst': (24, 13), 'tst': 2}, {'pst': (9, 19), 'tst': 2}, {'pst': (14, 13), 'tst': 2}, {'pst': (16, 13), 'tst': 2}, {'pst': (25, 13), 'tst': 1}, {'pst': (16, 0), 'tst': 0}, {'pst': (24, 8), 'tst': 0}]",0.57257695702982,7.08906192530002
27,14,,"[0, 1, 2, 3, 4, 5, 6, 7, 8, 9, 10, 11, 12, 13, 14, 15, 16, 17, 18, 19]","[{'pst': (4, 12), 'tst': 7}, {'pst': (1, 12), 'tst': 3}, {'pst': (23, 16), 'tst': 3}, {'pst': (24, 14), 'tst': 2}, {'pst': (25, 3), 'tst': 1}, {'pst': (24, 15), 'tst': 1}, {'pst': (25, 16), 'tst': 0}, {'pst': (3, 14), 'tst': 0}]",0.6376022105374266,5.941549793740354
27,15,,"[0, 1, 2, 3, 4, 5, 6, 7, 8, 9, 10, 11, 12, 13, 14, 15, 16, 17, 18, 19]","[{'pst': (14, 12), 'tst': 4}, {'pst': (23, 15), 'tst': 3}, {'pst': (24, 15), 'tst': 2}, {'pst': (20, 13), 'tst': 2}, {'pst': (0, 18), 'tst': 1}, {'pst': (23, 5), 'tst': 1}, {'pst': (26, 15), 'tst': 0}, {'pst': (18, 15), 'tst': 0}]",0.6642587985814892,7.104230119876659
27,16,,"[0, 1, 2, 3, 4, 5, 6, 7, 8, 9, 10, 11, 12, 13, 14, 15, 16, 17, 18, 19]","[{'pst': (22, 16), 'tst': 4}, {'pst': (23, 15), 'tst': 3}, {'pst': (13, 14), 'tst': 2}, {'pst': (1, 0), 'tst': 2}, {'pst': (25, 16), 'tst': 1}, {'pst': (9, 16), 'tst': 1}, {'pst': (26, 5), 'tst': 0}, {'pst': (18, 5), 'tst': 0}]",0.6554003819003168,6.940772750682905
27,17,,"[0, 1, 2, 3, 4, 5, 6, 7, 8, 9, 10, 11, 12, 13, 14, 15, 16, 17, 18, 19]","[{'pst': (17, 18), 'tst': 5}, {'pst': (0, 1), 'tst': 3}, {'pst': (22, 18), 'tst': 3}, {'pst': (4, 6), 'tst': 2}, {'pst': (4, 12), 'tst': 2}, {'pst': (22, 16), 'tst': 1}, {'pst': (19, 1), 'tst': 0}, {'pst': (19, 2), 'tst': 0}]",0.6647280359997125,5.778454871839395
27,18,,"[0, 1, 2, 3, 4, 5, 6, 7, 8, 9, 10, 11, 12, 13, 14, 15, 16, 17, 18, 19]","[{'pst': (18, 15), 'tst': 5}, {'pst': (14, 7), 'tst': 4}, {'pst': (19, 6), 'tst': 3}, {'pst': (0, 19), 'tst': 2}, {'pst': (23, 16), 'tst': 2}, {'pst': (15, 7), 'tst': 1}, {'pst': (0, 18), 'tst': 0}, {'pst': (14, 13), 'tst': 0}]",0.6532260386572226,6.451308119699775
27,19,,"[0, 1, 2, 3, 4, 5, 6, 7, 8, 9, 10, 11, 12, 13, 14, 15, 16, 17, 18, 19]","[{'pst': (16, 0), 'tst': 6}, {'pst': (4, 12), 'tst': 5}, {'pst': (18, 15), 'tst': 3}, {'pst': (21, 4), 'tst': 2}, {'pst': (25, 19), 'tst': 1}, {'pst': (24, 8), 'tst': 1}, {'pst': (20, 8), 'tst': 0}, {'pst': (13, 8), 'tst': 0}]",0.5863790361130699,6.0014175421587455
28,0,"{'text': 'If you want to legalize drugs, then you should also legalize prostitution.'}","[0, 1, 2, 3, 4, 5, 6, 7, 8, 9, 10, 11, 12, 13, 14, 15, 16, 17, 18, 19]","[{'pst': (3, 14), 'tst': 7}, {'pst': (0, 18), 'tst': 6}, {'pst': (19, 1), 'tst': 2}, {'pst': (24, 3), 'tst': 2}, {'pst': (20, 6), 'tst': 1}, {'pst': (23, 2), 'tst': 1}, {'pst': (25, 12), 'tst': 0}, {'pst': (4, 4), 'tst': 0}]",0.7195999042625038,5.504553519413755
28,1,,"[0, 1, 2, 3, 4, 5, 6, 7, 8, 9, 10, 11, 12, 13, 14, 15, 16, 17, 18, 19]","[{'pst': (16, 14), 'tst': 5}, {'pst': (4, 8), 'tst': 5}, {'pst': (20, 13), 'tst': 4}, {'pst': (13, 14), 'tst': 3}, {'pst': (0, 1), 'tst': 2}, {'pst': (24, 13), 'tst': 1}, {'pst': (16, 13), 'tst': 1}, {'pst': (27, 1), 'tst': 0}]",0.5585713176114419,7.322352310494571
28,2,,"[0, 1, 2, 3, 4, 5, 6, 7, 8, 9, 10, 11, 12, 13, 14, 15, 16, 17, 18, 19]","[{'pst': (23, 2), 'tst': 4}, {'pst': (15, 7), 'tst': 4}, {'pst': (18, 15), 'tst': 3}, {'pst': (4, 12), 'tst': 3}, {'pst': (19, 6), 'tst': 2}, {'pst': (23, 15), 'tst': 2}, {'pst': (11, 13), 'tst': 1}, {'pst': (12, 4), 'tst': 0}]",0.5568740056004733,6.425161580282649
28,3,,"[0, 1, 2, 3, 4, 5, 6, 7, 8, 9, 10, 11, 12, 13, 14, 15, 16, 17, 18, 19]","[{'pst': (24, 3), 'tst': 3}, {'pst': (25, 3), 'tst': 2}, {'pst': (0, 8), 'tst': 2}, {'pst': (10, 8), 'tst': 2}, {'pst': (14, 13), 'tst': 1}, {'pst': (24, 8), 'tst': 1}, {'pst': (13, 7), 'tst': 0}, {'pst': (18, 7), 'tst': 0}]",0.6173354752714656,6.621896688427171
28,4,,"[0, 1, 2, 3, 4, 5, 6, 7, 8, 9, 10, 11, 12, 13, 14, 15, 16, 17, 18, 19]","[{'pst': (16, 14), 'tst': 8}, {'pst': (22, 16), 'tst': 5}, {'pst': (22, 18), 'tst': 4}, {'pst': (19, 12), 'tst': 2}, {'pst': (1, 19), 'tst': 1}, {'pst': (23, 15), 'tst': 1}, {'pst': (27, 4), 'tst': 0}]",0.6306070366217936,6.701727724504636
28,5,,"[0, 1, 2, 3, 4, 5, 6, 7, 8, 9, 10, 11, 12, 13, 14, 15, 16, 17, 18, 19]","[{'pst': (14, 13), 'tst': 5}, {'pst': (16, 7), 'tst': 3}, {'pst': (21, 13), 'tst': 3}, {'pst': (18, 7), 'tst': 2}, {'pst': (26, 5), 'tst': 1}, {'pst': (23, 15), 'tst': 1}, {'pst': (0, 18), 'tst': 0}, {'pst': (17, 18), 'tst': 0}]",0.6529828746659628,6.444774142664879
28,6,,"[0, 1, 2, 3, 4, 5, 6, 7, 8, 9, 10, 11, 12, 13, 14, 15, 16, 17, 18, 19]","[{'pst': (16, 13), 'tst': 5}, {'pst': (0, 1), 'tst': 3}, {'pst': (1, 12), 'tst': 2}, {'pst': (4, 6), 'tst': 2}, {'pst': (10, 8), 'tst': 1}, {'pst': (13, 8), 'tst': 1}, {'pst': (25, 16), 'tst': 0}, {'pst': (18, 15), 'tst': 0}]",0.697906985760723,6.223349938001704
28,7,,"[0, 1, 2, 3, 4, 5, 6, 7, 8, 9, 10, 11, 12, 13, 14, 15, 16, 17, 18, 19]","[{'pst': (21, 11), 'tst': 5}, {'pst': (4, 2), 'tst': 4}, {'pst': (1, 19), 'tst': 3}, {'pst': (14, 13), 'tst': 2}, {'pst': (16, 7), 'tst': 2}, {'pst': (22, 18), 'tst': 1}, {'pst': (23, 16), 'tst': 1}]",0.6189546570994893,7.239833352503468
28,8,,"[0, 1, 2, 3, 4, 5, 6, 7, 8, 9, 10, 11, 12, 13, 14, 15, 16, 17, 18, 19]","[{'pst': (24, 8), 'tst': 3}, {'pst': (16, 7), 'tst': 3}, {'pst': (13, 7), 'tst': 2}, {'pst': (1, 19), 'tst': 2}, {'pst': (27, 10), 'tst': 0}, {'pst': (23, 15), 'tst': 0}, {'pst': (20, 8), 'tst': 0}, {'pst': (24, 15), 'tst': 0}]",0.5995167293542811,9.182774720338577
28,9,,"[0, 1, 2, 3, 4, 5, 6, 7, 8, 9, 10, 11, 12, 13, 14, 15, 16, 17, 18, 19]","[{'pst': (21, 9), 'tst': 6}, {'pst': (16, 3), 'tst': 5}, {'pst': (13, 14), 'tst': 3}, {'pst': (18, 7), 'tst': 2}, {'pst': (15, 7), 'tst': 2}, {'pst': (26, 9), 'tst': 1}, {'pst': (25, 3), 'tst': 0}, {'pst': (24, 15), 'tst': 0}]",0.6706802741739918,5.84118335781258
28,10,,"[0, 1, 2, 3, 4, 5, 6, 7, 8, 9, 10, 11, 12, 13, 14, 15, 16, 17, 18, 19]","[{'pst': (1, 12), 'tst': 4}, {'pst': (12, 4), 'tst': 4}, {'pst': (1, 3), 'tst': 3}, {'pst': (14, 16), 'tst': 3}, {'pst': (16, 7), 'tst': 1}, {'pst': (23, 2), 'tst': 1}, {'pst': (27, 10), 'tst': 0}, {'pst': (25, 12), 'tst': 0}]",0.5457035274191445,5.967135204842059
28,11,,"[0, 1, 2, 3, 4, 5, 6, 7, 8, 9, 10, 11, 12, 13, 14, 15, 16, 17, 18, 19]","[{'pst': (21, 11), 'tst': 6}, {'pst': (16, 14), 'tst': 4}, {'pst': (20, 13), 'tst': 3}, {'pst': (24, 15), 'tst': 3}, {'pst': (23, 2), 'tst': 2}, {'pst': (13, 8), 'tst': 1}, {'pst': (27, 11), 'tst': 0}, {'pst': (0, 19), 'tst': 0}]",0.5951691939722877,6.666502315927792
28,12,,"[0, 1, 2, 3, 4, 5, 6, 7, 8, 9, 10, 11, 12, 13, 14, 15, 16, 17, 18, 19]","[{'pst': (14, 13), 'tst': 3}, {'pst': (1, 3), 'tst': 3}, {'pst': (25, 12), 'tst': 2}, {'pst': (4, 8), 'tst': 2}, {'pst': (19, 12), 'tst': 1}, {'pst': (18, 7), 'tst': 1}, {'pst': (27, 1), 'tst': 0}, {'pst': (1, 12), 'tst': 0}]",0.5587891543861079,6.5173468071525775
28,13,,"[0, 1, 2, 3, 4, 5, 6, 7, 8, 9, 10, 11, 12, 13, 14, 15, 16, 17, 18, 19]","[{'pst': (13, 14), 'tst': 4}, {'pst': (24, 13), 'tst': 3}, {'pst': (9, 19), 'tst': 3}, {'pst': (16, 13), 'tst': 3}, {'pst': (25, 13), 'tst': 2}, {'pst': (16, 0), 'tst': 1}, {'pst': (24, 8), 'tst': 1}, {'pst': (16, 14), 'tst': 0}]",0.5884471605941048,6.990831434391701
28,14,,"[0, 1, 2, 3, 4, 5, 6, 7, 8, 9, 10, 11, 12, 13, 14, 15, 16, 17, 18, 19]","[{'pst': (4, 12), 'tst': 8}, {'pst': (24, 14), 'tst': 3}, {'pst': (25, 3), 'tst': 2}, {'pst': (24, 15), 'tst': 2}, {'pst': (25, 16), 'tst': 1}, {'pst': (3, 14), 'tst': 1}, {'pst': (24, 8), 'tst': 0}]",0.6400987615034465,6.424856022377655
28,15,,"[0, 1, 2, 3, 4, 5, 6, 7, 8, 9, 10, 11, 12, 13, 14, 15, 16, 17, 18, 19]","[{'pst': (14, 12), 'tst': 5}, {'pst': (20, 13), 'tst': 3}, {'pst': (0, 18), 'tst': 2}, {'pst': (23, 5), 'tst': 2}, {'pst': (26, 15), 'tst': 1}, {'pst': (18, 15), 'tst': 1}, {'pst': (21, 11), 'tst': 0}, {'pst': (1, 12), 'tst': 0}]",0.6574462717059154,6.3450819884906124
28,16,,"[0, 1, 2, 3, 4, 5, 6, 7, 8, 9, 10, 11, 12, 13, 14, 15, 16, 17, 18, 19]","[{'pst': (22, 16), 'tst': 5}, {'pst': (13, 14), 'tst': 3}, {'pst': (25, 16), 'tst': 2}, {'pst': (9, 16), 'tst': 2}, {'pst': (26, 5), 'tst': 1}, {'pst': (18, 5), 'tst': 1}, {'pst': (16, 0), 'tst': 0}, {'pst': (22, 18), 'tst': 0}]",0.6740424155032925,6.540742907373617
28,17,,"[0, 1, 2, 3, 4, 5, 6, 7, 8, 9, 10, 11, 12, 13, 14, 15, 16, 17, 18, 19]","[{'pst': (17, 18), 'tst': 6}, {'pst': (22, 18), 'tst': 4}, {'pst': (4, 6), 'tst': 3}, {'pst': (4, 12), 'tst': 3}, {'pst': (22, 16), 'tst': 2}, {'pst': (19, 1), 'tst': 1}, {'pst': (19, 2), 'tst': 1}, {'pst': (9, 16), 'tst': 0}]",0.6577166160277896,6.2016798242576066
28,18,,"[0, 1, 2, 3, 4, 5, 6, 7, 8, 9, 10, 11, 12, 13, 14, 15, 16, 17, 18, 19]","[{'pst': (18, 15), 'tst': 6}, {'pst': (0, 19), 'tst': 3}, {'pst': (23, 16), 'tst': 3}, {'pst': (15, 7), 'tst': 2}, {'pst': (0, 18), 'tst': 1}, {'pst': (14, 13), 'tst': 1}, {'pst': (25, 13), 'tst': 0}, {'pst': (27, 10), 'tst': 0}]",0.6699438049195293,6.446086911038351
28,19,,"[0, 1, 2, 3, 4, 5, 6, 7, 8, 9, 10, 11, 12, 13, 14, 15, 16, 17, 18, 19]","[{'pst': (18, 15), 'tst': 4}, {'pst': (21, 4), 'tst': 3}, {'pst': (25, 19), 'tst': 2}, {'pst': (24, 8), 'tst': 2}, {'pst': (20, 8), 'tst': 1}, {'pst': (13, 8), 'tst': 1}, {'pst': (11, 13), 'tst': 0}, {'pst': (21, 13), 'tst': 0}]",0.5500759220383606,6.4005875874142815
29,0,,"[0, 1, 2, 3, 4, 5, 6, 7, 8, 9, 10, 11, 12, 13, 14, 15, 16, 17, 18, 19]","[{'pst': (3, 14), 'tst': 8}, {'pst': (24, 3), 'tst': 3}, {'pst': (20, 6), 'tst': 2}, {'pst': (23, 2), 'tst': 2}, {'pst': (25, 12), 'tst': 1}, {'pst': (4, 4), 'tst': 1}, {'pst': (28, 0), 'tst': 0}, {'pst': (0, 1), 'tst': 0}]",0.656802591343715,5.184205179952631
29,1,,"[0, 1, 2, 3, 4, 5, 6, 7, 8, 9, 10, 11, 12, 13, 14, 15, 16, 17, 18, 19]","[{'pst': (20, 13), 'tst': 5}, {'pst': (13, 14), 'tst': 4}, {'pst': (0, 1), 'tst': 3}, {'pst': (24, 13), 'tst': 2}, {'pst': (16, 13), 'tst': 2}, {'pst': (27, 1), 'tst': 1}, {'pst': (13, 7), 'tst': 0}, {'pst': (25, 19), 'tst': 0}]",0.5840426534484351,7.043088933864485
29,2,,"[0, 1, 2, 3, 4, 5, 6, 7, 8, 9, 10, 11, 12, 13, 14, 15, 16, 17, 18, 19]","[{'pst': (15, 7), 'tst': 5}, {'pst': (18, 15), 'tst': 4}, {'pst': (4, 12), 'tst': 4}, {'pst': (23, 15), 'tst': 3}, {'pst': (11, 13), 'tst': 2}, {'pst': (12, 4), 'tst': 1}, {'pst': (19, 6), 'tst': 0}, {'pst': (0, 1), 'tst': 0}]",0.5701286682498222,6.196537517790516
29,3,,"[0, 1, 2, 3, 4, 5, 6, 7, 8, 9, 10, 11, 12, 13, 14, 15, 16, 17, 18, 19]","[{'pst': (24, 3), 'tst': 4}, {'pst': (10, 8), 'tst': 3}, {'pst': (14, 13), 'tst': 2}, {'pst': (24, 8), 'tst': 2}, {'pst': (13, 7), 'tst': 1}, {'pst': (18, 7), 'tst': 1}, {'pst': (16, 7), 'tst': 0}, {'pst': (20, 8), 'tst': 0}]",0.6040090243465048,6.469090318824334
29,4,,"[0, 1, 2, 3, 4, 5, 6, 7, 8, 9, 10, 11, 12, 13, 14, 15, 16, 17, 18, 19]","[{'pst': (22, 16), 'tst': 6}, {'pst': (22, 18), 'tst': 5}, {'pst': (19, 12), 'tst': 3}, {'pst': (1, 19), 'tst': 2}, {'pst': (23, 15), 'tst': 2}, {'pst': (27, 4), 'tst': 1}, {'pst': (0, 8), 'tst': 0}, {'pst': (25, 19), 'tst': 0}]",0.6405764530474901,6.771299459838452
29,5,,"[0, 1, 2, 3, 4, 5, 6, 7, 8, 9, 10, 11, 12, 13, 14, 15, 16, 17, 18, 19]","[{'pst': (16, 7), 'tst': 4}, {'pst': (21, 13), 'tst': 4}, {'pst': (26, 5), 'tst': 2}, {'pst': (23, 15), 'tst': 2}, {'pst': (0, 18), 'tst': 1}, {'pst': (17, 18), 'tst': 1}, {'pst': (9, 16), 'tst': 0}, {'pst': (26, 9), 'tst': 0}]",0.64400806084691,6.326079419047721
29,6,,"[0, 1, 2, 3, 4, 5, 6, 7, 8, 9, 10, 11, 12, 13, 14, 15, 16, 17, 18, 19]","[{'pst': (16, 13), 'tst': 6}, {'pst': (0, 1), 'tst': 4}, {'pst': (1, 12), 'tst': 3}, {'pst': (10, 8), 'tst': 2}, {'pst': (25, 16), 'tst': 1}, {'pst': (18, 15), 'tst': 1}, {'pst': (0, 19), 'tst': 0}, {'pst': (13, 8), 'tst': 0}]",0.652277723169089,6.106748999237427
29,7,,"[0, 1, 2, 3, 4, 5, 6, 7, 8, 9, 10, 11, 12, 13, 14, 15, 16, 17, 18, 19]","[{'pst': (21, 11), 'tst': 6}, {'pst': (4, 2), 'tst': 5}, {'pst': (14, 13), 'tst': 3}, {'pst': (16, 7), 'tst': 3}, {'pst': (22, 18), 'tst': 2}, {'pst': (3, 14), 'tst': 0}]",0.6199856249567991,7.334297645923899
29,8,,"[0, 1, 2, 3, 4, 5, 6, 7, 8, 9, 10, 11, 12, 13, 14, 15, 16, 17, 18, 19]","[{'pst': (13, 7), 'tst': 3}, {'pst': (1, 19), 'tst': 3}, {'pst': (27, 10), 'tst': 1}, {'pst': (23, 15), 'tst': 1}, {'pst': (20, 8), 'tst': 1}, {'pst': (24, 15), 'tst': 1}, {'pst': (24, 13), 'tst': 0}, {'pst': (15, 7), 'tst': 0}]",0.5970199394227012,7.972041618836083
29,9,,"[0, 1, 2, 3, 4, 5, 6, 7, 8, 9, 10, 11, 12, 13, 14, 15, 16, 17, 18, 19]","[{'pst': (21, 9), 'tst': 7}, {'pst': (16, 3), 'tst': 6}, {'pst': (18, 7), 'tst': 3}, {'pst': (15, 7), 'tst': 3}, {'pst': (25, 3), 'tst': 1}, {'pst': (24, 15), 'tst': 1}, {'pst': (26, 15), 'tst': 0}, {'pst': (4, 12), 'tst': 0}]",0.6276965164909251,5.566709410742348
29,10,"{'text': 'If you want to legalize drugs, you should also legalize prostitution.'}","[0, 1, 2, 3, 4, 5, 6, 7, 8, 9, 10, 11, 12, 13, 14, 15, 16, 17, 18, 19]","[{'pst': (12, 4), 'tst': 5}, {'pst': (14, 16), 'tst': 4}, {'pst': (16, 7), 'tst': 2}, {'pst': (23, 2), 'tst': 2}, {'pst': (27, 10), 'tst': 1}, {'pst': (25, 12), 'tst': 1}, {'pst': (1, 19), 'tst': 0}, {'pst': (22, 18), 'tst': 0}]",0.5569329159465366,7.233644781948484
29,11,,"[0, 1, 2, 3, 4, 5, 6, 7, 8, 9, 10, 11, 12, 13, 14, 15, 16, 17, 18, 19]","[{'pst': (21, 11), 'tst': 7}, {'pst': (16, 14), 'tst': 5}, {'pst': (20, 13), 'tst': 4}, {'pst': (23, 2), 'tst': 3}, {'pst': (13, 8), 'tst': 2}, {'pst': (27, 11), 'tst': 1}, {'pst': (0, 19), 'tst': 1}, {'pst': (15, 7), 'tst': 0}]",0.595964103296394,6.5454060672883525
29,12,,"[0, 1, 2, 3, 4, 5, 6, 7, 8, 9, 10, 11, 12, 13, 14, 15, 16, 17, 18, 19]","[{'pst': (14, 13), 'tst': 4}, {'pst': (4, 8), 'tst': 3}, {'pst': (19, 12), 'tst': 2}, {'pst': (18, 7), 'tst': 2}, {'pst': (27, 1), 'tst': 1}, {'pst': (1, 12), 'tst': 1}, {'pst': (21, 11), 'tst': 0}, {'pst': (20, 13), 'tst': 0}]",0.5808663746700357,7.035526280392624
29,13,"{'text': 'Legalizing drugs would not be the only option; there may still be a market of illegal drugs, for example if it is cheaper than the legal choice.'}","[0, 1, 2, 3, 4, 5, 6, 7, 8, 9, 10, 11, 12, 13, 14, 15, 16, 17, 18, 19]","[{'pst': (24, 13), 'tst': 4}, {'pst': (9, 19), 'tst': 4}, {'pst': (25, 13), 'tst': 3}, {'pst': (16, 0), 'tst': 2}, {'pst': (24, 8), 'tst': 2}, {'pst': (16, 14), 'tst': 1}, {'pst': (21, 11), 'tst': 0}, {'pst': (9, 16), 'tst': 0}]",0.5964423846834778,7.203481985421831
29,14,,"[0, 1, 2, 3, 4, 5, 6, 7, 8, 9, 10, 11, 12, 13, 14, 15, 16, 17, 18, 19]","[{'pst': (24, 14), 'tst': 4}, {'pst': (25, 3), 'tst': 3}, {'pst': (25, 16), 'tst': 2}, {'pst': (3, 14), 'tst': 2}, {'pst': (24, 8), 'tst': 1}, {'pst': (14, 12), 'tst': 0}]",0.6188399642316893,6.704230780961843
29,15,"{'text': ""If you're going to legalize drugs, you might as well legalize all drugs, not just marijuana.""}","[0, 1, 2, 3, 4, 5, 6, 7, 8, 9, 10, 11, 12, 13, 14, 15, 16, 17, 18, 19]","[{'pst': (14, 12), 'tst': 6}, {'pst': (20, 13), 'tst': 4}, {'pst': (26, 15), 'tst': 2}, {'pst': (18, 15), 'tst': 2}, {'pst': (21, 11), 'tst': 1}, {'pst': (1, 12), 'tst': 1}, {'pst': (16, 7), 'tst': 0}]",0.6385364728407328,6.834176042010522
29,16,,"[0, 1, 2, 3, 4, 5, 6, 7, 8, 9, 10, 11, 12, 13, 14, 15, 16, 17, 18, 19]","[{'pst': (22, 16), 'tst': 6}, {'pst': (25, 16), 'tst': 3}, {'pst': (9, 16), 'tst': 3}, {'pst': (18, 5), 'tst': 2}, {'pst': (16, 0), 'tst': 1}, {'pst': (22, 18), 'tst': 1}, {'pst': (0, 8), 'tst': 0}, {'pst': (13, 7), 'tst': 0}]",0.6520481454491989,6.3434666982993555
29,17,"{'text': 'If you want to legalize drugs, then you should also legalize prostitution.'}","[0, 1, 2, 3, 4, 5, 6, 7, 8, 9, 10, 11, 12, 13, 14, 15, 16, 17, 18, 19]","[{'pst': (22, 18), 'tst': 5}, {'pst': (4, 12), 'tst': 4}, {'pst': (22, 16), 'tst': 3}, {'pst': (19, 1), 'tst': 2}, {'pst': (19, 2), 'tst': 2}, {'pst': (9, 16), 'tst': 1}, {'pst': (0, 8), 'tst': 0}, {'pst': (13, 7), 'tst': 0}]",0.6351790227552915,6.812817375393785
29,18,,"[0, 1, 2, 3, 4, 5, 6, 7, 8, 9, 10, 11, 12, 13, 14, 15, 16, 17, 18, 19]","[{'pst': (23, 16), 'tst': 4}, {'pst': (15, 7), 'tst': 3}, {'pst': (0, 18), 'tst': 2}, {'pst': (14, 13), 'tst': 2}, {'pst': (25, 13), 'tst': 1}, {'pst': (27, 10), 'tst': 1}, {'pst': (20, 8), 'tst': 0}, {'pst': (18, 5), 'tst': 0}]",0.6647825768716322,6.868189376854831
29,19,,"[0, 1, 2, 3, 4, 5, 6, 7, 8, 9, 10, 11, 12, 13, 14, 15, 16, 17, 18, 19]","[{'pst': (18, 15), 'tst': 5}, {'pst': (24, 8), 'tst': 3}, {'pst': (20, 8), 'tst': 2}, {'pst': (13, 8), 'tst': 2}, {'pst': (11, 13), 'tst': 1}, {'pst': (21, 13), 'tst': 1}, {'pst': (0, 1), 'tst': 0}]",0.61017527037808,6.319894776828623
30,0,,"[0, 1, 2, 3, 4, 5, 6, 7, 8, 9, 10, 11, 12, 13, 14, 15, 16, 17, 18, 19]","[{'pst': (3, 14), 'tst': 9}, {'pst': (23, 2), 'tst': 3}, {'pst': (25, 12), 'tst': 2}, {'pst': (4, 4), 'tst': 2}, {'pst': (28, 0), 'tst': 1}, {'pst': (0, 1), 'tst': 1}, {'pst': (20, 13), 'tst': 0}, {'pst': (25, 13), 'tst': 0}]",0.6398361591819878,5.96014569889539
30,1,,"[0, 1, 2, 3, 4, 5, 6, 7, 8, 9, 10, 11, 12, 13, 14, 15, 16, 17, 18, 19]","[{'pst': (13, 14), 'tst': 5}, {'pst': (0, 1), 'tst': 4}, {'pst': (24, 13), 'tst': 3}, {'pst': (16, 13), 'tst': 3}, {'pst': (27, 1), 'tst': 2}, {'pst': (13, 7), 'tst': 1}, {'pst': (25, 19), 'tst': 1}, {'pst': (0, 19), 'tst': 0}]",0.5681465580639736,6.288120330692033
30,2,,"[0, 1, 2, 3, 4, 5, 6, 7, 8, 9, 10, 11, 12, 13, 14, 15, 16, 17, 18, 19]","[{'pst': (15, 7), 'tst': 6}, {'pst': (18, 15), 'tst': 5}, {'pst': (11, 13), 'tst': 3}, {'pst': (12, 4), 'tst': 2}, {'pst': (19, 6), 'tst': 1}, {'pst': (0, 1), 'tst': 1}, {'pst': (27, 4), 'tst': 0}, {'pst': (25, 13), 'tst': 0}]",0.5695321718550859,6.804260670834012
30,3,"{'text': 'If you want to legalize drugs, you should also legalize prostitution.'}","[0, 1, 2, 3, 4, 5, 6, 7, 8, 9, 10, 11, 12, 13, 14, 15, 16, 17, 18, 19]","[{'pst': (10, 8), 'tst': 4}, {'pst': (14, 13), 'tst': 3}, {'pst': (24, 8), 'tst': 3}, {'pst': (18, 7), 'tst': 2}, {'pst': (16, 7), 'tst': 1}, {'pst': (20, 8), 'tst': 1}, {'pst': (25, 16), 'tst': 0}, {'pst': (23, 2), 'tst': 0}]",0.6090332112239262,6.343313501822411
30,4,,"[0, 1, 2, 3, 4, 5, 6, 7, 8, 9, 10, 11, 12, 13, 14, 15, 16, 17, 18, 19]","[{'pst': (22, 18), 'tst': 6}, {'pst': (19, 12), 'tst': 4}, {'pst': (1, 19), 'tst': 3}, {'pst': (23, 15), 'tst': 3}, {'pst': (0, 8), 'tst': 1}, {'pst': (25, 19), 'tst': 1}]",0.605969531824537,8.022424282254038
30,5,,"[0, 1, 2, 3, 4, 5, 6, 7, 8, 9, 10, 11, 12, 13, 14, 15, 16, 17, 18, 19]","[{'pst': (21, 13), 'tst': 5}, {'pst': (26, 5), 'tst': 3}, {'pst': (23, 15), 'tst': 3}, {'pst': (0, 18), 'tst': 2}, {'pst': (17, 18), 'tst': 2}, {'pst': (9, 16), 'tst': 1}, {'pst': (26, 9), 'tst': 1}, {'pst': (22, 18), 'tst': 0}]",0.6757625119757686,6.737583890812732
30,6,,"[0, 1, 2, 3, 4, 5, 6, 7, 8, 9, 10, 11, 12, 13, 14, 15, 16, 17, 18, 19]","[{'pst': (0, 1), 'tst': 5}, {'pst': (1, 12), 'tst': 4}, {'pst': (25, 16), 'tst': 2}, {'pst': (18, 15), 'tst': 2}, {'pst': (0, 19), 'tst': 1}, {'pst': (13, 8), 'tst': 1}, {'pst': (23, 15), 'tst': 0}, {'pst': (23, 16), 'tst': 0}]",0.6361968062008394,6.119950066367765
30,7,"{'text': ""I don't think it's a good idea to legalize all drugs, but I do think it's a good idea to legalize marijuana.""}","[0, 1, 2, 3, 4, 5, 6, 7, 8, 9, 10, 11, 12, 13, 14, 15, 16, 17, 18, 19]","[{'pst': (21, 11), 'tst': 7}, {'pst': (14, 13), 'tst': 4}, {'pst': (16, 7), 'tst': 4}, {'pst': (3, 14), 'tst': 1}, {'pst': (23, 16), 'tst': 0}, {'pst': (26, 5), 'tst': 0}]",0.6276494245806775,6.653694090844714
30,8,,"[0, 1, 2, 3, 4, 5, 6, 7, 8, 9, 10, 11, 12, 13, 14, 15, 16, 17, 18, 19]","[{'pst': (13, 7), 'tst': 4}, {'pst': (27, 10), 'tst': 2}, {'pst': (23, 15), 'tst': 2}, {'pst': (20, 8), 'tst': 2}, {'pst': (24, 13), 'tst': 1}, {'pst': (15, 7), 'tst': 1}, {'pst': (20, 13), 'tst': 0}, {'pst': (22, 18), 'tst': 0}]",0.6064472293044112,8.37811012333978
30,9,,"[0, 1, 2, 3, 4, 5, 6, 7, 8, 9, 10, 11, 12, 13, 14, 15, 16, 17, 18, 19]","[{'pst': (18, 7), 'tst': 4}, {'pst': (15, 7), 'tst': 4}, {'pst': (25, 3), 'tst': 2}, {'pst': (24, 15), 'tst': 2}, {'pst': (26, 15), 'tst': 1}, {'pst': (4, 12), 'tst': 1}, {'pst': (29, 13), 'tst': 0}, {'pst': (22, 18), 'tst': 0}]",0.6657257270187346,7.350859548156078
30,10,,"[0, 1, 2, 3, 4, 5, 6, 7, 8, 9, 10, 11, 12, 13, 14, 15, 16, 17, 18, 19]","[{'pst': (14, 16), 'tst': 5}, {'pst': (16, 7), 'tst': 3}, {'pst': (27, 10), 'tst': 2}, {'pst': (25, 12), 'tst': 2}, {'pst': (1, 19), 'tst': 1}, {'pst': (22, 18), 'tst': 1}, {'pst': (29, 10), 'tst': 0}, {'pst': (25, 19), 'tst': 0}]",0.607431127085827,8.582021785285946
30,11,"{'text': 'Legalizing drugs would not be the only option; there may still be a market of illegal drugs, for example if it is cheaper than the legal choice.'}","[0, 1, 2, 3, 4, 5, 6, 7, 8, 9, 10, 11, 12, 13, 14, 15, 16, 17, 18, 19]","[{'pst': (21, 11), 'tst': 8}, {'pst': (16, 14), 'tst': 6}, {'pst': (20, 13), 'tst': 5}, {'pst': (13, 8), 'tst': 3}, {'pst': (0, 19), 'tst': 2}, {'pst': (15, 7), 'tst': 1}, {'pst': (29, 13), 'tst': 0}, {'pst': (28, 0), 'tst': 0}]",0.5994583079090781,6.7295298181154655
30,12,"{'text': 'If you want to legalize drugs, then you should also legalize prostitution.'}","[0, 1, 2, 3, 4, 5, 6, 7, 8, 9, 10, 11, 12, 13, 14, 15, 16, 17, 18, 19]","[{'pst': (14, 13), 'tst': 5}, {'pst': (4, 8), 'tst': 4}, {'pst': (19, 12), 'tst': 3}, {'pst': (1, 12), 'tst': 2}, {'pst': (21, 11), 'tst': 1}, {'pst': (20, 13), 'tst': 1}, {'pst': (27, 4), 'tst': 0}, {'pst': (29, 17), 'tst': 0}]",0.6168891041383566,6.473504811611673
30,13,"{'text': 'If you want to legalize drugs, then you should also legalize prostitution.'}","[0, 1, 2, 3, 4, 5, 6, 7, 8, 9, 10, 11, 12, 13, 14, 15, 16, 17, 18, 19]","[{'pst': (9, 19), 'tst': 5}, {'pst': (16, 0), 'tst': 3}, {'pst': (24, 8), 'tst': 3}, {'pst': (16, 14), 'tst': 2}, {'pst': (21, 11), 'tst': 1}, {'pst': (9, 16), 'tst': 1}, {'pst': (29, 13), 'tst': 0}, {'pst': (27, 10), 'tst': 0}]",0.5896490606602492,6.960638241503002
30,14,,"[0, 1, 2, 3, 4, 5, 6, 7, 8, 9, 10, 11, 12, 13, 14, 15, 16, 17, 18, 19]","[{'pst': (24, 14), 'tst': 5}, {'pst': (25, 3), 'tst': 4}, {'pst': (24, 8), 'tst': 2}, {'pst': (14, 12), 'tst': 1}, {'pst': (27, 4), 'tst': 0}]",0.61944882487758,6.689489707079347
30,15,,"[0, 1, 2, 3, 4, 5, 6, 7, 8, 9, 10, 11, 12, 13, 14, 15, 16, 17, 18, 19]","[{'pst': (14, 12), 'tst': 7}, {'pst': (26, 15), 'tst': 3}, {'pst': (18, 15), 'tst': 3}, {'pst': (21, 11), 'tst': 2}, {'pst': (1, 12), 'tst': 2}, {'pst': (16, 7), 'tst': 1}, {'pst': (29, 15), 'tst': 0}, {'pst': (25, 3), 'tst': 0}]",0.6610183447172807,6.39711467574595
30,16,,"[0, 1, 2, 3, 4, 5, 6, 7, 8, 9, 10, 11, 12, 13, 14, 15, 16, 17, 18, 19]","[{'pst': (22, 16), 'tst': 7}, {'pst': (25, 16), 'tst': 4}, {'pst': (18, 5), 'tst': 3}, {'pst': (16, 0), 'tst': 2}, {'pst': (0, 8), 'tst': 1}, {'pst': (13, 7), 'tst': 1}, {'pst': (22, 18), 'tst': 0}, {'pst': (9, 16), 'tst': 0}]",0.6552637013294276,6.59054106871667
30,17,,"[0, 1, 2, 3, 4, 5, 6, 7, 8, 9, 10, 11, 12, 13, 14, 15, 16, 17, 18, 19]","[{'pst': (22, 16), 'tst': 4}, {'pst': (19, 1), 'tst': 3}, {'pst': (19, 2), 'tst': 3}, {'pst': (9, 16), 'tst': 2}, {'pst': (0, 8), 'tst': 1}, {'pst': (13, 7), 'tst': 1}, {'pst': (29, 17), 'tst': 0}, {'pst': (17, 18), 'tst': 0}]",0.6864236930041726,6.764386711898059
30,18,,"[0, 1, 2, 3, 4, 5, 6, 7, 8, 9, 10, 11, 12, 13, 14, 15, 16, 17, 18, 19]","[{'pst': (23, 16), 'tst': 5}, {'pst': (15, 7), 'tst': 4}, {'pst': (0, 18), 'tst': 3}, {'pst': (27, 10), 'tst': 2}, {'pst': (20, 8), 'tst': 1}, {'pst': (18, 5), 'tst': 1}, {'pst': (11, 13), 'tst': 0}, {'pst': (23, 2), 'tst': 0}]",0.6725131098336095,6.67231683788275
30,19,,"[0, 1, 2, 3, 4, 5, 6, 7, 8, 9, 10, 11, 12, 13, 14, 15, 16, 17, 18, 19]","[{'pst': (18, 15), 'tst': 6}, {'pst': (24, 8), 'tst': 4}, {'pst': (13, 8), 'tst': 3}, {'pst': (11, 13), 'tst': 2}, {'pst': (0, 1), 'tst': 1}, {'pst': (20, 13), 'tst': 0}, {'pst': (29, 13), 'tst': 0}, {'pst': (27, 1), 'tst': 0}]",0.6085092885036015,6.664935141732336
31,0,,"[0, 1, 2, 3, 4, 5, 6, 7, 8, 9, 10, 11, 12, 13, 14, 15, 16, 17, 18, 19]","[{'pst': (3, 14), 'tst': 10}, {'pst': (4, 4), 'tst': 3}, {'pst': (28, 0), 'tst': 2}, {'pst': (0, 1), 'tst': 2}, {'pst': (20, 13), 'tst': 1}, {'pst': (25, 13), 'tst': 1}, {'pst': (25, 3), 'tst': 0}, {'pst': (16, 14), 'tst': 0}]",0.6580431572963739,5.549961205629886
31,1,,"[0, 1, 2, 3, 4, 5, 6, 7, 8, 9, 10, 11, 12, 13, 14, 15, 16, 17, 18, 19]","[{'pst': (13, 14), 'tst': 6}, {'pst': (24, 13), 'tst': 4}, {'pst': (16, 13), 'tst': 4}, {'pst': (27, 1), 'tst': 3}, {'pst': (13, 7), 'tst': 2}, {'pst': (25, 19), 'tst': 2}, {'pst': (0, 19), 'tst': 1}, {'pst': (10, 8), 'tst': 0}]",0.5636677508345668,6.4301222628721355
31,2,,"[0, 1, 2, 3, 4, 5, 6, 7, 8, 9, 10, 11, 12, 13, 14, 15, 16, 17, 18, 19]","[{'pst': (15, 7), 'tst': 7}, {'pst': (11, 13), 'tst': 4}, {'pst': (12, 4), 'tst': 3}, {'pst': (19, 6), 'tst': 2}, {'pst': (27, 4), 'tst': 1}, {'pst': (25, 13), 'tst': 1}, {'pst': (30, 3), 'tst': 0}, {'pst': (22, 18), 'tst': 0}]",0.6029746802872341,7.002441753693505
31,3,,"[0, 1, 2, 3, 4, 5, 6, 7, 8, 9, 10, 11, 12, 13, 14, 15, 16, 17, 18, 19]","[{'pst': (14, 13), 'tst': 4}, {'pst': (18, 7), 'tst': 3}, {'pst': (16, 7), 'tst': 2}, {'pst': (20, 8), 'tst': 2}, {'pst': (25, 16), 'tst': 1}, {'pst': (23, 2), 'tst': 1}, {'pst': (30, 3), 'tst': 0}, {'pst': (30, 11), 'tst': 0}]",0.5961319850960329,6.7143788122913435
31,4,,"[0, 1, 2, 3, 4, 5, 6, 7, 8, 9, 10, 11, 12, 13, 14, 15, 16, 17, 18, 19]","[{'pst': (22, 18), 'tst': 7}, {'pst': (19, 12), 'tst': 5}, {'pst': (1, 19), 'tst': 4}, {'pst': (0, 8), 'tst': 2}, {'pst': (25, 3), 'tst': 0}, {'pst': (14, 12), 'tst': 0}, {'pst': (30, 12), 'tst': 0}, {'pst': (1, 12), 'tst': 0}]",0.6222732377724569,6.112425558190981
31,5,,"[0, 1, 2, 3, 4, 5, 6, 7, 8, 9, 10, 11, 12, 13, 14, 15, 16, 17, 18, 19]","[{'pst': (21, 13), 'tst': 6}, {'pst': (26, 5), 'tst': 4}, {'pst': (0, 18), 'tst': 3}, {'pst': (17, 18), 'tst': 3}, {'pst': (9, 16), 'tst': 2}, {'pst': (22, 18), 'tst': 1}, {'pst': (26, 15), 'tst': 0}, {'pst': (20, 13), 'tst': 0}]",0.6515530294420823,6.4876722351973095
31,6,,"[0, 1, 2, 3, 4, 5, 6, 7, 8, 9, 10, 11, 12, 13, 14, 15, 16, 17, 18, 19]","[{'pst': (1, 12), 'tst': 5}, {'pst': (18, 15), 'tst': 3}, {'pst': (0, 19), 'tst': 2}, {'pst': (13, 8), 'tst': 2}, {'pst': (23, 15), 'tst': 1}, {'pst': (23, 16), 'tst': 1}, {'pst': (0, 8), 'tst': 0}, {'pst': (25, 12), 'tst': 0}]",0.6579868974307262,5.851502358527419
31,7,,"[0, 1, 2, 3, 4, 5, 6, 7, 8, 9, 10, 11, 12, 13, 14, 15, 16, 17, 18, 19]","[{'pst': (21, 11), 'tst': 8}, {'pst': (14, 13), 'tst': 5}, {'pst': (3, 14), 'tst': 2}, {'pst': (23, 16), 'tst': 1}, {'pst': (26, 5), 'tst': 1}, {'pst': (30, 7), 'tst': 0}, {'pst': (0, 18), 'tst': 0}, {'pst': (0, 1), 'tst': 0}]",0.6657703308250309,5.98669573002325
31,8,,"[0, 1, 2, 3, 4, 5, 6, 7, 8, 9, 10, 11, 12, 13, 14, 15, 16, 17, 18, 19]","[{'pst': (13, 7), 'tst': 5}, {'pst': (20, 8), 'tst': 3}, {'pst': (24, 13), 'tst': 2}, {'pst': (15, 7), 'tst': 2}, {'pst': (20, 13), 'tst': 1}, {'pst': (22, 18), 'tst': 1}, {'pst': (16, 7), 'tst': 0}]",0.6103312961777408,7.646546219607696
31,9,,"[0, 1, 2, 3, 4, 5, 6, 7, 8, 9, 10, 11, 12, 13, 14, 15, 16, 17, 18, 19]","[{'pst': (18, 7), 'tst': 5}, {'pst': (25, 3), 'tst': 3}, {'pst': (24, 15), 'tst': 3}, {'pst': (4, 12), 'tst': 2}, {'pst': (29, 13), 'tst': 1}, {'pst': (22, 18), 'tst': 1}, {'pst': (1, 19), 'tst': 0}, {'pst': (14, 16), 'tst': 0}]",0.6460089622975232,7.468014617492576
31,10,,"[0, 1, 2, 3, 4, 5, 6, 7, 8, 9, 10, 11, 12, 13, 14, 15, 16, 17, 18, 19]","[{'pst': (16, 7), 'tst': 4}, {'pst': (27, 10), 'tst': 3}, {'pst': (1, 19), 'tst': 2}, {'pst': (22, 18), 'tst': 2}, {'pst': (29, 10), 'tst': 1}, {'pst': (25, 19), 'tst': 1}, {'pst': (16, 14), 'tst': 0}, {'pst': (25, 13), 'tst': 0}]",0.5990677865421662,8.020240721150541
31,11,,"[0, 1, 2, 3, 4, 5, 6, 7, 8, 9, 10, 11, 12, 13, 14, 15, 16, 17, 18, 19]","[{'pst': (21, 11), 'tst': 9}, {'pst': (16, 14), 'tst': 7}, {'pst': (13, 8), 'tst': 4}, {'pst': (0, 19), 'tst': 3}, {'pst': (29, 13), 'tst': 1}, {'pst': (28, 0), 'tst': 1}, {'pst': (30, 11), 'tst': 0}, {'pst': (20, 8), 'tst': 0}]",0.5801849027578384,6.415698546306951
31,12,,"[0, 1, 2, 3, 4, 5, 6, 7, 8, 9, 10, 11, 12, 13, 14, 15, 16, 17, 18, 19]","[{'pst': (14, 13), 'tst': 6}, {'pst': (1, 12), 'tst': 3}, {'pst': (21, 11), 'tst': 2}, {'pst': (20, 13), 'tst': 2}, {'pst': (27, 4), 'tst': 1}, {'pst': (29, 17), 'tst': 1}, {'pst': (30, 12), 'tst': 0}, {'pst': (24, 8), 'tst': 0}]",0.6160482357915045,6.429782563998705
31,13,,"[0, 1, 2, 3, 4, 5, 6, 7, 8, 9, 10, 11, 12, 13, 14, 15, 16, 17, 18, 19]","[{'pst': (24, 8), 'tst': 4}, {'pst': (16, 14), 'tst': 3}, {'pst': (21, 11), 'tst': 2}, {'pst': (9, 16), 'tst': 2}, {'pst': (29, 13), 'tst': 1}, {'pst': (27, 10), 'tst': 1}, {'pst': (30, 13), 'tst': 0}, {'pst': (0, 1), 'tst': 0}]",0.6023345360191894,6.300128264521686
31,14,,"[0, 1, 2, 3, 4, 5, 6, 7, 8, 9, 10, 11, 12, 13, 14, 15, 16, 17, 18, 19]","[{'pst': (24, 14), 'tst': 6}, {'pst': (25, 3), 'tst': 5}, {'pst': (14, 12), 'tst': 2}, {'pst': (27, 4), 'tst': 1}, {'pst': (29, 15), 'tst': 0}, {'pst': (13, 7), 'tst': 0}, {'pst': (25, 19), 'tst': 0}, {'pst': (14, 16), 'tst': 0}]",0.6502810202115781,6.636944795887611
31,15,,"[0, 1, 2, 3, 4, 5, 6, 7, 8, 9, 10, 11, 12, 13, 14, 15, 16, 17, 18, 19]","[{'pst': (26, 15), 'tst': 4}, {'pst': (18, 15), 'tst': 4}, {'pst': (21, 11), 'tst': 3}, {'pst': (1, 12), 'tst': 3}, {'pst': (16, 7), 'tst': 2}, {'pst': (29, 15), 'tst': 1}, {'pst': (25, 3), 'tst': 1}, {'pst': (10, 8), 'tst': 0}]",0.6627672397861968,6.399804835882792
31,16,,"[0, 1, 2, 3, 4, 5, 6, 7, 8, 9, 10, 11, 12, 13, 14, 15, 16, 17, 18, 19]","[{'pst': (18, 5), 'tst': 4}, {'pst': (16, 0), 'tst': 3}, {'pst': (0, 8), 'tst': 2}, {'pst': (13, 7), 'tst': 2}, {'pst': (22, 18), 'tst': 1}, {'pst': (9, 16), 'tst': 1}, {'pst': (30, 3), 'tst': 0}, {'pst': (27, 10), 'tst': 0}]",0.6590655130427002,7.554266579635947
31,17,,"[0, 1, 2, 3, 4, 5, 6, 7, 8, 9, 10, 11, 12, 13, 14, 15, 16, 17, 18, 19]","[{'pst': (19, 1), 'tst': 4}, {'pst': (19, 2), 'tst': 4}, {'pst': (0, 8), 'tst': 2}, {'pst': (13, 7), 'tst': 2}, {'pst': (29, 17), 'tst': 1}, {'pst': (17, 18), 'tst': 1}, {'pst': (23, 2), 'tst': 0}, {'pst': (29, 10), 'tst': 0}]",0.63639169013463,6.721430748924894
31,18,,"[0, 1, 2, 3, 4, 5, 6, 7, 8, 9, 10, 11, 12, 13, 14, 15, 16, 17, 18, 19]","[{'pst': (23, 16), 'tst': 6}, {'pst': (15, 7), 'tst': 5}, {'pst': (0, 18), 'tst': 4}, {'pst': (18, 5), 'tst': 2}, {'pst': (11, 13), 'tst': 1}, {'pst': (23, 2), 'tst': 1}, {'pst': (26, 15), 'tst': 0}, {'pst': (13, 7), 'tst': 0}]",0.6569408679889246,6.498985365076282
31,19,,"[0, 1, 2, 3, 4, 5, 6, 7, 8, 9, 10, 11, 12, 13, 14, 15, 16, 17, 18, 19]","[{'pst': (18, 15), 'tst': 7}, {'pst': (13, 8), 'tst': 4}, {'pst': (0, 1), 'tst': 2}, {'pst': (20, 13), 'tst': 1}, {'pst': (29, 13), 'tst': 1}, {'pst': (27, 1), 'tst': 1}]",0.6177556085303952,6.663120073646304
32,0,,"[0, 1, 2, 3, 4, 5, 6, 7, 8, 9, 10, 11, 12, 13, 14, 15, 16, 17, 18, 19]","[{'pst': (3, 14), 'tst': 11}, {'pst': (0, 1), 'tst': 3}, {'pst': (20, 13), 'tst': 2}, {'pst': (25, 13), 'tst': 2}, {'pst': (25, 3), 'tst': 1}, {'pst': (16, 14), 'tst': 1}, {'pst': (21, 11), 'tst': 0}, {'pst': (17, 18), 'tst': 0}]",0.6994657135193346,6.710318410874233
32,1,,"[0, 1, 2, 3, 4, 5, 6, 7, 8, 9, 10, 11, 12, 13, 14, 15, 16, 17, 18, 19]","[{'pst': (24, 13), 'tst': 5}, {'pst': (16, 13), 'tst': 5}, {'pst': (27, 1), 'tst': 4}, {'pst': (25, 19), 'tst': 3}, {'pst': (0, 19), 'tst': 2}, {'pst': (10, 8), 'tst': 1}, {'pst': (19, 1), 'tst': 0}, {'pst': (19, 6), 'tst': 0}]",0.5411862571889966,6.8192977788964475
32,2,"{'text': ""I don't think it's a good idea to legalize all drugs, but I do think it's a good idea to legalize marijuana.""}","[0, 1, 2, 3, 4, 5, 6, 7, 8, 9, 10, 11, 12, 13, 14, 15, 16, 17, 18, 19]","[{'pst': (11, 13), 'tst': 5}, {'pst': (12, 4), 'tst': 4}, {'pst': (27, 4), 'tst': 2}, {'pst': (25, 13), 'tst': 2}, {'pst': (30, 3), 'tst': 1}, {'pst': (22, 18), 'tst': 1}, {'pst': (19, 12), 'tst': 0}, {'pst': (23, 16), 'tst': 0}]",0.5743302120596504,6.254822509688186
32,3,,"[0, 1, 2, 3, 4, 5, 6, 7, 8, 9, 10, 11, 12, 13, 14, 15, 16, 17, 18, 19]","[{'pst': (18, 7), 'tst': 4}, {'pst': (16, 7), 'tst': 3}, {'pst': (20, 8), 'tst': 3}, {'pst': (25, 16), 'tst': 2}, {'pst': (30, 3), 'tst': 1}, {'pst': (30, 11), 'tst': 1}, {'pst': (14, 13), 'tst': 0}, {'pst': (12, 4), 'tst': 0}]",0.5565120575981534,6.0409086952889215
32,4,,"[0, 1, 2, 3, 4, 5, 6, 7, 8, 9, 10, 11, 12, 13, 14, 15, 16, 17, 18, 19]","[{'pst': (1, 19), 'tst': 5}, {'pst': (0, 8), 'tst': 3}, {'pst': (25, 3), 'tst': 1}, {'pst': (14, 12), 'tst': 1}, {'pst': (30, 12), 'tst': 1}, {'pst': (1, 12), 'tst': 1}, {'pst': (30, 3), 'tst': 0}, {'pst': (24, 15), 'tst': 0}]",0.6355090771832329,7.050815554692913
32,5,"{'text': 'Legalizing drugs would not be the only option; there may still be a market of illegal drugs, for example if it is cheaper than the legal choice.'}","[0, 1, 2, 3, 4, 5, 6, 7, 8, 9, 10, 11, 12, 13, 14, 15, 16, 17, 18, 19]","[{'pst': (21, 13), 'tst': 7}, {'pst': (26, 5), 'tst': 5}, {'pst': (17, 18), 'tst': 4}, {'pst': (9, 16), 'tst': 3}, {'pst': (26, 15), 'tst': 1}, {'pst': (20, 13), 'tst': 1}, {'pst': (29, 15), 'tst': 0}, {'pst': (24, 8), 'tst': 0}]",0.7007701856198814,6.40617247694669
32,6,,"[0, 1, 2, 3, 4, 5, 6, 7, 8, 9, 10, 11, 12, 13, 14, 15, 16, 17, 18, 19]","[{'pst': (1, 12), 'tst': 6}, {'pst': (18, 15), 'tst': 4}, {'pst': (0, 19), 'tst': 3}, {'pst': (23, 16), 'tst': 2}, {'pst': (0, 8), 'tst': 1}, {'pst': (25, 12), 'tst': 1}, {'pst': (14, 12), 'tst': 0}, {'pst': (29, 10), 'tst': 0}]",0.648248613447233,6.148321186086628
32,7,"{'text': ""I don't think it's a good idea to legalize all drugs, but I do think it's a good idea to legalize marijuana.""}","[0, 1, 2, 3, 4, 5, 6, 7, 8, 9, 10, 11, 12, 13, 14, 15, 16, 17, 18, 19]","[{'pst': (14, 13), 'tst': 6}, {'pst': (3, 14), 'tst': 3}, {'pst': (23, 16), 'tst': 2}, {'pst': (30, 7), 'tst': 1}, {'pst': (0, 18), 'tst': 1}, {'pst': (0, 1), 'tst': 1}, {'pst': (0, 8), 'tst': 0}, {'pst': (29, 10), 'tst': 0}]",0.6669923344836021,6.4271631582173026
32,8,,"[0, 1, 2, 3, 4, 5, 6, 7, 8, 9, 10, 11, 12, 13, 14, 15, 16, 17, 18, 19]","[{'pst': (13, 7), 'tst': 6}, {'pst': (24, 13), 'tst': 3}, {'pst': (15, 7), 'tst': 3}, {'pst': (20, 13), 'tst': 2}, {'pst': (22, 18), 'tst': 2}, {'pst': (16, 7), 'tst': 1}, {'pst': (27, 1), 'tst': 0}, {'pst': (14, 16), 'tst': 0}]",0.6058743889284325,7.86931431167984
32,9,,"[0, 1, 2, 3, 4, 5, 6, 7, 8, 9, 10, 11, 12, 13, 14, 15, 16, 17, 18, 19]","[{'pst': (18, 7), 'tst': 6}, {'pst': (25, 3), 'tst': 4}, {'pst': (29, 13), 'tst': 2}, {'pst': (22, 18), 'tst': 2}, {'pst': (1, 19), 'tst': 1}, {'pst': (14, 16), 'tst': 1}, {'pst': (30, 13), 'tst': 0}, {'pst': (24, 8), 'tst': 0}]",0.6435554721162536,7.075611176291937
32,10,,"[0, 1, 2, 3, 4, 5, 6, 7, 8, 9, 10, 11, 12, 13, 14, 15, 16, 17, 18, 19]","[{'pst': (27, 10), 'tst': 4}, {'pst': (1, 19), 'tst': 3}, {'pst': (29, 10), 'tst': 2}, {'pst': (25, 19), 'tst': 2}, {'pst': (16, 14), 'tst': 1}, {'pst': (25, 13), 'tst': 1}, {'pst': (30, 3), 'tst': 0}, {'pst': (25, 12), 'tst': 0}]",0.6064318987956429,8.068477882874376
32,11,,"[0, 1, 2, 3, 4, 5, 6, 7, 8, 9, 10, 11, 12, 13, 14, 15, 16, 17, 18, 19]","[{'pst': (21, 11), 'tst': 10}, {'pst': (13, 8), 'tst': 5}, {'pst': (0, 19), 'tst': 4}, {'pst': (29, 13), 'tst': 2}, {'pst': (28, 0), 'tst': 2}, {'pst': (30, 11), 'tst': 1}, {'pst': (20, 8), 'tst': 1}, {'pst': (16, 13), 'tst': 0}]",0.5919251541167827,6.899501948817042
32,12,,"[0, 1, 2, 3, 4, 5, 6, 7, 8, 9, 10, 11, 12, 13, 14, 15, 16, 17, 18, 19]","[{'pst': (14, 13), 'tst': 7}, {'pst': (20, 13), 'tst': 3}, {'pst': (27, 4), 'tst': 2}, {'pst': (29, 17), 'tst': 2}, {'pst': (30, 12), 'tst': 1}, {'pst': (24, 8), 'tst': 1}, {'pst': (9, 16), 'tst': 0}, {'pst': (4, 12), 'tst': 0}]",0.5875511856288969,6.164766908408154
32,13,"{'text': 'Legalizing drugs would not be the only option; there may still be a market of illegal drugs, for example if it is cheaper than the legal choice.'}","[0, 1, 2, 3, 4, 5, 6, 7, 8, 9, 10, 11, 12, 13, 14, 15, 16, 17, 18, 19]","[{'pst': (16, 14), 'tst': 4}, {'pst': (21, 11), 'tst': 3}, {'pst': (9, 16), 'tst': 3}, {'pst': (29, 13), 'tst': 2}, {'pst': (30, 13), 'tst': 1}, {'pst': (0, 1), 'tst': 1}, {'pst': (20, 13), 'tst': 0}, {'pst': (25, 13), 'tst': 0}]",0.5977580919107861,7.198556091964183
32,14,,"[0, 1, 2, 3, 4, 5, 6, 7, 8, 9, 10, 11, 12, 13, 14, 15, 16, 17, 18, 19]","[{'pst': (25, 3), 'tst': 6}, {'pst': (27, 4), 'tst': 2}, {'pst': (29, 15), 'tst': 1}, {'pst': (13, 7), 'tst': 1}, {'pst': (25, 19), 'tst': 1}, {'pst': (14, 16), 'tst': 1}, {'pst': (30, 3), 'tst': 0}, {'pst': (15, 7), 'tst': 0}]",0.6492160569173838,6.71757990622962
32,15,,"[0, 1, 2, 3, 4, 5, 6, 7, 8, 9, 10, 11, 12, 13, 14, 15, 16, 17, 18, 19]","[{'pst': (26, 15), 'tst': 5}, {'pst': (21, 11), 'tst': 4}, {'pst': (1, 12), 'tst': 4}, {'pst': (29, 15), 'tst': 2}, {'pst': (25, 3), 'tst': 2}, {'pst': (10, 8), 'tst': 1}, {'pst': (16, 7), 'tst': 0}, {'pst': (30, 13), 'tst': 0}]",0.6677664413829953,6.6984802070665745
32,16,,"[0, 1, 2, 3, 4, 5, 6, 7, 8, 9, 10, 11, 12, 13, 14, 15, 16, 17, 18, 19]","[{'pst': (16, 0), 'tst': 4}, {'pst': (13, 7), 'tst': 3}, {'pst': (22, 18), 'tst': 2}, {'pst': (9, 16), 'tst': 2}, {'pst': (30, 3), 'tst': 1}, {'pst': (27, 10), 'tst': 1}, {'pst': (0, 18), 'tst': 0}, {'pst': (26, 5), 'tst': 0}]",0.6598806818268116,6.377307899964357
32,17,,"[0, 1, 2, 3, 4, 5, 6, 7, 8, 9, 10, 11, 12, 13, 14, 15, 16, 17, 18, 19]","[{'pst': (19, 1), 'tst': 5}, {'pst': (13, 7), 'tst': 3}, {'pst': (29, 17), 'tst': 2}, {'pst': (17, 18), 'tst': 2}, {'pst': (23, 2), 'tst': 1}, {'pst': (29, 10), 'tst': 1}, {'pst': (25, 3), 'tst': 0}, {'pst': (0, 18), 'tst': 0}]",0.6720992211607387,6.658594066406751
32,18,,"[0, 1, 2, 3, 4, 5, 6, 7, 8, 9, 10, 11, 12, 13, 14, 15, 16, 17, 18, 19]","[{'pst': (15, 7), 'tst': 6}, {'pst': (18, 5), 'tst': 3}, {'pst': (11, 13), 'tst': 2}, {'pst': (23, 2), 'tst': 2}, {'pst': (26, 15), 'tst': 1}, {'pst': (13, 7), 'tst': 1}, {'pst': (3, 14), 'tst': 0}]",0.6455260471893759,6.738610345883056
32,19,,"[0, 1, 2, 3, 4, 5, 6, 7, 8, 9, 10, 11, 12, 13, 14, 15, 16, 17, 18, 19]","[{'pst': (18, 15), 'tst': 8}, {'pst': (13, 8), 'tst': 5}, {'pst': (0, 1), 'tst': 3}, {'pst': (20, 13), 'tst': 2}, {'pst': (20, 8), 'tst': 0}, {'pst': (24, 14), 'tst': 0}]",0.6011692077347669,6.643649121975923
33,0,,"[0, 1, 2, 3, 4, 5, 6, 7, 8, 9, 10, 11, 12, 13, 14, 15, 16, 17, 18, 19]","[{'pst': (0, 1), 'tst': 4}, {'pst': (20, 13), 'tst': 3}, {'pst': (25, 13), 'tst': 3}, {'pst': (25, 3), 'tst': 2}, {'pst': (16, 14), 'tst': 2}, {'pst': (21, 11), 'tst': 1}, {'pst': (17, 18), 'tst': 1}, {'pst': (23, 16), 'tst': 0}]",0.6769749997593311,6.2144797035977515
33,1,,"[0, 1, 2, 3, 4, 5, 6, 7, 8, 9, 10, 11, 12, 13, 14, 15, 16, 17, 18, 19]","[{'pst': (24, 13), 'tst': 6}, {'pst': (25, 19), 'tst': 4}, {'pst': (0, 19), 'tst': 3}, {'pst': (10, 8), 'tst': 2}, {'pst': (19, 1), 'tst': 1}, {'pst': (19, 6), 'tst': 1}, {'pst': (18, 7), 'tst': 0}, {'pst': (29, 17), 'tst': 0}]",0.5635148942864017,6.854923771114021
33,2,,"[0, 1, 2, 3, 4, 5, 6, 7, 8, 9, 10, 11, 12, 13, 14, 15, 16, 17, 18, 19]","[{'pst': (11, 13), 'tst': 6}, {'pst': (12, 4), 'tst': 5}, {'pst': (27, 4), 'tst': 3}, {'pst': (22, 18), 'tst': 2}, {'pst': (19, 12), 'tst': 1}, {'pst': (23, 16), 'tst': 1}, {'pst': (32, 2), 'tst': 0}, {'pst': (14, 12), 'tst': 0}]",0.5727721068985041,6.281577657067036
33,3,,"[0, 1, 2, 3, 4, 5, 6, 7, 8, 9, 10, 11, 12, 13, 14, 15, 16, 17, 18, 19]","[{'pst': (18, 7), 'tst': 5}, {'pst': (16, 7), 'tst': 4}, {'pst': (20, 8), 'tst': 4}, {'pst': (30, 3), 'tst': 2}, {'pst': (14, 13), 'tst': 1}, {'pst': (12, 4), 'tst': 1}, {'pst': (29, 13), 'tst': 0}, {'pst': (32, 2), 'tst': 0}]",0.5747206805666636,6.409349409890961
33,4,,"[0, 1, 2, 3, 4, 5, 6, 7, 8, 9, 10, 11, 12, 13, 14, 15, 16, 17, 18, 19]","[{'pst': (25, 3), 'tst': 2}, {'pst': (14, 12), 'tst': 2}, {'pst': (30, 12), 'tst': 2}, {'pst': (1, 12), 'tst': 2}, {'pst': (30, 3), 'tst': 1}, {'pst': (24, 15), 'tst': 1}]",0.6208228750256491,6.787773393742976
33,5,,"[0, 1, 2, 3, 4, 5, 6, 7, 8, 9, 10, 11, 12, 13, 14, 15, 16, 17, 18, 19]","[{'pst': (26, 5), 'tst': 6}, {'pst': (17, 18), 'tst': 5}, {'pst': (9, 16), 'tst': 4}, {'pst': (26, 15), 'tst': 2}, {'pst': (20, 13), 'tst': 2}, {'pst': (29, 15), 'tst': 1}, {'pst': (24, 8), 'tst': 1}, {'pst': (32, 5), 'tst': 0}]",0.684225564069736,6.522322981527717
33,6,"{'text': ""If you're going to legalize drugs, why not legalize prostitution as well?""}","[0, 1, 2, 3, 4, 5, 6, 7, 8, 9, 10, 11, 12, 13, 14, 15, 16, 17, 18, 19]","[{'pst': (18, 15), 'tst': 5}, {'pst': (0, 19), 'tst': 4}, {'pst': (23, 16), 'tst': 3}, {'pst': (0, 8), 'tst': 2}, {'pst': (14, 12), 'tst': 1}, {'pst': (29, 10), 'tst': 1}, {'pst': (1, 12), 'tst': 0}, {'pst': (24, 15), 'tst': 0}]",0.6533615646167031,6.326728029845824
33,7,,"[0, 1, 2, 3, 4, 5, 6, 7, 8, 9, 10, 11, 12, 13, 14, 15, 16, 17, 18, 19]","[{'pst': (14, 13), 'tst': 7}, {'pst': (23, 16), 'tst': 3}, {'pst': (30, 7), 'tst': 2}, {'pst': (0, 18), 'tst': 2}, {'pst': (0, 8), 'tst': 1}, {'pst': (29, 10), 'tst': 1}, {'pst': (32, 7), 'tst': 0}, {'pst': (28, 0), 'tst': 0}]",0.6631997001367688,6.35994215358825
33,8,,"[0, 1, 2, 3, 4, 5, 6, 7, 8, 9, 10, 11, 12, 13, 14, 15, 16, 17, 18, 19]","[{'pst': (13, 7), 'tst': 7}, {'pst': (15, 7), 'tst': 4}, {'pst': (20, 13), 'tst': 3}, {'pst': (22, 18), 'tst': 3}, {'pst': (16, 7), 'tst': 2}, {'pst': (27, 1), 'tst': 1}, {'pst': (14, 16), 'tst': 1}]",0.603639864572613,7.743525323549332
33,9,,"[0, 1, 2, 3, 4, 5, 6, 7, 8, 9, 10, 11, 12, 13, 14, 15, 16, 17, 18, 19]","[{'pst': (18, 7), 'tst': 7}, {'pst': (29, 13), 'tst': 3}, {'pst': (1, 19), 'tst': 2}, {'pst': (14, 16), 'tst': 2}, {'pst': (30, 13), 'tst': 1}, {'pst': (24, 8), 'tst': 1}, {'pst': (23, 16), 'tst': 0}]",0.6335556523640117,6.432555352893179
33,10,,"[0, 1, 2, 3, 4, 5, 6, 7, 8, 9, 10, 11, 12, 13, 14, 15, 16, 17, 18, 19]","[{'pst': (1, 19), 'tst': 4}, {'pst': (29, 10), 'tst': 3}, {'pst': (25, 19), 'tst': 3}, {'pst': (16, 14), 'tst': 2}, {'pst': (25, 13), 'tst': 2}, {'pst': (30, 3), 'tst': 1}, {'pst': (25, 12), 'tst': 1}, {'pst': (18, 7), 'tst': 0}]",0.613091916352583,8.469298403858089
33,11,,"[0, 1, 2, 3, 4, 5, 6, 7, 8, 9, 10, 11, 12, 13, 14, 15, 16, 17, 18, 19]","[{'pst': (13, 8), 'tst': 6}, {'pst': (0, 19), 'tst': 5}, {'pst': (29, 13), 'tst': 3}, {'pst': (28, 0), 'tst': 3}, {'pst': (20, 8), 'tst': 2}, {'pst': (16, 13), 'tst': 1}, {'pst': (21, 11), 'tst': 0}, {'pst': (27, 1), 'tst': 0}]",0.585886012162147,6.745641352502563
33,12,,"[0, 1, 2, 3, 4, 5, 6, 7, 8, 9, 10, 11, 12, 13, 14, 15, 16, 17, 18, 19]","[{'pst': (14, 13), 'tst': 8}, {'pst': (27, 4), 'tst': 3}, {'pst': (29, 17), 'tst': 3}, {'pst': (30, 12), 'tst': 2}, {'pst': (9, 16), 'tst': 1}, {'pst': (4, 12), 'tst': 1}, {'pst': (32, 13), 'tst': 0}, {'pst': (20, 8), 'tst': 0}]",0.5919530163659384,6.1691995653218665
33,13,"{'text': 'Legalizing drugs would not be the only option; there may still be a market of illegal drugs, for example if it is cheaper than the legal choice.'}","[0, 1, 2, 3, 4, 5, 6, 7, 8, 9, 10, 11, 12, 13, 14, 15, 16, 17, 18, 19]","[{'pst': (16, 14), 'tst': 5}, {'pst': (9, 16), 'tst': 4}, {'pst': (30, 13), 'tst': 2}, {'pst': (0, 1), 'tst': 2}, {'pst': (20, 13), 'tst': 1}, {'pst': (25, 13), 'tst': 1}, {'pst': (32, 13), 'tst': 0}]",0.5954957243748381,7.162138674908166
33,14,{'text': 'Legalization of drugs would significantly decrease social stigma and discrimination against users who have been incarcerated for employment and education opportunities.'},"[0, 1, 2, 3, 4, 5, 6, 7, 8, 9, 10, 11, 12, 13, 14, 15, 16, 17, 18, 19]","[{'pst': (27, 4), 'tst': 3}, {'pst': (29, 15), 'tst': 2}, {'pst': (13, 7), 'tst': 2}, {'pst': (25, 19), 'tst': 2}, {'pst': (14, 16), 'tst': 2}, {'pst': (30, 3), 'tst': 1}, {'pst': (15, 7), 'tst': 1}, {'pst': (18, 7), 'tst': 0}]",0.6476220373458506,7.037238808302577
33,15,,"[0, 1, 2, 3, 4, 5, 6, 7, 8, 9, 10, 11, 12, 13, 14, 15, 16, 17, 18, 19]","[{'pst': (26, 15), 'tst': 6}, {'pst': (21, 11), 'tst': 5}, {'pst': (1, 12), 'tst': 5}, {'pst': (10, 8), 'tst': 2}, {'pst': (16, 7), 'tst': 1}, {'pst': (30, 13), 'tst': 1}, {'pst': (3, 14), 'tst': 0}]",0.6205653606189367,6.591065967107133
33,16,,"[0, 1, 2, 3, 4, 5, 6, 7, 8, 9, 10, 11, 12, 13, 14, 15, 16, 17, 18, 19]","[{'pst': (13, 7), 'tst': 4}, {'pst': (22, 18), 'tst': 3}, {'pst': (9, 16), 'tst': 3}, {'pst': (30, 3), 'tst': 2}, {'pst': (0, 18), 'tst': 1}, {'pst': (26, 5), 'tst': 1}, {'pst': (23, 2), 'tst': 0}, {'pst': (24, 8), 'tst': 0}]",0.6601843246277644,6.578891010148619
33,17,"{'text': 'If you want to legalize drugs, then you should also legalize prostitution.'}","[0, 1, 2, 3, 4, 5, 6, 7, 8, 9, 10, 11, 12, 13, 14, 15, 16, 17, 18, 19]","[{'pst': (29, 17), 'tst': 3}, {'pst': (17, 18), 'tst': 3}, {'pst': (23, 2), 'tst': 2}, {'pst': (29, 10), 'tst': 2}, {'pst': (25, 3), 'tst': 1}, {'pst': (0, 18), 'tst': 1}, {'pst': (0, 8), 'tst': 0}, {'pst': (15, 7), 'tst': 0}]",0.6903777760182899,7.166877658027225
33,18,,"[0, 1, 2, 3, 4, 5, 6, 7, 8, 9, 10, 11, 12, 13, 14, 15, 16, 17, 18, 19]","[{'pst': (15, 7), 'tst': 7}, {'pst': (11, 13), 'tst': 3}, {'pst': (26, 15), 'tst': 2}, {'pst': (13, 7), 'tst': 2}, {'pst': (3, 14), 'tst': 1}, {'pst': (25, 3), 'tst': 0}, {'pst': (30, 7), 'tst': 0}]",0.6170183910328749,6.516602865656487
33,19,,"[0, 1, 2, 3, 4, 5, 6, 7, 8, 9, 10, 11, 12, 13, 14, 15, 16, 17, 18, 19]","[{'pst': (18, 15), 'tst': 9}, {'pst': (20, 13), 'tst': 3}, {'pst': (20, 8), 'tst': 1}, {'pst': (24, 14), 'tst': 1}, {'pst': (26, 15), 'tst': 0}]",0.6033464966436134,7.1902818678567355
34,0,,"[0, 1, 2, 3, 4, 5, 6, 7, 8, 9, 10, 11, 12, 13, 14, 15, 16, 17, 18, 19]","[{'pst': (0, 1), 'tst': 5}, {'pst': (25, 13), 'tst': 4}, {'pst': (25, 3), 'tst': 3}, {'pst': (16, 14), 'tst': 3}, {'pst': (21, 11), 'tst': 2}, {'pst': (23, 16), 'tst': 1}, {'pst': (19, 6), 'tst': 0}, {'pst': (14, 12), 'tst': 0}]",0.6177358334759722,7.373175460871972
34,1,,"[0, 1, 2, 3, 4, 5, 6, 7, 8, 9, 10, 11, 12, 13, 14, 15, 16, 17, 18, 19]","[{'pst': (24, 13), 'tst': 7}, {'pst': (0, 19), 'tst': 4}, {'pst': (10, 8), 'tst': 3}, {'pst': (19, 1), 'tst': 2}, {'pst': (19, 6), 'tst': 2}, {'pst': (18, 7), 'tst': 1}, {'pst': (29, 17), 'tst': 1}, {'pst': (25, 13), 'tst': 0}]",0.5497816665706406,7.072863017652761
34,2,,"[0, 1, 2, 3, 4, 5, 6, 7, 8, 9, 10, 11, 12, 13, 14, 15, 16, 17, 18, 19]","[{'pst': (27, 4), 'tst': 4}, {'pst': (22, 18), 'tst': 3}, {'pst': (19, 12), 'tst': 2}, {'pst': (23, 16), 'tst': 2}, {'pst': (32, 2), 'tst': 1}, {'pst': (14, 12), 'tst': 1}, {'pst': (12, 4), 'tst': 0}, {'pst': (33, 13), 'tst': 0}]",0.5579890547336567,5.9651137824639235
34,3,"{'text': 'Legalizing drugs would not be the only option; there may still be a market of illegal drugs, for example if it is cheaper than the legal choice.'}","[0, 1, 2, 3, 4, 5, 6, 7, 8, 9, 10, 11, 12, 13, 14, 15, 16, 17, 18, 19]","[{'pst': (16, 7), 'tst': 5}, {'pst': (20, 8), 'tst': 5}, {'pst': (14, 13), 'tst': 2}, {'pst': (12, 4), 'tst': 2}, {'pst': (29, 13), 'tst': 1}, {'pst': (32, 2), 'tst': 1}, {'pst': (27, 4), 'tst': 0}, {'pst': (33, 13), 'tst': 0}]",0.5845092217668335,6.381413178812586
34,4,,"[0, 1, 2, 3, 4, 5, 6, 7, 8, 9, 10, 11, 12, 13, 14, 15, 16, 17, 18, 19]","[{'pst': (25, 3), 'tst': 3}, {'pst': (14, 12), 'tst': 3}, {'pst': (30, 12), 'tst': 3}, {'pst': (1, 12), 'tst': 3}, {'pst': (0, 18), 'tst': 0}]",0.6725395825356997,6.771311043989783
34,5,,"[0, 1, 2, 3, 4, 5, 6, 7, 8, 9, 10, 11, 12, 13, 14, 15, 16, 17, 18, 19]","[{'pst': (9, 16), 'tst': 5}, {'pst': (26, 15), 'tst': 3}, {'pst': (20, 13), 'tst': 3}, {'pst': (29, 15), 'tst': 2}, {'pst': (24, 8), 'tst': 2}, {'pst': (32, 5), 'tst': 1}, {'pst': (27, 1), 'tst': 0}, {'pst': (30, 7), 'tst': 0}]",0.6606017087769948,6.588000377839526
34,6,,"[0, 1, 2, 3, 4, 5, 6, 7, 8, 9, 10, 11, 12, 13, 14, 15, 16, 17, 18, 19]","[{'pst': (18, 15), 'tst': 6}, {'pst': (0, 8), 'tst': 3}, {'pst': (14, 12), 'tst': 2}, {'pst': (29, 10), 'tst': 2}, {'pst': (1, 12), 'tst': 1}, {'pst': (24, 15), 'tst': 1}, {'pst': (33, 6), 'tst': 0}, {'pst': (22, 18), 'tst': 0}]",0.6599960474642286,6.957662251977982
34,7,"{'text': ""I don't think it's a good idea to legalize all drugs, but I do think it's a good idea to legalize marijuana.""}","[0, 1, 2, 3, 4, 5, 6, 7, 8, 9, 10, 11, 12, 13, 14, 15, 16, 17, 18, 19]","[{'pst': (23, 16), 'tst': 4}, {'pst': (30, 7), 'tst': 3}, {'pst': (0, 18), 'tst': 3}, {'pst': (0, 8), 'tst': 2}, {'pst': (29, 10), 'tst': 2}, {'pst': (32, 7), 'tst': 1}, {'pst': (28, 0), 'tst': 1}, {'pst': (33, 6), 'tst': 0}]",0.6743276745376448,6.469377355872314
34,8,,"[0, 1, 2, 3, 4, 5, 6, 7, 8, 9, 10, 11, 12, 13, 14, 15, 16, 17, 18, 19]","[{'pst': (15, 7), 'tst': 5}, {'pst': (20, 13), 'tst': 4}, {'pst': (16, 7), 'tst': 3}, {'pst': (27, 1), 'tst': 2}, {'pst': (14, 16), 'tst': 2}, {'pst': (16, 14), 'tst': 0}, {'pst': (0, 1), 'tst': 0}, {'pst': (13, 8), 'tst': 0}]",0.6071060123212687,6.524614753251004
34,9,"{'text': 'If you want to legalize drugs, then you should also legalize prostitution.'}","[0, 1, 2, 3, 4, 5, 6, 7, 8, 9, 10, 11, 12, 13, 14, 15, 16, 17, 18, 19]","[{'pst': (18, 7), 'tst': 8}, {'pst': (29, 13), 'tst': 4}, {'pst': (14, 16), 'tst': 3}, {'pst': (30, 13), 'tst': 2}, {'pst': (24, 8), 'tst': 2}, {'pst': (23, 16), 'tst': 1}, {'pst': (33, 17), 'tst': 0}, {'pst': (27, 1), 'tst': 0}]",0.626641233384033,6.4289576084112525
34,10,,"[0, 1, 2, 3, 4, 5, 6, 7, 8, 9, 10, 11, 12, 13, 14, 15, 16, 17, 18, 19]","[{'pst': (29, 10), 'tst': 4}, {'pst': (25, 19), 'tst': 4}, {'pst': (16, 14), 'tst': 3}, {'pst': (30, 3), 'tst': 2}, {'pst': (25, 12), 'tst': 2}, {'pst': (18, 7), 'tst': 1}, {'pst': (20, 13), 'tst': 0}, {'pst': (12, 4), 'tst': 0}]",0.5281580512558224,6.385476240894206
34,11,,"[0, 1, 2, 3, 4, 5, 6, 7, 8, 9, 10, 11, 12, 13, 14, 15, 16, 17, 18, 19]","[{'pst': (13, 8), 'tst': 7}, {'pst': (29, 13), 'tst': 4}, {'pst': (28, 0), 'tst': 4}, {'pst': (20, 8), 'tst': 3}, {'pst': (16, 13), 'tst': 2}, {'pst': (21, 11), 'tst': 1}, {'pst': (27, 1), 'tst': 1}, {'pst': (33, 13), 'tst': 0}]",0.5989603029184035,6.895116052021708
34,12,"{'text': 'If you want to legalize drugs, then you should also legalize prostitution.'}","[0, 1, 2, 3, 4, 5, 6, 7, 8, 9, 10, 11, 12, 13, 14, 15, 16, 17, 18, 19]","[{'pst': (14, 13), 'tst': 9}, {'pst': (29, 17), 'tst': 4}, {'pst': (9, 16), 'tst': 2}, {'pst': (4, 12), 'tst': 2}, {'pst': (32, 13), 'tst': 1}, {'pst': (20, 8), 'tst': 1}, {'pst': (18, 7), 'tst': 0}, {'pst': (32, 2), 'tst': 0}]",0.6213570193765137,6.497887265491498
34,13,,"[0, 1, 2, 3, 4, 5, 6, 7, 8, 9, 10, 11, 12, 13, 14, 15, 16, 17, 18, 19]","[{'pst': (16, 14), 'tst': 6}, {'pst': (9, 16), 'tst': 5}, {'pst': (30, 13), 'tst': 3}, {'pst': (20, 13), 'tst': 2}, {'pst': (25, 13), 'tst': 2}, {'pst': (32, 13), 'tst': 1}, {'pst': (33, 13), 'tst': 0}, {'pst': (27, 1), 'tst': 0}]",0.6078694330861778,7.646815468233409
34,14,,"[0, 1, 2, 3, 4, 5, 6, 7, 8, 9, 10, 11, 12, 13, 14, 15, 16, 17, 18, 19]","[{'pst': (27, 4), 'tst': 4}, {'pst': (13, 7), 'tst': 3}, {'pst': (14, 16), 'tst': 3}, {'pst': (30, 3), 'tst': 2}, {'pst': (15, 7), 'tst': 2}, {'pst': (18, 7), 'tst': 1}, {'pst': (33, 14), 'tst': 0}, {'pst': (32, 2), 'tst': 0}]",0.6428458607669006,6.394296650027169
34,15,,"[0, 1, 2, 3, 4, 5, 6, 7, 8, 9, 10, 11, 12, 13, 14, 15, 16, 17, 18, 19]","[{'pst': (1, 12), 'tst': 6}, {'pst': (10, 8), 'tst': 3}, {'pst': (16, 7), 'tst': 2}, {'pst': (30, 13), 'tst': 2}, {'pst': (3, 14), 'tst': 1}, {'pst': (25, 3), 'tst': 0}, {'pst': (27, 4), 'tst': 0}]",0.6327492501617816,6.111107779413219
34,16,"{'text': 'If you want to legalize drugs, then you should also legalize prostitution.'}","[0, 1, 2, 3, 4, 5, 6, 7, 8, 9, 10, 11, 12, 13, 14, 15, 16, 17, 18, 19]","[{'pst': (22, 18), 'tst': 4}, {'pst': (9, 16), 'tst': 4}, {'pst': (30, 3), 'tst': 3}, {'pst': (0, 18), 'tst': 2}, {'pst': (26, 5), 'tst': 2}, {'pst': (23, 2), 'tst': 1}, {'pst': (24, 8), 'tst': 1}, {'pst': (4, 12), 'tst': 0}]",0.662809216863116,6.087978485168904
34,17,,"[0, 1, 2, 3, 4, 5, 6, 7, 8, 9, 10, 11, 12, 13, 14, 15, 16, 17, 18, 19]","[{'pst': (29, 17), 'tst': 4}, {'pst': (23, 2), 'tst': 3}, {'pst': (29, 10), 'tst': 3}, {'pst': (0, 18), 'tst': 2}, {'pst': (0, 8), 'tst': 1}, {'pst': (15, 7), 'tst': 1}, {'pst': (33, 17), 'tst': 0}, {'pst': (28, 0), 'tst': 0}]",0.6296562832407574,7.615045632574823
34,18,"{'text': ""If we're going to legalize drugs, we need to do it in a way that doesn't hurt the economy.""}","[0, 1, 2, 3, 4, 5, 6, 7, 8, 9, 10, 11, 12, 13, 14, 15, 16, 17, 18, 19]","[{'pst': (11, 13), 'tst': 4}, {'pst': (26, 15), 'tst': 3}, {'pst': (13, 7), 'tst': 3}, {'pst': (3, 14), 'tst': 2}, {'pst': (25, 3), 'tst': 1}, {'pst': (30, 7), 'tst': 1}, {'pst': (19, 6), 'tst': 0}]",0.6032144816447226,6.714483296785162
34,19,,"[0, 1, 2, 3, 4, 5, 6, 7, 8, 9, 10, 11, 12, 13, 14, 15, 16, 17, 18, 19]","[{'pst': (18, 15), 'tst': 10}, {'pst': (20, 8), 'tst': 2}, {'pst': (24, 14), 'tst': 2}, {'pst': (26, 15), 'tst': 1}, {'pst': (29, 13), 'tst': 0}, {'pst': (14, 13), 'tst': 0}, {'pst': (11, 13), 'tst': 0}, {'pst': (12, 4), 'tst': 0}]",0.5507406822783932,6.3758258261539265
35,0,,"[0, 1, 2, 3, 4, 5, 6, 7, 8, 9, 10, 11, 12, 13, 14, 15, 16, 17, 18, 19]","[{'pst': (25, 3), 'tst': 4}, {'pst': (16, 14), 'tst': 4}, {'pst': (21, 11), 'tst': 3}, {'pst': (23, 16), 'tst': 2}, {'pst': (19, 6), 'tst': 1}, {'pst': (14, 12), 'tst': 1}, {'pst': (12, 4), 'tst': 0}]",0.5645179595871123,6.203300849521497
35,1,"{'text': 'If you want to legalize drugs, then you should also legalize prostitution.'}","[0, 1, 2, 3, 4, 5, 6, 7, 8, 9, 10, 11, 12, 13, 14, 15, 16, 17, 18, 19]","[{'pst': (0, 19), 'tst': 5}, {'pst': (10, 8), 'tst': 4}, {'pst': (19, 1), 'tst': 3}, {'pst': (19, 6), 'tst': 3}, {'pst': (29, 17), 'tst': 2}, {'pst': (25, 13), 'tst': 1}, {'pst': (34, 16), 'tst': 0}, {'pst': (14, 13), 'tst': 0}]",0.5570516618691749,6.68536486099391
35,2,,"[0, 1, 2, 3, 4, 5, 6, 7, 8, 9, 10, 11, 12, 13, 14, 15, 16, 17, 18, 19]","[{'pst': (22, 18), 'tst': 4}, {'pst': (19, 12), 'tst': 3}, {'pst': (23, 16), 'tst': 3}, {'pst': (32, 2), 'tst': 2}, {'pst': (12, 4), 'tst': 1}, {'pst': (33, 13), 'tst': 1}, {'pst': (14, 12), 'tst': 0}, {'pst': (29, 17), 'tst': 0}]",0.57899206880145,6.27924432434002
35,3,,"[0, 1, 2, 3, 4, 5, 6, 7, 8, 9, 10, 11, 12, 13, 14, 15, 16, 17, 18, 19]","[{'pst': (20, 8), 'tst': 6}, {'pst': (14, 13), 'tst': 3}, {'pst': (29, 13), 'tst': 2}, {'pst': (32, 2), 'tst': 2}, {'pst': (27, 4), 'tst': 1}, {'pst': (33, 13), 'tst': 1}, {'pst': (34, 3), 'tst': 0}, {'pst': (30, 12), 'tst': 0}]",0.6122442293145222,6.543085492283791
35,4,,"[0, 1, 2, 3, 4, 5, 6, 7, 8, 9, 10, 11, 12, 13, 14, 15, 16, 17, 18, 19]","[{'pst': (14, 12), 'tst': 4}, {'pst': (1, 12), 'tst': 4}, {'pst': (0, 18), 'tst': 1}, {'pst': (25, 12), 'tst': 0}, {'pst': (33, 14), 'tst': 0}, {'pst': (22, 18), 'tst': 0}, {'pst': (23, 16), 'tst': 0}, {'pst': (29, 17), 'tst': 0}]",0.6802610435997777,6.031467849909602
35,5,"{'text': 'Legalizing drugs would not be the only option; there may still be a market of illegal drugs, for example if it is cheaper than the legal choice.'}","[0, 1, 2, 3, 4, 5, 6, 7, 8, 9, 10, 11, 12, 13, 14, 15, 16, 17, 18, 19]","[{'pst': (26, 15), 'tst': 4}, {'pst': (20, 13), 'tst': 4}, {'pst': (29, 15), 'tst': 3}, {'pst': (32, 5), 'tst': 2}, {'pst': (27, 1), 'tst': 1}, {'pst': (30, 7), 'tst': 1}, {'pst': (0, 18), 'tst': 0}, {'pst': (24, 13), 'tst': 0}]",0.6686760519552288,6.832229557278404
35,6,,"[0, 1, 2, 3, 4, 5, 6, 7, 8, 9, 10, 11, 12, 13, 14, 15, 16, 17, 18, 19]","[{'pst': (0, 8), 'tst': 4}, {'pst': (14, 12), 'tst': 3}, {'pst': (29, 10), 'tst': 3}, {'pst': (24, 15), 'tst': 2}, {'pst': (33, 6), 'tst': 1}, {'pst': (22, 18), 'tst': 1}, {'pst': (30, 3), 'tst': 0}, {'pst': (0, 1), 'tst': 0}]",0.6224240015230775,6.786734629535133
35,7,,"[0, 1, 2, 3, 4, 5, 6, 7, 8, 9, 10, 11, 12, 13, 14, 15, 16, 17, 18, 19]","[{'pst': (23, 16), 'tst': 5}, {'pst': (0, 18), 'tst': 4}, {'pst': (0, 8), 'tst': 3}, {'pst': (29, 10), 'tst': 3}, {'pst': (32, 7), 'tst': 2}, {'pst': (33, 6), 'tst': 1}, {'pst': (34, 7), 'tst': 0}, {'pst': (14, 16), 'tst': 0}]",0.6872076879344016,6.354162795997412
35,8,,"[0, 1, 2, 3, 4, 5, 6, 7, 8, 9, 10, 11, 12, 13, 14, 15, 16, 17, 18, 19]","[{'pst': (15, 7), 'tst': 6}, {'pst': (20, 13), 'tst': 5}, {'pst': (14, 16), 'tst': 3}, {'pst': (16, 14), 'tst': 1}, {'pst': (0, 1), 'tst': 1}, {'pst': (13, 8), 'tst': 1}, {'pst': (0, 19), 'tst': 0}]",0.6027906235401749,6.244992497508929
35,9,"{'text': 'If you want to legalize drugs, then you should also legalize prostitution.'}","[0, 1, 2, 3, 4, 5, 6, 7, 8, 9, 10, 11, 12, 13, 14, 15, 16, 17, 18, 19]","[{'pst': (14, 16), 'tst': 4}, {'pst': (30, 13), 'tst': 3}, {'pst': (24, 8), 'tst': 3}, {'pst': (23, 16), 'tst': 2}, {'pst': (33, 17), 'tst': 1}, {'pst': (27, 1), 'tst': 1}, {'pst': (34, 9), 'tst': 0}, {'pst': (13, 8), 'tst': 0}]",0.6206798442154828,6.284461147407758
35,10,,"[0, 1, 2, 3, 4, 5, 6, 7, 8, 9, 10, 11, 12, 13, 14, 15, 16, 17, 18, 19]","[{'pst': (29, 10), 'tst': 5}, {'pst': (25, 19), 'tst': 5}, {'pst': (16, 14), 'tst': 4}, {'pst': (18, 7), 'tst': 2}, {'pst': (20, 13), 'tst': 1}, {'pst': (12, 4), 'tst': 1}, {'pst': (27, 1), 'tst': 0}, {'pst': (30, 7), 'tst': 0}]",0.603308599339851,6.045881640039319
35,11,,"[0, 1, 2, 3, 4, 5, 6, 7, 8, 9, 10, 11, 12, 13, 14, 15, 16, 17, 18, 19]","[{'pst': (13, 8), 'tst': 8}, {'pst': (28, 0), 'tst': 5}, {'pst': (20, 8), 'tst': 4}, {'pst': (16, 13), 'tst': 3}, {'pst': (21, 11), 'tst': 2}, {'pst': (27, 1), 'tst': 2}, {'pst': (33, 13), 'tst': 1}]",0.5899617656884124,7.034197907148008
35,12,,"[0, 1, 2, 3, 4, 5, 6, 7, 8, 9, 10, 11, 12, 13, 14, 15, 16, 17, 18, 19]","[{'pst': (29, 17), 'tst': 5}, {'pst': (9, 16), 'tst': 3}, {'pst': (32, 13), 'tst': 2}, {'pst': (20, 8), 'tst': 2}, {'pst': (18, 7), 'tst': 1}, {'pst': (32, 2), 'tst': 1}, {'pst': (34, 12), 'tst': 0}, {'pst': (22, 18), 'tst': 0}]",0.6552552869697217,7.291869805071644
35,13,,"[0, 1, 2, 3, 4, 5, 6, 7, 8, 9, 10, 11, 12, 13, 14, 15, 16, 17, 18, 19]","[{'pst': (16, 14), 'tst': 7}, {'pst': (20, 13), 'tst': 3}, {'pst': (25, 13), 'tst': 3}, {'pst': (32, 13), 'tst': 2}, {'pst': (33, 13), 'tst': 1}, {'pst': (27, 1), 'tst': 1}, {'pst': (26, 15), 'tst': 0}, {'pst': (34, 18), 'tst': 0}]",0.5876933481100438,7.932045004012512
35,14,,"[0, 1, 2, 3, 4, 5, 6, 7, 8, 9, 10, 11, 12, 13, 14, 15, 16, 17, 18, 19]","[{'pst': (14, 16), 'tst': 4}, {'pst': (30, 3), 'tst': 3}, {'pst': (15, 7), 'tst': 3}, {'pst': (18, 7), 'tst': 2}, {'pst': (33, 14), 'tst': 1}, {'pst': (32, 2), 'tst': 1}, {'pst': (32, 13), 'tst': 0}, {'pst': (16, 14), 'tst': 0}]",0.6298474016853525,6.565118007535266
35,15,,"[0, 1, 2, 3, 4, 5, 6, 7, 8, 9, 10, 11, 12, 13, 14, 15, 16, 17, 18, 19]","[{'pst': (16, 7), 'tst': 3}, {'pst': (30, 13), 'tst': 3}, {'pst': (3, 14), 'tst': 2}, {'pst': (25, 3), 'tst': 1}, {'pst': (27, 4), 'tst': 1}, {'pst': (26, 15), 'tst': 0}, {'pst': (14, 12), 'tst': 0}, {'pst': (1, 12), 'tst': 0}]",0.6229854132516859,6.308423117695343
35,16,"{'text': ""I don't think it's a good idea to legalize all drugs, but I do think it's a good idea to legalize marijuana.""}","[0, 1, 2, 3, 4, 5, 6, 7, 8, 9, 10, 11, 12, 13, 14, 15, 16, 17, 18, 19]","[{'pst': (30, 3), 'tst': 4}, {'pst': (0, 18), 'tst': 3}, {'pst': (26, 5), 'tst': 3}, {'pst': (23, 2), 'tst': 2}, {'pst': (24, 8), 'tst': 2}, {'pst': (4, 12), 'tst': 1}, {'pst': (34, 16), 'tst': 0}, {'pst': (13, 7), 'tst': 0}]",0.6616197511992133,6.434131767357405
35,17,,"[0, 1, 2, 3, 4, 5, 6, 7, 8, 9, 10, 11, 12, 13, 14, 15, 16, 17, 18, 19]","[{'pst': (29, 17), 'tst': 5}, {'pst': (23, 2), 'tst': 4}, {'pst': (0, 8), 'tst': 2}, {'pst': (15, 7), 'tst': 2}, {'pst': (33, 17), 'tst': 1}, {'pst': (28, 0), 'tst': 1}, {'pst': (33, 6), 'tst': 0}]",0.6213326667341073,8.125727677524713
35,18,,"[0, 1, 2, 3, 4, 5, 6, 7, 8, 9, 10, 11, 12, 13, 14, 15, 16, 17, 18, 19]","[{'pst': (26, 15), 'tst': 4}, {'pst': (13, 7), 'tst': 4}, {'pst': (3, 14), 'tst': 3}, {'pst': (25, 3), 'tst': 2}, {'pst': (30, 7), 'tst': 2}, {'pst': (19, 6), 'tst': 1}, {'pst': (34, 18), 'tst': 0}]",0.6169215324939754,7.149633386763561
35,19,"{'text': ""It's not a given that the low well-being of drug users' families are a result of the drug use. The confounding variable is likely mental health issues.""}","[0, 1, 2, 3, 4, 5, 6, 7, 8, 9, 10, 11, 12, 13, 14, 15, 16, 17, 18, 19]","[{'pst': (20, 8), 'tst': 3}, {'pst': (24, 14), 'tst': 3}, {'pst': (26, 15), 'tst': 2}, {'pst': (29, 13), 'tst': 1}, {'pst': (14, 13), 'tst': 1}, {'pst': (11, 13), 'tst': 1}, {'pst': (12, 4), 'tst': 1}, {'pst': (28, 0), 'tst': 0}]",0.5245793254653186,6.55367975196377
36,0,"{'text': 'If you want to legalize drugs, then you should also legalize prostitution.'}","[0, 1, 2, 3, 4, 5, 6, 7, 8, 9, 10, 11, 12, 13, 14, 15, 16, 17, 18, 19]","[{'pst': (25, 3), 'tst': 5}, {'pst': (21, 11), 'tst': 4}, {'pst': (23, 16), 'tst': 3}, {'pst': (14, 12), 'tst': 2}, {'pst': (12, 4), 'tst': 1}, {'pst': (29, 13), 'tst': 0}, {'pst': (28, 0), 'tst': 0}, {'pst': (33, 13), 'tst': 0}]",0.580135642394971,6.270398537964963
36,1,,"[0, 1, 2, 3, 4, 5, 6, 7, 8, 9, 10, 11, 12, 13, 14, 15, 16, 17, 18, 19]","[{'pst': (0, 19), 'tst': 6}, {'pst': (19, 1), 'tst': 4}, {'pst': (19, 6), 'tst': 4}, {'pst': (29, 17), 'tst': 3}, {'pst': (25, 13), 'tst': 2}, {'pst': (34, 16), 'tst': 1}, {'pst': (14, 13), 'tst': 1}, {'pst': (35, 1), 'tst': 0}]",0.5626626375202932,7.124405034454458
36,2,,"[0, 1, 2, 3, 4, 5, 6, 7, 8, 9, 10, 11, 12, 13, 14, 15, 16, 17, 18, 19]","[{'pst': (22, 18), 'tst': 5}, {'pst': (23, 16), 'tst': 4}, {'pst': (12, 4), 'tst': 2}, {'pst': (33, 13), 'tst': 2}, {'pst': (14, 12), 'tst': 1}, {'pst': (29, 17), 'tst': 1}, {'pst': (32, 13), 'tst': 0}, {'pst': (13, 7), 'tst': 0}]",0.578494067869225,6.130405145316006
36,3,,"[0, 1, 2, 3, 4, 5, 6, 7, 8, 9, 10, 11, 12, 13, 14, 15, 16, 17, 18, 19]","[{'pst': (14, 13), 'tst': 4}, {'pst': (29, 13), 'tst': 3}, {'pst': (32, 2), 'tst': 3}, {'pst': (27, 4), 'tst': 2}, {'pst': (33, 13), 'tst': 2}, {'pst': (34, 3), 'tst': 1}, {'pst': (30, 12), 'tst': 1}]",0.6155913567522561,6.466376151778677
36,4,,"[0, 1, 2, 3, 4, 5, 6, 7, 8, 9, 10, 11, 12, 13, 14, 15, 16, 17, 18, 19]","[{'pst': (0, 18), 'tst': 2}, {'pst': (25, 12), 'tst': 1}, {'pst': (33, 14), 'tst': 1}, {'pst': (22, 18), 'tst': 1}, {'pst': (23, 16), 'tst': 1}, {'pst': (29, 17), 'tst': 1}, {'pst': (16, 14), 'tst': 0}, {'pst': (24, 8), 'tst': 0}]",0.6644847000824136,6.326962762233414
36,5,,"[0, 1, 2, 3, 4, 5, 6, 7, 8, 9, 10, 11, 12, 13, 14, 15, 16, 17, 18, 19]","[{'pst': (26, 15), 'tst': 5}, {'pst': (29, 15), 'tst': 4}, {'pst': (32, 5), 'tst': 3}, {'pst': (27, 1), 'tst': 2}, {'pst': (30, 7), 'tst': 2}, {'pst': (0, 18), 'tst': 1}, {'pst': (24, 13), 'tst': 1}, {'pst': (35, 5), 'tst': 0}]",0.662433090388316,6.942037101478844
36,6,,"[0, 1, 2, 3, 4, 5, 6, 7, 8, 9, 10, 11, 12, 13, 14, 15, 16, 17, 18, 19]","[{'pst': (29, 10), 'tst': 4}, {'pst': (24, 15), 'tst': 3}, {'pst': (33, 6), 'tst': 2}, {'pst': (22, 18), 'tst': 2}, {'pst': (30, 3), 'tst': 1}, {'pst': (0, 1), 'tst': 1}, {'pst': (35, 1), 'tst': 0}, {'pst': (25, 19), 'tst': 0}]",0.6228134730527572,7.365211027492172
36,7,,"[0, 1, 2, 3, 4, 5, 6, 7, 8, 9, 10, 11, 12, 13, 14, 15, 16, 17, 18, 19]","[{'pst': (23, 16), 'tst': 6}, {'pst': (29, 10), 'tst': 4}, {'pst': (32, 7), 'tst': 3}, {'pst': (33, 6), 'tst': 2}, {'pst': (34, 7), 'tst': 1}, {'pst': (14, 16), 'tst': 1}, {'pst': (14, 12), 'tst': 0}, {'pst': (9, 16), 'tst': 0}]",0.6461669801774783,6.848409053703477
36,8,,"[0, 1, 2, 3, 4, 5, 6, 7, 8, 9, 10, 11, 12, 13, 14, 15, 16, 17, 18, 19]","[{'pst': (15, 7), 'tst': 7}, {'pst': (16, 14), 'tst': 2}, {'pst': (0, 1), 'tst': 2}, {'pst': (13, 8), 'tst': 2}, {'pst': (0, 19), 'tst': 1}, {'pst': (29, 13), 'tst': 0}, {'pst': (14, 13), 'tst': 0}, {'pst': (34, 7), 'tst': 0}]",0.6185219206128694,5.979171239635006
36,9,"{'text': 'If you want to legalize drugs, then you should also legalize prostitution.'}","[0, 1, 2, 3, 4, 5, 6, 7, 8, 9, 10, 11, 12, 13, 14, 15, 16, 17, 18, 19]","[{'pst': (30, 13), 'tst': 4}, {'pst': (24, 8), 'tst': 4}, {'pst': (33, 17), 'tst': 2}, {'pst': (27, 1), 'tst': 2}, {'pst': (34, 9), 'tst': 1}, {'pst': (13, 8), 'tst': 1}, {'pst': (35, 9), 'tst': 0}]",0.5859179177371266,6.894736275772053
36,10,"{'text': 'Legalizing drugs would not be the only option; there may still be a market of illegal drugs, for example if it is cheaper than the legal choice.'}","[0, 1, 2, 3, 4, 5, 6, 7, 8, 9, 10, 11, 12, 13, 14, 15, 16, 17, 18, 19]","[{'pst': (25, 19), 'tst': 6}, {'pst': (18, 7), 'tst': 3}, {'pst': (20, 13), 'tst': 2}, {'pst': (12, 4), 'tst': 2}, {'pst': (27, 1), 'tst': 1}, {'pst': (30, 7), 'tst': 1}, {'pst': (1, 12), 'tst': 0}, {'pst': (24, 14), 'tst': 0}]",0.5650391611652463,6.149212541259599
36,11,,"[0, 1, 2, 3, 4, 5, 6, 7, 8, 9, 10, 11, 12, 13, 14, 15, 16, 17, 18, 19]","[{'pst': (13, 8), 'tst': 9}, {'pst': (28, 0), 'tst': 6}, {'pst': (20, 8), 'tst': 5}, {'pst': (21, 11), 'tst': 3}, {'pst': (27, 1), 'tst': 3}, {'pst': (33, 13), 'tst': 2}, {'pst': (23, 2), 'tst': 0}, {'pst': (24, 8), 'tst': 0}]",0.6084789878078672,6.996234092366652
36,12,,"[0, 1, 2, 3, 4, 5, 6, 7, 8, 9, 10, 11, 12, 13, 14, 15, 16, 17, 18, 19]","[{'pst': (29, 17), 'tst': 6}, {'pst': (9, 16), 'tst': 4}, {'pst': (20, 8), 'tst': 3}, {'pst': (32, 2), 'tst': 2}, {'pst': (34, 12), 'tst': 1}, {'pst': (22, 18), 'tst': 1}, {'pst': (34, 16), 'tst': 0}, {'pst': (4, 12), 'tst': 0}]",0.6383263265542549,6.818882525391906
36,13,,"[0, 1, 2, 3, 4, 5, 6, 7, 8, 9, 10, 11, 12, 13, 14, 15, 16, 17, 18, 19]","[{'pst': (25, 13), 'tst': 4}, {'pst': (32, 13), 'tst': 3}, {'pst': (33, 13), 'tst': 2}, {'pst': (27, 1), 'tst': 2}, {'pst': (26, 15), 'tst': 1}, {'pst': (34, 18), 'tst': 1}, {'pst': (35, 19), 'tst': 0}, {'pst': (14, 13), 'tst': 0}]",0.5667029418756709,7.716218425478675
36,14,,"[0, 1, 2, 3, 4, 5, 6, 7, 8, 9, 10, 11, 12, 13, 14, 15, 16, 17, 18, 19]","[{'pst': (14, 16), 'tst': 5}, {'pst': (15, 7), 'tst': 4}, {'pst': (18, 7), 'tst': 3}, {'pst': (32, 2), 'tst': 2}, {'pst': (32, 13), 'tst': 1}, {'pst': (16, 14), 'tst': 1}, {'pst': (10, 8), 'tst': 0}, {'pst': (33, 13), 'tst': 0}]",0.638476292232682,7.003268886503204
36,15,,"[0, 1, 2, 3, 4, 5, 6, 7, 8, 9, 10, 11, 12, 13, 14, 15, 16, 17, 18, 19]","[{'pst': (16, 7), 'tst': 4}, {'pst': (30, 13), 'tst': 4}, {'pst': (3, 14), 'tst': 3}, {'pst': (26, 15), 'tst': 1}, {'pst': (14, 12), 'tst': 1}, {'pst': (1, 12), 'tst': 1}, {'pst': (22, 18), 'tst': 0}, {'pst': (30, 7), 'tst': 0}]",0.6422748167393796,6.086448440984826
36,16,,"[0, 1, 2, 3, 4, 5, 6, 7, 8, 9, 10, 11, 12, 13, 14, 15, 16, 17, 18, 19]","[{'pst': (0, 18), 'tst': 4}, {'pst': (26, 5), 'tst': 4}, {'pst': (23, 2), 'tst': 3}, {'pst': (24, 8), 'tst': 3}, {'pst': (34, 16), 'tst': 1}, {'pst': (13, 7), 'tst': 1}, {'pst': (35, 16), 'tst': 0}, {'pst': (29, 13), 'tst': 0}]",0.6434747616413526,6.320925664768084
36,17,,"[0, 1, 2, 3, 4, 5, 6, 7, 8, 9, 10, 11, 12, 13, 14, 15, 16, 17, 18, 19]","[{'pst': (29, 17), 'tst': 6}, {'pst': (23, 2), 'tst': 5}, {'pst': (15, 7), 'tst': 3}, {'pst': (33, 17), 'tst': 2}, {'pst': (33, 6), 'tst': 1}, {'pst': (33, 14), 'tst': 0}, {'pst': (34, 12), 'tst': 0}, {'pst': (25, 19), 'tst': 0}]",0.6310925198160305,8.058597488733387
36,18,,"[0, 1, 2, 3, 4, 5, 6, 7, 8, 9, 10, 11, 12, 13, 14, 15, 16, 17, 18, 19]","[{'pst': (13, 7), 'tst': 5}, {'pst': (3, 14), 'tst': 4}, {'pst': (30, 7), 'tst': 3}, {'pst': (19, 6), 'tst': 2}, {'pst': (34, 18), 'tst': 1}]",0.6250311106959148,7.875767205681799
36,19,,"[0, 1, 2, 3, 4, 5, 6, 7, 8, 9, 10, 11, 12, 13, 14, 15, 16, 17, 18, 19]","[{'pst': (24, 14), 'tst': 4}, {'pst': (29, 13), 'tst': 2}, {'pst': (14, 13), 'tst': 2}, {'pst': (11, 13), 'tst': 2}, {'pst': (12, 4), 'tst': 2}, {'pst': (28, 0), 'tst': 1}, {'pst': (35, 19), 'tst': 0}, {'pst': (23, 2), 'tst': 0}]",0.5370610101290547,6.8566819876740475
37,0,,"[0, 1, 2, 3, 4, 5, 6, 7, 8, 9, 10, 11, 12, 13, 14, 15, 16, 17, 18, 19]","[{'pst': (21, 11), 'tst': 5}, {'pst': (23, 16), 'tst': 4}, {'pst': (14, 12), 'tst': 3}, {'pst': (29, 13), 'tst': 1}, {'pst': (28, 0), 'tst': 1}, {'pst': (33, 13), 'tst': 1}, {'pst': (36, 0), 'tst': 0}, {'pst': (0, 1), 'tst': 0}]",0.614168473700582,6.038479233988698
37,1,,"[0, 1, 2, 3, 4, 5, 6, 7, 8, 9, 10, 11, 12, 13, 14, 15, 16, 17, 18, 19]","[{'pst': (0, 19), 'tst': 7}, {'pst': (19, 1), 'tst': 5}, {'pst': (19, 6), 'tst': 5}, {'pst': (34, 16), 'tst': 2}, {'pst': (14, 13), 'tst': 2}, {'pst': (35, 1), 'tst': 1}, {'pst': (11, 13), 'tst': 0}, {'pst': (33, 13), 'tst': 0}]",0.5451235704199443,7.327503801004228
37,2,,"[0, 1, 2, 3, 4, 5, 6, 7, 8, 9, 10, 11, 12, 13, 14, 15, 16, 17, 18, 19]","[{'pst': (22, 18), 'tst': 6}, {'pst': (12, 4), 'tst': 3}, {'pst': (33, 13), 'tst': 3}, {'pst': (14, 12), 'tst': 2}, {'pst': (32, 13), 'tst': 1}, {'pst': (13, 7), 'tst': 1}, {'pst': (29, 15), 'tst': 0}, {'pst': (9, 16), 'tst': 0}]",0.6089799665968657,6.87556449518835
37,3,"{'text': 'Legalizing drugs would not be the only option; there may still be a market of illegal drugs, for example if it is cheaper than the legal choice.'}","[0, 1, 2, 3, 4, 5, 6, 7, 8, 9, 10, 11, 12, 13, 14, 15, 16, 17, 18, 19]","[{'pst': (29, 13), 'tst': 4}, {'pst': (32, 2), 'tst': 4}, {'pst': (27, 4), 'tst': 3}, {'pst': (33, 13), 'tst': 3}, {'pst': (34, 3), 'tst': 2}, {'pst': (30, 12), 'tst': 2}, {'pst': (11, 13), 'tst': 0}]",0.6046665716591264,6.254625878058693
37,4,,"[0, 1, 2, 3, 4, 5, 6, 7, 8, 9, 10, 11, 12, 13, 14, 15, 16, 17, 18, 19]","[{'pst': (0, 18), 'tst': 3}, {'pst': (22, 18), 'tst': 2}, {'pst': (23, 16), 'tst': 2}, {'pst': (29, 17), 'tst': 2}, {'pst': (16, 14), 'tst': 1}, {'pst': (24, 8), 'tst': 1}, {'pst': (33, 17), 'tst': 0}, {'pst': (32, 13), 'tst': 0}]",0.6502153809261861,6.499659742709637
37,5,,"[0, 1, 2, 3, 4, 5, 6, 7, 8, 9, 10, 11, 12, 13, 14, 15, 16, 17, 18, 19]","[{'pst': (32, 5), 'tst': 4}, {'pst': (27, 1), 'tst': 3}, {'pst': (30, 7), 'tst': 3}, {'pst': (0, 18), 'tst': 2}, {'pst': (24, 13), 'tst': 2}, {'pst': (35, 5), 'tst': 1}, {'pst': (34, 16), 'tst': 0}, {'pst': (34, 18), 'tst': 0}]",0.6454786366267656,7.136092893491337
37,6,,"[0, 1, 2, 3, 4, 5, 6, 7, 8, 9, 10, 11, 12, 13, 14, 15, 16, 17, 18, 19]","[{'pst': (29, 10), 'tst': 5}, {'pst': (22, 18), 'tst': 3}, {'pst': (30, 3), 'tst': 2}, {'pst': (0, 1), 'tst': 2}, {'pst': (35, 1), 'tst': 1}, {'pst': (25, 19), 'tst': 1}]",0.617479302356332,7.215407289158138
37,7,,"[0, 1, 2, 3, 4, 5, 6, 7, 8, 9, 10, 11, 12, 13, 14, 15, 16, 17, 18, 19]","[{'pst': (32, 7), 'tst': 4}, {'pst': (33, 6), 'tst': 3}, {'pst': (34, 7), 'tst': 2}, {'pst': (14, 16), 'tst': 2}, {'pst': (14, 12), 'tst': 1}, {'pst': (9, 16), 'tst': 1}, {'pst': (0, 19), 'tst': 0}, {'pst': (3, 14), 'tst': 0}]",0.6267989184515015,5.8140822729840576
37,8,,"[0, 1, 2, 3, 4, 5, 6, 7, 8, 9, 10, 11, 12, 13, 14, 15, 16, 17, 18, 19]","[{'pst': (16, 14), 'tst': 3}, {'pst': (13, 8), 'tst': 3}, {'pst': (0, 19), 'tst': 2}, {'pst': (29, 13), 'tst': 1}, {'pst': (14, 13), 'tst': 1}, {'pst': (34, 7), 'tst': 1}, {'pst': (30, 12), 'tst': 0}, {'pst': (32, 2), 'tst': 0}]",0.5981994889803074,5.903300170903679
37,9,,"[0, 1, 2, 3, 4, 5, 6, 7, 8, 9, 10, 11, 12, 13, 14, 15, 16, 17, 18, 19]","[{'pst': (30, 13), 'tst': 5}, {'pst': (24, 8), 'tst': 5}, {'pst': (34, 9), 'tst': 2}, {'pst': (13, 8), 'tst': 2}, {'pst': (35, 9), 'tst': 1}, {'pst': (36, 9), 'tst': 0}, {'pst': (33, 17), 'tst': 0}, {'pst': (16, 14), 'tst': 0}]",0.6005383723240101,7.056580704616453
37,10,"{'text': 'Legalizing drugs would not be the only option; there may still be a market of illegal drugs, for example if it is cheaper than the legal choice.'}","[0, 1, 2, 3, 4, 5, 6, 7, 8, 9, 10, 11, 12, 13, 14, 15, 16, 17, 18, 19]","[{'pst': (18, 7), 'tst': 4}, {'pst': (12, 4), 'tst': 3}, {'pst': (27, 1), 'tst': 2}, {'pst': (30, 7), 'tst': 2}, {'pst': (1, 12), 'tst': 1}, {'pst': (24, 14), 'tst': 1}, {'pst': (36, 10), 'tst': 0}, {'pst': (10, 8), 'tst': 0}]",0.5670123290958337,6.2180429535304444
37,11,,"[0, 1, 2, 3, 4, 5, 6, 7, 8, 9, 10, 11, 12, 13, 14, 15, 16, 17, 18, 19]","[{'pst': (13, 8), 'tst': 10}, {'pst': (20, 8), 'tst': 6}, {'pst': (21, 11), 'tst': 4}, {'pst': (27, 1), 'tst': 4}, {'pst': (23, 2), 'tst': 1}, {'pst': (24, 8), 'tst': 1}, {'pst': (34, 9), 'tst': 0}, {'pst': (14, 16), 'tst': 0}]",0.6133865573517047,7.559978104624051
37,12,,"[0, 1, 2, 3, 4, 5, 6, 7, 8, 9, 10, 11, 12, 13, 14, 15, 16, 17, 18, 19]","[{'pst': (29, 17), 'tst': 7}, {'pst': (9, 16), 'tst': 5}, {'pst': (20, 8), 'tst': 4}, {'pst': (34, 12), 'tst': 2}, {'pst': (34, 16), 'tst': 1}, {'pst': (4, 12), 'tst': 1}]",0.598854043127416,7.245508758067694
37,13,,"[0, 1, 2, 3, 4, 5, 6, 7, 8, 9, 10, 11, 12, 13, 14, 15, 16, 17, 18, 19]","[{'pst': (25, 13), 'tst': 5}, {'pst': (33, 13), 'tst': 3}, {'pst': (27, 1), 'tst': 3}, {'pst': (34, 18), 'tst': 2}, {'pst': (35, 19), 'tst': 1}, {'pst': (14, 13), 'tst': 1}, {'pst': (10, 8), 'tst': 0}, {'pst': (32, 2), 'tst': 0}]",0.6085782022904742,6.75215103886354
37,14,,"[0, 1, 2, 3, 4, 5, 6, 7, 8, 9, 10, 11, 12, 13, 14, 15, 16, 17, 18, 19]","[{'pst': (15, 7), 'tst': 5}, {'pst': (32, 2), 'tst': 3}, {'pst': (32, 13), 'tst': 2}, {'pst': (16, 14), 'tst': 2}, {'pst': (10, 8), 'tst': 1}, {'pst': (33, 13), 'tst': 1}, {'pst': (34, 7), 'tst': 0}, {'pst': (26, 5), 'tst': 0}]",0.6406681144892038,6.5976466462317465
37,15,,"[0, 1, 2, 3, 4, 5, 6, 7, 8, 9, 10, 11, 12, 13, 14, 15, 16, 17, 18, 19]","[{'pst': (30, 13), 'tst': 5}, {'pst': (3, 14), 'tst': 4}, {'pst': (14, 12), 'tst': 2}, {'pst': (1, 12), 'tst': 2}, {'pst': (22, 18), 'tst': 1}, {'pst': (30, 7), 'tst': 1}, {'pst': (0, 1), 'tst': 0}, {'pst': (34, 12), 'tst': 0}]",0.6452258121096583,6.238227357953033
37,16,,"[0, 1, 2, 3, 4, 5, 6, 7, 8, 9, 10, 11, 12, 13, 14, 15, 16, 17, 18, 19]","[{'pst': (0, 18), 'tst': 5}, {'pst': (26, 5), 'tst': 5}, {'pst': (23, 2), 'tst': 4}, {'pst': (34, 16), 'tst': 2}, {'pst': (35, 16), 'tst': 1}, {'pst': (29, 13), 'tst': 1}, {'pst': (25, 3), 'tst': 0}, {'pst': (29, 15), 'tst': 0}]",0.6803290872136118,6.42433966202039
37,17,,"[0, 1, 2, 3, 4, 5, 6, 7, 8, 9, 10, 11, 12, 13, 14, 15, 16, 17, 18, 19]","[{'pst': (29, 17), 'tst': 7}, {'pst': (15, 7), 'tst': 4}, {'pst': (33, 17), 'tst': 3}, {'pst': (33, 6), 'tst': 2}, {'pst': (33, 14), 'tst': 1}, {'pst': (34, 12), 'tst': 1}, {'pst': (25, 19), 'tst': 1}, {'pst': (25, 3), 'tst': 0}]",0.6491588466197629,6.366734083785294
37,18,,"[0, 1, 2, 3, 4, 5, 6, 7, 8, 9, 10, 11, 12, 13, 14, 15, 16, 17, 18, 19]","[{'pst': (3, 14), 'tst': 5}, {'pst': (30, 7), 'tst': 4}, {'pst': (34, 18), 'tst': 2}, {'pst': (30, 3), 'tst': 0}, {'pst': (35, 9), 'tst': 0}, {'pst': (24, 8), 'tst': 0}]",0.6293191780894427,7.3709766560966745
37,19,,"[0, 1, 2, 3, 4, 5, 6, 7, 8, 9, 10, 11, 12, 13, 14, 15, 16, 17, 18, 19]","[{'pst': (24, 14), 'tst': 5}, {'pst': (29, 13), 'tst': 3}, {'pst': (14, 13), 'tst': 3}, {'pst': (12, 4), 'tst': 3}, {'pst': (35, 19), 'tst': 1}, {'pst': (23, 2), 'tst': 1}, {'pst': (25, 13), 'tst': 0}, {'pst': (23, 16), 'tst': 0}]",0.5903339995382599,6.173638500447817
38,0,"{'text': 'If you want to legalize drugs, then you should also legalize prostitution.'}","[0, 1, 2, 3, 4, 5, 6, 7, 8, 9, 10, 11, 12, 13, 14, 15, 16, 17, 18, 19]","[{'pst': (23, 16), 'tst': 5}, {'pst': (14, 12), 'tst': 4}, {'pst': (29, 13), 'tst': 2}, {'pst': (28, 0), 'tst': 2}, {'pst': (33, 13), 'tst': 2}, {'pst': (36, 0), 'tst': 1}, {'pst': (0, 1), 'tst': 1}, {'pst': (30, 3), 'tst': 0}]",0.6138838362955388,6.478741070593047
38,1,,"[0, 1, 2, 3, 4, 5, 6, 7, 8, 9, 10, 11, 12, 13, 14, 15, 16, 17, 18, 19]","[{'pst': (0, 19), 'tst': 8}, {'pst': (19, 1), 'tst': 6}, {'pst': (14, 13), 'tst': 3}, {'pst': (35, 1), 'tst': 2}, {'pst': (11, 13), 'tst': 1}, {'pst': (33, 13), 'tst': 1}, {'pst': (37, 10), 'tst': 0}, {'pst': (36, 9), 'tst': 0}]",0.5687299156254564,6.9477776517076215
38,2,,"[0, 1, 2, 3, 4, 5, 6, 7, 8, 9, 10, 11, 12, 13, 14, 15, 16, 17, 18, 19]","[{'pst': (12, 4), 'tst': 4}, {'pst': (14, 12), 'tst': 3}, {'pst': (32, 13), 'tst': 2}, {'pst': (13, 7), 'tst': 2}, {'pst': (29, 15), 'tst': 1}, {'pst': (9, 16), 'tst': 1}, {'pst': (20, 8), 'tst': 0}, {'pst': (33, 6), 'tst': 0}]",0.5823889215943279,6.824384585884797
38,3,"{'text': 'If you want to legalize drugs, then you should also legalize prostitution.'}","[0, 1, 2, 3, 4, 5, 6, 7, 8, 9, 10, 11, 12, 13, 14, 15, 16, 17, 18, 19]","[{'pst': (32, 2), 'tst': 5}, {'pst': (33, 13), 'tst': 4}, {'pst': (34, 3), 'tst': 3}, {'pst': (30, 12), 'tst': 3}, {'pst': (11, 13), 'tst': 1}, {'pst': (37, 3), 'tst': 0}, {'pst': (35, 1), 'tst': 0}, {'pst': (12, 4), 'tst': 0}]",0.5485065894729968,5.796896994067979
38,4,,"[0, 1, 2, 3, 4, 5, 6, 7, 8, 9, 10, 11, 12, 13, 14, 15, 16, 17, 18, 19]","[{'pst': (0, 18), 'tst': 4}, {'pst': (22, 18), 'tst': 3}, {'pst': (23, 16), 'tst': 3}, {'pst': (24, 8), 'tst': 2}, {'pst': (33, 17), 'tst': 1}, {'pst': (32, 13), 'tst': 1}, {'pst': (21, 11), 'tst': 0}, {'pst': (37, 3), 'tst': 0}]",0.6510722394315341,6.8532509943421
38,5,,"[0, 1, 2, 3, 4, 5, 6, 7, 8, 9, 10, 11, 12, 13, 14, 15, 16, 17, 18, 19]","[{'pst': (30, 7), 'tst': 4}, {'pst': (0, 18), 'tst': 3}, {'pst': (24, 13), 'tst': 3}, {'pst': (35, 5), 'tst': 2}, {'pst': (34, 16), 'tst': 1}, {'pst': (34, 18), 'tst': 1}, {'pst': (19, 6), 'tst': 0}, {'pst': (34, 9), 'tst': 0}]",0.6533672311696731,7.326345116201249
38,6,,"[0, 1, 2, 3, 4, 5, 6, 7, 8, 9, 10, 11, 12, 13, 14, 15, 16, 17, 18, 19]","[{'pst': (22, 18), 'tst': 4}, {'pst': (30, 3), 'tst': 3}, {'pst': (0, 1), 'tst': 3}, {'pst': (35, 1), 'tst': 2}, {'pst': (34, 3), 'tst': 0}, {'pst': (1, 12), 'tst': 0}, {'pst': (37, 3), 'tst': 0}]",0.6068076008375424,7.217158240129238
38,7,,"[0, 1, 2, 3, 4, 5, 6, 7, 8, 9, 10, 11, 12, 13, 14, 15, 16, 17, 18, 19]","[{'pst': (33, 6), 'tst': 4}, {'pst': (34, 7), 'tst': 3}, {'pst': (14, 16), 'tst': 3}, {'pst': (14, 12), 'tst': 2}, {'pst': (9, 16), 'tst': 2}, {'pst': (0, 19), 'tst': 1}, {'pst': (3, 14), 'tst': 1}, {'pst': (34, 16), 'tst': 0}]",0.6479949681291731,6.333707211066728
38,8,,"[0, 1, 2, 3, 4, 5, 6, 7, 8, 9, 10, 11, 12, 13, 14, 15, 16, 17, 18, 19]","[{'pst': (16, 14), 'tst': 4}, {'pst': (0, 19), 'tst': 3}, {'pst': (29, 13), 'tst': 2}, {'pst': (14, 13), 'tst': 2}, {'pst': (34, 7), 'tst': 2}, {'pst': (30, 12), 'tst': 1}, {'pst': (32, 2), 'tst': 1}, {'pst': (30, 3), 'tst': 0}]",0.6010229561106188,6.1829630242171625
38,9,,"[0, 1, 2, 3, 4, 5, 6, 7, 8, 9, 10, 11, 12, 13, 14, 15, 16, 17, 18, 19]","[{'pst': (24, 8), 'tst': 6}, {'pst': (34, 9), 'tst': 3}, {'pst': (13, 8), 'tst': 3}, {'pst': (36, 9), 'tst': 1}, {'pst': (33, 17), 'tst': 1}, {'pst': (16, 14), 'tst': 1}, {'pst': (29, 13), 'tst': 0}, {'pst': (1, 12), 'tst': 0}]",0.6097419839433503,6.876025918552283
38,10,,"[0, 1, 2, 3, 4, 5, 6, 7, 8, 9, 10, 11, 12, 13, 14, 15, 16, 17, 18, 19]","[{'pst': (27, 1), 'tst': 3}, {'pst': (30, 7), 'tst': 3}, {'pst': (1, 12), 'tst': 2}, {'pst': (24, 14), 'tst': 2}, {'pst': (36, 10), 'tst': 1}, {'pst': (10, 8), 'tst': 1}, {'pst': (37, 10), 'tst': 0}, {'pst': (16, 14), 'tst': 0}]",0.593114847244413,6.404580070292839
38,11,,"[0, 1, 2, 3, 4, 5, 6, 7, 8, 9, 10, 11, 12, 13, 14, 15, 16, 17, 18, 19]","[{'pst': (13, 8), 'tst': 11}, {'pst': (20, 8), 'tst': 7}, {'pst': (21, 11), 'tst': 5}, {'pst': (23, 2), 'tst': 2}, {'pst': (24, 8), 'tst': 2}, {'pst': (34, 9), 'tst': 1}, {'pst': (14, 16), 'tst': 1}, {'pst': (36, 10), 'tst': 0}]",0.5964096468124833,7.1395624774129285
38,12,,"[0, 1, 2, 3, 4, 5, 6, 7, 8, 9, 10, 11, 12, 13, 14, 15, 16, 17, 18, 19]","[{'pst': (9, 16), 'tst': 6}, {'pst': (34, 12), 'tst': 3}, {'pst': (34, 16), 'tst': 2}, {'pst': (4, 12), 'tst': 2}, {'pst': (14, 12), 'tst': 0}, {'pst': (0, 19), 'tst': 0}, {'pst': (1, 12), 'tst': 0}, {'pst': (33, 13), 'tst': 0}]",0.5740767559530587,6.092594550618094
38,13,,"[0, 1, 2, 3, 4, 5, 6, 7, 8, 9, 10, 11, 12, 13, 14, 15, 16, 17, 18, 19]","[{'pst': (25, 13), 'tst': 6}, {'pst': (34, 18), 'tst': 3}, {'pst': (35, 19), 'tst': 2}, {'pst': (14, 13), 'tst': 2}, {'pst': (10, 8), 'tst': 1}, {'pst': (32, 2), 'tst': 1}, {'pst': (35, 1), 'tst': 0}, {'pst': (24, 14), 'tst': 0}]",0.6139293914568269,6.9831749436923065
38,14,,"[0, 1, 2, 3, 4, 5, 6, 7, 8, 9, 10, 11, 12, 13, 14, 15, 16, 17, 18, 19]","[{'pst': (32, 13), 'tst': 3}, {'pst': (16, 14), 'tst': 3}, {'pst': (10, 8), 'tst': 2}, {'pst': (33, 13), 'tst': 2}, {'pst': (34, 7), 'tst': 1}, {'pst': (26, 5), 'tst': 1}, {'pst': (34, 16), 'tst': 0}, {'pst': (24, 8), 'tst': 0}]",0.6144544968751721,6.344114587682172
38,15,,"[0, 1, 2, 3, 4, 5, 6, 7, 8, 9, 10, 11, 12, 13, 14, 15, 16, 17, 18, 19]","[{'pst': (3, 14), 'tst': 5}, {'pst': (14, 12), 'tst': 3}, {'pst': (1, 12), 'tst': 3}, {'pst': (22, 18), 'tst': 2}, {'pst': (0, 1), 'tst': 1}, {'pst': (34, 12), 'tst': 1}, {'pst': (36, 0), 'tst': 0}, {'pst': (18, 7), 'tst': 0}]",0.6269184719615168,6.942940419696476
38,16,,"[0, 1, 2, 3, 4, 5, 6, 7, 8, 9, 10, 11, 12, 13, 14, 15, 16, 17, 18, 19]","[{'pst': (23, 2), 'tst': 5}, {'pst': (34, 16), 'tst': 3}, {'pst': (35, 16), 'tst': 2}, {'pst': (29, 13), 'tst': 2}, {'pst': (25, 3), 'tst': 1}, {'pst': (29, 15), 'tst': 1}, {'pst': (37, 10), 'tst': 0}, {'pst': (3, 14), 'tst': 0}]",0.662648188355652,6.251633687895902
38,17,"{'text': 'If you want to legalize drugs, then you should also legalize prostitution.'}","[0, 1, 2, 3, 4, 5, 6, 7, 8, 9, 10, 11, 12, 13, 14, 15, 16, 17, 18, 19]","[{'pst': (15, 7), 'tst': 5}, {'pst': (33, 17), 'tst': 4}, {'pst': (33, 14), 'tst': 2}, {'pst': (34, 12), 'tst': 2}, {'pst': (25, 19), 'tst': 2}, {'pst': (25, 3), 'tst': 1}, {'pst': (21, 11), 'tst': 0}, {'pst': (24, 8), 'tst': 0}]",0.6390383532977028,6.532925268632235
38,18,"{'text': 'If you want to legalize drugs, then you should also legalize prostitution.'}","[0, 1, 2, 3, 4, 5, 6, 7, 8, 9, 10, 11, 12, 13, 14, 15, 16, 17, 18, 19]","[{'pst': (30, 7), 'tst': 5}, {'pst': (30, 3), 'tst': 1}, {'pst': (35, 9), 'tst': 1}, {'pst': (24, 8), 'tst': 1}, {'pst': (30, 12), 'tst': 0}, {'pst': (34, 7), 'tst': 0}, {'pst': (14, 16), 'tst': 0}, {'pst': (4, 12), 'tst': 0}]",0.6508950479601732,6.443303655301319
38,19,,"[0, 1, 2, 3, 4, 5, 6, 7, 8, 9, 10, 11, 12, 13, 14, 15, 16, 17, 18, 19]","[{'pst': (24, 14), 'tst': 6}, {'pst': (29, 13), 'tst': 4}, {'pst': (14, 13), 'tst': 4}, {'pst': (23, 2), 'tst': 2}, {'pst': (25, 13), 'tst': 1}, {'pst': (23, 16), 'tst': 1}, {'pst': (35, 19), 'tst': 0}, {'pst': (37, 10), 'tst': 0}]",0.6061695300469058,6.8450349864978675
39,0,,"[0, 1, 2, 3, 4, 5, 6, 7, 8, 9, 10, 11, 12, 13, 14, 15, 16, 17, 18, 19]","[{'pst': (14, 12), 'tst': 5}, {'pst': (29, 13), 'tst': 3}, {'pst': (28, 0), 'tst': 3}, {'pst': (33, 13), 'tst': 3}, {'pst': (0, 1), 'tst': 2}, {'pst': (30, 3), 'tst': 1}, {'pst': (38, 0), 'tst': 0}, {'pst': (15, 7), 'tst': 0}]",0.5935623656265108,7.238138998168375
39,1,,"[0, 1, 2, 3, 4, 5, 6, 7, 8, 9, 10, 11, 12, 13, 14, 15, 16, 17, 18, 19]","[{'pst': (19, 1), 'tst': 7}, {'pst': (14, 13), 'tst': 4}, {'pst': (35, 1), 'tst': 3}, {'pst': (11, 13), 'tst': 2}, {'pst': (33, 13), 'tst': 2}, {'pst': (37, 10), 'tst': 1}, {'pst': (36, 9), 'tst': 1}, {'pst': (29, 13), 'tst': 0}]",0.5602390055605703,7.134303822145504
39,2,,"[0, 1, 2, 3, 4, 5, 6, 7, 8, 9, 10, 11, 12, 13, 14, 15, 16, 17, 18, 19]","[{'pst': (14, 12), 'tst': 4}, {'pst': (32, 13), 'tst': 3}, {'pst': (29, 15), 'tst': 2}, {'pst': (9, 16), 'tst': 2}, {'pst': (20, 8), 'tst': 1}, {'pst': (33, 6), 'tst': 1}]",0.6251579106648303,7.681837155880715
39,3,,"[0, 1, 2, 3, 4, 5, 6, 7, 8, 9, 10, 11, 12, 13, 14, 15, 16, 17, 18, 19]","[{'pst': (33, 13), 'tst': 5}, {'pst': (34, 3), 'tst': 4}, {'pst': (11, 13), 'tst': 2}, {'pst': (37, 3), 'tst': 1}, {'pst': (35, 1), 'tst': 1}, {'pst': (12, 4), 'tst': 1}, {'pst': (38, 3), 'tst': 0}, {'pst': (0, 1), 'tst': 0}]",0.5253518348617682,6.180837490788581
39,4,,"[0, 1, 2, 3, 4, 5, 6, 7, 8, 9, 10, 11, 12, 13, 14, 15, 16, 17, 18, 19]","[{'pst': (0, 18), 'tst': 5}, {'pst': (23, 16), 'tst': 4}, {'pst': (33, 17), 'tst': 2}, {'pst': (32, 13), 'tst': 2}, {'pst': (21, 11), 'tst': 1}, {'pst': (37, 3), 'tst': 1}, {'pst': (30, 3), 'tst': 0}, {'pst': (14, 13), 'tst': 0}]",0.626370896360027,6.095238301674229
39,5,,"[0, 1, 2, 3, 4, 5, 6, 7, 8, 9, 10, 11, 12, 13, 14, 15, 16, 17, 18, 19]","[{'pst': (30, 7), 'tst': 5}, {'pst': (35, 5), 'tst': 3}, {'pst': (34, 16), 'tst': 2}, {'pst': (34, 18), 'tst': 2}, {'pst': (19, 6), 'tst': 1}, {'pst': (34, 9), 'tst': 1}, {'pst': (38, 3), 'tst': 0}, {'pst': (28, 0), 'tst': 0}]",0.6186687951847445,7.142044492468665
39,6,,"[0, 1, 2, 3, 4, 5, 6, 7, 8, 9, 10, 11, 12, 13, 14, 15, 16, 17, 18, 19]","[{'pst': (0, 1), 'tst': 4}, {'pst': (35, 1), 'tst': 3}, {'pst': (34, 3), 'tst': 1}, {'pst': (1, 12), 'tst': 1}, {'pst': (37, 3), 'tst': 1}, {'pst': (37, 10), 'tst': 0}, {'pst': (30, 12), 'tst': 0}, {'pst': (24, 14), 'tst': 0}]",0.570573021395487,6.570105933051252
39,7,,"[0, 1, 2, 3, 4, 5, 6, 7, 8, 9, 10, 11, 12, 13, 14, 15, 16, 17, 18, 19]","[{'pst': (33, 6), 'tst': 5}, {'pst': (14, 16), 'tst': 4}, {'pst': (9, 16), 'tst': 3}, {'pst': (0, 19), 'tst': 2}, {'pst': (3, 14), 'tst': 2}, {'pst': (34, 16), 'tst': 1}, {'pst': (29, 15), 'tst': 0}]",0.6524770871887625,7.106009257587072
39,8,,"[0, 1, 2, 3, 4, 5, 6, 7, 8, 9, 10, 11, 12, 13, 14, 15, 16, 17, 18, 19]","[{'pst': (29, 13), 'tst': 3}, {'pst': (14, 13), 'tst': 3}, {'pst': (34, 7), 'tst': 3}, {'pst': (30, 12), 'tst': 2}, {'pst': (32, 2), 'tst': 2}, {'pst': (30, 3), 'tst': 1}, {'pst': (34, 16), 'tst': 0}, {'pst': (20, 8), 'tst': 0}]",0.5995281627636497,6.041902133618845
39,9,,"[0, 1, 2, 3, 4, 5, 6, 7, 8, 9, 10, 11, 12, 13, 14, 15, 16, 17, 18, 19]","[{'pst': (24, 8), 'tst': 7}, {'pst': (34, 9), 'tst': 4}, {'pst': (13, 8), 'tst': 4}, {'pst': (36, 9), 'tst': 2}, {'pst': (33, 17), 'tst': 2}, {'pst': (29, 13), 'tst': 1}, {'pst': (1, 12), 'tst': 1}]",0.5899302781810826,6.8241546076644175
39,10,,"[0, 1, 2, 3, 4, 5, 6, 7, 8, 9, 10, 11, 12, 13, 14, 15, 16, 17, 18, 19]","[{'pst': (1, 12), 'tst': 3}, {'pst': (24, 14), 'tst': 3}, {'pst': (36, 10), 'tst': 2}, {'pst': (10, 8), 'tst': 2}, {'pst': (37, 10), 'tst': 1}, {'pst': (16, 14), 'tst': 1}, {'pst': (12, 4), 'tst': 0}, {'pst': (35, 9), 'tst': 0}]",0.5327870408427344,5.801735801368823
39,11,,"[0, 1, 2, 3, 4, 5, 6, 7, 8, 9, 10, 11, 12, 13, 14, 15, 16, 17, 18, 19]","[{'pst': (20, 8), 'tst': 8}, {'pst': (23, 2), 'tst': 3}, {'pst': (24, 8), 'tst': 3}, {'pst': (34, 9), 'tst': 2}, {'pst': (14, 16), 'tst': 2}, {'pst': (36, 10), 'tst': 1}, {'pst': (29, 13), 'tst': 0}, {'pst': (34, 12), 'tst': 0}]",0.597807086776245,7.612514807819661
39,12,,"[0, 1, 2, 3, 4, 5, 6, 7, 8, 9, 10, 11, 12, 13, 14, 15, 16, 17, 18, 19]","[{'pst': (34, 12), 'tst': 4}, {'pst': (34, 16), 'tst': 3}, {'pst': (4, 12), 'tst': 3}, {'pst': (14, 12), 'tst': 1}, {'pst': (0, 19), 'tst': 1}, {'pst': (1, 12), 'tst': 1}, {'pst': (33, 13), 'tst': 1}, {'pst': (32, 13), 'tst': 0}]",0.5795793671327863,6.37558873840194
39,13,,"[0, 1, 2, 3, 4, 5, 6, 7, 8, 9, 10, 11, 12, 13, 14, 15, 16, 17, 18, 19]","[{'pst': (34, 18), 'tst': 4}, {'pst': (35, 19), 'tst': 3}, {'pst': (10, 8), 'tst': 2}, {'pst': (32, 2), 'tst': 2}, {'pst': (35, 1), 'tst': 1}, {'pst': (24, 14), 'tst': 1}, {'pst': (30, 7), 'tst': 0}, {'pst': (4, 12), 'tst': 0}]",0.5893511198690976,6.672634648128453
39,14,,"[0, 1, 2, 3, 4, 5, 6, 7, 8, 9, 10, 11, 12, 13, 14, 15, 16, 17, 18, 19]","[{'pst': (16, 14), 'tst': 4}, {'pst': (10, 8), 'tst': 3}, {'pst': (33, 13), 'tst': 3}, {'pst': (34, 7), 'tst': 2}, {'pst': (34, 16), 'tst': 1}, {'pst': (24, 8), 'tst': 1}, {'pst': (0, 19), 'tst': 0}, {'pst': (4, 12), 'tst': 0}]",0.5952951534812898,5.707823512444391
39,15,,"[0, 1, 2, 3, 4, 5, 6, 7, 8, 9, 10, 11, 12, 13, 14, 15, 16, 17, 18, 19]","[{'pst': (3, 14), 'tst': 6}, {'pst': (14, 12), 'tst': 4}, {'pst': (1, 12), 'tst': 4}, {'pst': (34, 12), 'tst': 2}, {'pst': (36, 0), 'tst': 1}, {'pst': (18, 7), 'tst': 1}, {'pst': (26, 5), 'tst': 0}]",0.63957374011055,6.375518755715999
39,16,,"[0, 1, 2, 3, 4, 5, 6, 7, 8, 9, 10, 11, 12, 13, 14, 15, 16, 17, 18, 19]","[{'pst': (23, 2), 'tst': 6}, {'pst': (35, 16), 'tst': 3}, {'pst': (29, 13), 'tst': 3}, {'pst': (25, 3), 'tst': 2}, {'pst': (29, 15), 'tst': 2}, {'pst': (37, 10), 'tst': 1}, {'pst': (3, 14), 'tst': 1}, {'pst': (35, 5), 'tst': 0}]",0.6458968006633089,6.419603658725695
39,17,,"[0, 1, 2, 3, 4, 5, 6, 7, 8, 9, 10, 11, 12, 13, 14, 15, 16, 17, 18, 19]","[{'pst': (33, 17), 'tst': 5}, {'pst': (33, 14), 'tst': 3}, {'pst': (34, 12), 'tst': 3}, {'pst': (25, 19), 'tst': 3}, {'pst': (21, 11), 'tst': 1}, {'pst': (24, 8), 'tst': 1}, {'pst': (38, 17), 'tst': 0}, {'pst': (34, 16), 'tst': 0}]",0.6265955536109961,7.739491803306727
39,18,,"[0, 1, 2, 3, 4, 5, 6, 7, 8, 9, 10, 11, 12, 13, 14, 15, 16, 17, 18, 19]","[{'pst': (30, 3), 'tst': 2}, {'pst': (35, 9), 'tst': 2}, {'pst': (24, 8), 'tst': 2}, {'pst': (30, 12), 'tst': 1}, {'pst': (34, 7), 'tst': 1}, {'pst': (14, 16), 'tst': 1}, {'pst': (4, 12), 'tst': 1}, {'pst': (38, 18), 'tst': 0}]",0.6690816795075808,6.534710471900558
39,19,,"[0, 1, 2, 3, 4, 5, 6, 7, 8, 9, 10, 11, 12, 13, 14, 15, 16, 17, 18, 19]","[{'pst': (24, 14), 'tst': 7}, {'pst': (29, 13), 'tst': 5}, {'pst': (25, 13), 'tst': 2}, {'pst': (23, 16), 'tst': 2}, {'pst': (35, 19), 'tst': 1}, {'pst': (37, 10), 'tst': 1}, {'pst': (30, 3), 'tst': 0}, {'pst': (36, 9), 'tst': 0}]",0.6115856864030857,6.849652063476087
40,0,"{'text': 'If you want to legalize drugs, then you should also legalize prostitution.'}","[0, 1, 2, 3, 4, 5, 6, 7, 8, 9, 10, 11, 12, 13, 14, 15, 16, 17, 18, 19]","[{'pst': (14, 12), 'tst': 6}, {'pst': (29, 13), 'tst': 4}, {'pst': (33, 13), 'tst': 4}, {'pst': (0, 1), 'tst': 3}, {'pst': (38, 0), 'tst': 1}, {'pst': (15, 7), 'tst': 1}, {'pst': (34, 9), 'tst': 0}, {'pst': (9, 16), 'tst': 0}]",0.5971136760205021,7.637143607174059
40,1,,"[0, 1, 2, 3, 4, 5, 6, 7, 8, 9, 10, 11, 12, 13, 14, 15, 16, 17, 18, 19]","[{'pst': (14, 13), 'tst': 5}, {'pst': (35, 1), 'tst': 4}, {'pst': (33, 13), 'tst': 3}, {'pst': (37, 10), 'tst': 2}, {'pst': (36, 9), 'tst': 2}, {'pst': (29, 13), 'tst': 1}, {'pst': (32, 13), 'tst': 0}, {'pst': (37, 3), 'tst': 0}]",0.5719871704187077,7.422362769393066
40,2,,"[0, 1, 2, 3, 4, 5, 6, 7, 8, 9, 10, 11, 12, 13, 14, 15, 16, 17, 18, 19]","[{'pst': (14, 12), 'tst': 5}, {'pst': (29, 15), 'tst': 3}, {'pst': (20, 8), 'tst': 2}, {'pst': (33, 6), 'tst': 2}, {'pst': (33, 17), 'tst': 0}, {'pst': (38, 18), 'tst': 0}, {'pst': (18, 7), 'tst': 0}, {'pst': (23, 2), 'tst': 0}]",0.6409606021903387,7.447095419943077
40,3,,"[0, 1, 2, 3, 4, 5, 6, 7, 8, 9, 10, 11, 12, 13, 14, 15, 16, 17, 18, 19]","[{'pst': (34, 3), 'tst': 5}, {'pst': (11, 13), 'tst': 3}, {'pst': (37, 3), 'tst': 2}, {'pst': (35, 1), 'tst': 2}, {'pst': (12, 4), 'tst': 2}, {'pst': (38, 3), 'tst': 1}, {'pst': (0, 1), 'tst': 1}, {'pst': (32, 2), 'tst': 0}]",0.567173937837779,6.02886515994083
40,4,,"[0, 1, 2, 3, 4, 5, 6, 7, 8, 9, 10, 11, 12, 13, 14, 15, 16, 17, 18, 19]","[{'pst': (0, 18), 'tst': 6}, {'pst': (32, 13), 'tst': 3}, {'pst': (21, 11), 'tst': 2}, {'pst': (37, 3), 'tst': 2}, {'pst': (30, 3), 'tst': 1}, {'pst': (14, 13), 'tst': 1}, {'pst': (32, 2), 'tst': 0}]",0.6434824911672434,6.3353871055268876
40,5,,"[0, 1, 2, 3, 4, 5, 6, 7, 8, 9, 10, 11, 12, 13, 14, 15, 16, 17, 18, 19]","[{'pst': (30, 7), 'tst': 6}, {'pst': (34, 16), 'tst': 3}, {'pst': (19, 6), 'tst': 2}, {'pst': (34, 9), 'tst': 2}, {'pst': (38, 3), 'tst': 1}, {'pst': (28, 0), 'tst': 1}, {'pst': (36, 10), 'tst': 0}]",0.6107870802995679,6.997873883467575
40,6,,"[0, 1, 2, 3, 4, 5, 6, 7, 8, 9, 10, 11, 12, 13, 14, 15, 16, 17, 18, 19]","[{'pst': (0, 1), 'tst': 5}, {'pst': (34, 3), 'tst': 2}, {'pst': (1, 12), 'tst': 2}, {'pst': (37, 3), 'tst': 2}, {'pst': (37, 10), 'tst': 1}, {'pst': (30, 12), 'tst': 1}, {'pst': (24, 14), 'tst': 1}, {'pst': (32, 2), 'tst': 0}]",0.6156769847525538,6.067866347398019
40,7,,"[0, 1, 2, 3, 4, 5, 6, 7, 8, 9, 10, 11, 12, 13, 14, 15, 16, 17, 18, 19]","[{'pst': (33, 6), 'tst': 6}, {'pst': (14, 16), 'tst': 5}, {'pst': (0, 19), 'tst': 3}, {'pst': (34, 16), 'tst': 2}, {'pst': (29, 15), 'tst': 1}, {'pst': (35, 16), 'tst': 0}, {'pst': (30, 7), 'tst': 0}, {'pst': (4, 12), 'tst': 0}]",0.6316103430508304,6.1649405071748
40,8,,"[0, 1, 2, 3, 4, 5, 6, 7, 8, 9, 10, 11, 12, 13, 14, 15, 16, 17, 18, 19]","[{'pst': (14, 13), 'tst': 4}, {'pst': (34, 7), 'tst': 4}, {'pst': (30, 12), 'tst': 3}, {'pst': (30, 3), 'tst': 2}, {'pst': (34, 16), 'tst': 1}, {'pst': (20, 8), 'tst': 1}, {'pst': (11, 13), 'tst': 0}, {'pst': (14, 16), 'tst': 0}]",0.6243505291687635,7.19865293196016
40,9,,"[0, 1, 2, 3, 4, 5, 6, 7, 8, 9, 10, 11, 12, 13, 14, 15, 16, 17, 18, 19]","[{'pst': (24, 8), 'tst': 8}, {'pst': (36, 9), 'tst': 3}, {'pst': (33, 17), 'tst': 3}, {'pst': (29, 13), 'tst': 2}, {'pst': (1, 12), 'tst': 2}, {'pst': (34, 12), 'tst': 0}, {'pst': (13, 8), 'tst': 0}, {'pst': (35, 5), 'tst': 0}]",0.5991801536901937,7.054982519767055
40,10,"{'text': 'If you want to legalize drugs, then you should also legalize prostitution.'}","[0, 1, 2, 3, 4, 5, 6, 7, 8, 9, 10, 11, 12, 13, 14, 15, 16, 17, 18, 19]","[{'pst': (1, 12), 'tst': 4}, {'pst': (24, 14), 'tst': 4}, {'pst': (10, 8), 'tst': 3}, {'pst': (37, 10), 'tst': 2}, {'pst': (12, 4), 'tst': 1}, {'pst': (35, 9), 'tst': 1}, {'pst': (29, 15), 'tst': 0}, {'pst': (34, 16), 'tst': 0}]",0.5729598143031558,6.085482419860796
40,11,"{'text': 'If you want to legalize drugs, then you should also legalize prostitution.'}","[0, 1, 2, 3, 4, 5, 6, 7, 8, 9, 10, 11, 12, 13, 14, 15, 16, 17, 18, 19]","[{'pst': (20, 8), 'tst': 9}, {'pst': (23, 2), 'tst': 4}, {'pst': (14, 16), 'tst': 3}, {'pst': (36, 10), 'tst': 2}, {'pst': (29, 13), 'tst': 1}, {'pst': (34, 12), 'tst': 1}, {'pst': (14, 12), 'tst': 0}, {'pst': (28, 0), 'tst': 0}]",0.6057103401837667,7.60449259725767
40,12,"{'text': 'Legalizing drugs would not be the only option; there may still be a market of illegal drugs, for example if it is cheaper than the legal choice.'}","[0, 1, 2, 3, 4, 5, 6, 7, 8, 9, 10, 11, 12, 13, 14, 15, 16, 17, 18, 19]","[{'pst': (34, 12), 'tst': 5}, {'pst': (14, 12), 'tst': 2}, {'pst': (0, 19), 'tst': 2}, {'pst': (1, 12), 'tst': 2}, {'pst': (33, 13), 'tst': 2}, {'pst': (32, 13), 'tst': 1}, {'pst': (16, 14), 'tst': 0}, {'pst': (11, 13), 'tst': 0}]",0.5827190218630582,6.353532656062441
40,13,,"[0, 1, 2, 3, 4, 5, 6, 7, 8, 9, 10, 11, 12, 13, 14, 15, 16, 17, 18, 19]","[{'pst': (34, 18), 'tst': 5}, {'pst': (32, 2), 'tst': 3}, {'pst': (35, 1), 'tst': 2}, {'pst': (24, 14), 'tst': 2}, {'pst': (30, 7), 'tst': 1}, {'pst': (4, 12), 'tst': 1}, {'pst': (11, 13), 'tst': 0}]",0.6116995032242086,7.142115904309692
40,14,,"[0, 1, 2, 3, 4, 5, 6, 7, 8, 9, 10, 11, 12, 13, 14, 15, 16, 17, 18, 19]","[{'pst': (10, 8), 'tst': 4}, {'pst': (33, 13), 'tst': 4}, {'pst': (34, 16), 'tst': 2}, {'pst': (24, 8), 'tst': 2}, {'pst': (0, 19), 'tst': 1}, {'pst': (4, 12), 'tst': 1}, {'pst': (35, 19), 'tst': 0}, {'pst': (1, 12), 'tst': 0}]",0.5904904844505069,6.2845820136831625
40,15,,"[0, 1, 2, 3, 4, 5, 6, 7, 8, 9, 10, 11, 12, 13, 14, 15, 16, 17, 18, 19]","[{'pst': (3, 14), 'tst': 7}, {'pst': (34, 12), 'tst': 3}, {'pst': (36, 0), 'tst': 2}, {'pst': (18, 7), 'tst': 2}, {'pst': (26, 5), 'tst': 1}, {'pst': (34, 9), 'tst': 0}, {'pst': (30, 12), 'tst': 0}, {'pst': (4, 12), 'tst': 0}]",0.6217145208741106,6.314996100753059
40,16,"{'text': 'Legalizing drugs would not be the only option; there may still be a market of illegal drugs, for example if it is cheaper than the legal choice.'}","[0, 1, 2, 3, 4, 5, 6, 7, 8, 9, 10, 11, 12, 13, 14, 15, 16, 17, 18, 19]","[{'pst': (35, 16), 'tst': 4}, {'pst': (29, 13), 'tst': 4}, {'pst': (25, 3), 'tst': 3}, {'pst': (29, 15), 'tst': 3}, {'pst': (37, 10), 'tst': 2}, {'pst': (35, 5), 'tst': 1}, {'pst': (36, 10), 'tst': 0}, {'pst': (36, 9), 'tst': 0}]",0.6517644517456528,6.664708708509252
40,17,,"[0, 1, 2, 3, 4, 5, 6, 7, 8, 9, 10, 11, 12, 13, 14, 15, 16, 17, 18, 19]","[{'pst': (33, 14), 'tst': 4}, {'pst': (34, 12), 'tst': 4}, {'pst': (25, 19), 'tst': 4}, {'pst': (24, 8), 'tst': 2}, {'pst': (38, 17), 'tst': 1}, {'pst': (34, 16), 'tst': 1}, {'pst': (0, 1), 'tst': 0}, {'pst': (15, 7), 'tst': 0}]",0.6305937182880191,7.532828770934395
40,18,,"[0, 1, 2, 3, 4, 5, 6, 7, 8, 9, 10, 11, 12, 13, 14, 15, 16, 17, 18, 19]","[{'pst': (30, 3), 'tst': 3}, {'pst': (35, 9), 'tst': 3}, {'pst': (34, 7), 'tst': 2}, {'pst': (14, 16), 'tst': 2}, {'pst': (4, 12), 'tst': 2}, {'pst': (38, 18), 'tst': 1}, {'pst': (37, 10), 'tst': 0}, {'pst': (26, 5), 'tst': 0}]",0.6526806670316194,6.397556004830675
40,19,,"[0, 1, 2, 3, 4, 5, 6, 7, 8, 9, 10, 11, 12, 13, 14, 15, 16, 17, 18, 19]","[{'pst': (24, 14), 'tst': 8}, {'pst': (29, 13), 'tst': 6}, {'pst': (35, 19), 'tst': 2}, {'pst': (37, 10), 'tst': 2}, {'pst': (30, 3), 'tst': 1}, {'pst': (36, 9), 'tst': 1}, {'pst': (16, 14), 'tst': 0}, {'pst': (14, 13), 'tst': 0}]",0.5989290542139072,7.109211409724784
41,0,,"[0, 1, 2, 3, 4, 5, 6, 7, 8, 9, 10, 11, 12, 13, 14, 15, 16, 17, 18, 19]","[{'pst': (14, 12), 'tst': 7}, {'pst': (33, 13), 'tst': 5}, {'pst': (38, 0), 'tst': 2}, {'pst': (15, 7), 'tst': 2}, {'pst': (34, 9), 'tst': 1}, {'pst': (9, 16), 'tst': 1}, {'pst': (40, 0), 'tst': 0}, {'pst': (36, 0), 'tst': 0}]",0.6063688896098601,7.843926977296952
41,1,,"[0, 1, 2, 3, 4, 5, 6, 7, 8, 9, 10, 11, 12, 13, 14, 15, 16, 17, 18, 19]","[{'pst': (14, 13), 'tst': 6}, {'pst': (33, 13), 'tst': 4}, {'pst': (37, 10), 'tst': 3}, {'pst': (36, 9), 'tst': 3}, {'pst': (29, 13), 'tst': 2}, {'pst': (32, 13), 'tst': 1}, {'pst': (37, 3), 'tst': 1}, {'pst': (36, 10), 'tst': 0}]",0.5732958987451474,7.358950709809934
41,2,,"[0, 1, 2, 3, 4, 5, 6, 7, 8, 9, 10, 11, 12, 13, 14, 15, 16, 17, 18, 19]","[{'pst': (20, 8), 'tst': 3}, {'pst': (33, 6), 'tst': 3}, {'pst': (33, 17), 'tst': 1}, {'pst': (38, 18), 'tst': 1}, {'pst': (18, 7), 'tst': 1}, {'pst': (23, 2), 'tst': 1}, {'pst': (30, 7), 'tst': 0}]",0.6379548533669115,6.506039006715286
41,3,,"[0, 1, 2, 3, 4, 5, 6, 7, 8, 9, 10, 11, 12, 13, 14, 15, 16, 17, 18, 19]","[{'pst': (34, 3), 'tst': 6}, {'pst': (11, 13), 'tst': 4}, {'pst': (35, 1), 'tst': 3}, {'pst': (38, 3), 'tst': 2}, {'pst': (0, 1), 'tst': 2}, {'pst': (32, 2), 'tst': 1}, {'pst': (29, 15), 'tst': 0}, {'pst': (37, 10), 'tst': 0}]",0.6105250588750704,6.556582044734198
41,4,,"[0, 1, 2, 3, 4, 5, 6, 7, 8, 9, 10, 11, 12, 13, 14, 15, 16, 17, 18, 19]","[{'pst': (32, 13), 'tst': 4}, {'pst': (37, 3), 'tst': 3}, {'pst': (30, 3), 'tst': 2}, {'pst': (14, 13), 'tst': 2}, {'pst': (32, 2), 'tst': 1}, {'pst': (0, 18), 'tst': 0}]",0.6298414505745352,6.519698385986586
41,5,,"[0, 1, 2, 3, 4, 5, 6, 7, 8, 9, 10, 11, 12, 13, 14, 15, 16, 17, 18, 19]","[{'pst': (34, 16), 'tst': 4}, {'pst': (19, 6), 'tst': 3}, {'pst': (34, 9), 'tst': 3}, {'pst': (38, 3), 'tst': 2}, {'pst': (28, 0), 'tst': 2}, {'pst': (36, 10), 'tst': 1}, {'pst': (38, 17), 'tst': 0}, {'pst': (18, 7), 'tst': 0}]",0.5888197102106021,7.891606324610713
41,6,,"[0, 1, 2, 3, 4, 5, 6, 7, 8, 9, 10, 11, 12, 13, 14, 15, 16, 17, 18, 19]","[{'pst': (34, 3), 'tst': 3}, {'pst': (1, 12), 'tst': 3}, {'pst': (37, 3), 'tst': 3}, {'pst': (37, 10), 'tst': 2}, {'pst': (30, 12), 'tst': 2}, {'pst': (24, 14), 'tst': 2}, {'pst': (32, 2), 'tst': 1}, {'pst': (20, 8), 'tst': 0}]",0.5948176495099815,5.8601767837601315
41,7,"{'text': 'If you want to legalize drugs, then you should also legalize prostitution.'}","[0, 1, 2, 3, 4, 5, 6, 7, 8, 9, 10, 11, 12, 13, 14, 15, 16, 17, 18, 19]","[{'pst': (33, 6), 'tst': 7}, {'pst': (0, 19), 'tst': 4}, {'pst': (34, 16), 'tst': 3}, {'pst': (29, 15), 'tst': 2}, {'pst': (35, 16), 'tst': 1}, {'pst': (30, 7), 'tst': 1}, {'pst': (4, 12), 'tst': 1}, {'pst': (40, 0), 'tst': 0}]",0.6634178019330333,6.3716844417744625
41,8,"{'text': 'If you want to legalize drugs, then you should also legalize prostitution.'}","[0, 1, 2, 3, 4, 5, 6, 7, 8, 9, 10, 11, 12, 13, 14, 15, 16, 17, 18, 19]","[{'pst': (34, 7), 'tst': 5}, {'pst': (30, 12), 'tst': 4}, {'pst': (30, 3), 'tst': 3}, {'pst': (34, 16), 'tst': 2}, {'pst': (11, 13), 'tst': 1}, {'pst': (14, 16), 'tst': 1}, {'pst': (38, 17), 'tst': 0}, {'pst': (36, 0), 'tst': 0}]",0.6155986301673211,6.686297899918674
41,9,,"[0, 1, 2, 3, 4, 5, 6, 7, 8, 9, 10, 11, 12, 13, 14, 15, 16, 17, 18, 19]","[{'pst': (24, 8), 'tst': 9}, {'pst': (36, 9), 'tst': 4}, {'pst': (33, 17), 'tst': 4}, {'pst': (34, 12), 'tst': 1}, {'pst': (13, 8), 'tst': 1}, {'pst': (35, 5), 'tst': 1}, {'pst': (29, 13), 'tst': 0}, {'pst': (14, 16), 'tst': 0}]",0.6047216170003191,7.486901441257842
41,10,,"[0, 1, 2, 3, 4, 5, 6, 7, 8, 9, 10, 11, 12, 13, 14, 15, 16, 17, 18, 19]","[{'pst': (24, 14), 'tst': 5}, {'pst': (10, 8), 'tst': 4}, {'pst': (12, 4), 'tst': 2}, {'pst': (35, 9), 'tst': 2}, {'pst': (29, 15), 'tst': 1}, {'pst': (34, 16), 'tst': 1}, {'pst': (40, 10), 'tst': 0}, {'pst': (32, 2), 'tst': 0}]",0.6136682839438082,6.115599983960513
41,11,"{'text': 'If you want to legalize drugs, then you should also legalize prostitution.'}","[0, 1, 2, 3, 4, 5, 6, 7, 8, 9, 10, 11, 12, 13, 14, 15, 16, 17, 18, 19]","[{'pst': (20, 8), 'tst': 10}, {'pst': (36, 10), 'tst': 3}, {'pst': (29, 13), 'tst': 2}, {'pst': (34, 12), 'tst': 2}, {'pst': (14, 12), 'tst': 1}, {'pst': (28, 0), 'tst': 1}, {'pst': (40, 11), 'tst': 0}, {'pst': (16, 14), 'tst': 0}]",0.595229158484499,6.984538261552195
41,12,,"[0, 1, 2, 3, 4, 5, 6, 7, 8, 9, 10, 11, 12, 13, 14, 15, 16, 17, 18, 19]","[{'pst': (34, 12), 'tst': 6}, {'pst': (14, 12), 'tst': 3}, {'pst': (1, 12), 'tst': 3}, {'pst': (33, 13), 'tst': 3}, {'pst': (16, 14), 'tst': 1}, {'pst': (11, 13), 'tst': 1}, {'pst': (40, 12), 'tst': 0}, {'pst': (24, 8), 'tst': 0}]",0.6008628908987916,6.8026931396217165
41,13,,"[0, 1, 2, 3, 4, 5, 6, 7, 8, 9, 10, 11, 12, 13, 14, 15, 16, 17, 18, 19]","[{'pst': (35, 1), 'tst': 3}, {'pst': (24, 14), 'tst': 3}, {'pst': (30, 7), 'tst': 2}, {'pst': (4, 12), 'tst': 2}, {'pst': (11, 13), 'tst': 1}, {'pst': (34, 18), 'tst': 0}, {'pst': (37, 3), 'tst': 0}]",0.6008500233394137,7.421554729227584
41,14,,"[0, 1, 2, 3, 4, 5, 6, 7, 8, 9, 10, 11, 12, 13, 14, 15, 16, 17, 18, 19]","[{'pst': (33, 13), 'tst': 5}, {'pst': (34, 16), 'tst': 3}, {'pst': (24, 8), 'tst': 3}, {'pst': (4, 12), 'tst': 2}, {'pst': (35, 19), 'tst': 1}, {'pst': (1, 12), 'tst': 1}, {'pst': (35, 1), 'tst': 0}, {'pst': (40, 12), 'tst': 0}]",0.5971906450184166,6.703178380434295
41,15,,"[0, 1, 2, 3, 4, 5, 6, 7, 8, 9, 10, 11, 12, 13, 14, 15, 16, 17, 18, 19]","[{'pst': (3, 14), 'tst': 8}, {'pst': (36, 0), 'tst': 3}, {'pst': (26, 5), 'tst': 2}, {'pst': (34, 9), 'tst': 1}, {'pst': (30, 12), 'tst': 1}, {'pst': (4, 12), 'tst': 1}, {'pst': (34, 12), 'tst': 0}, {'pst': (36, 9), 'tst': 0}]",0.6342535237618357,6.4898042003227046
41,16,,"[0, 1, 2, 3, 4, 5, 6, 7, 8, 9, 10, 11, 12, 13, 14, 15, 16, 17, 18, 19]","[{'pst': (29, 13), 'tst': 5}, {'pst': (25, 3), 'tst': 4}, {'pst': (29, 15), 'tst': 4}, {'pst': (37, 10), 'tst': 3}, {'pst': (35, 5), 'tst': 2}, {'pst': (36, 10), 'tst': 1}, {'pst': (36, 9), 'tst': 1}, {'pst': (40, 16), 'tst': 0}]",0.6361373954764988,6.893414854530478
41,17,,"[0, 1, 2, 3, 4, 5, 6, 7, 8, 9, 10, 11, 12, 13, 14, 15, 16, 17, 18, 19]","[{'pst': (33, 14), 'tst': 5}, {'pst': (34, 12), 'tst': 5}, {'pst': (38, 17), 'tst': 2}, {'pst': (34, 16), 'tst': 2}, {'pst': (0, 1), 'tst': 1}, {'pst': (15, 7), 'tst': 1}, {'pst': (38, 3), 'tst': 0}, {'pst': (38, 18), 'tst': 0}]",0.626268695651103,7.5763442724484396
41,18,,"[0, 1, 2, 3, 4, 5, 6, 7, 8, 9, 10, 11, 12, 13, 14, 15, 16, 17, 18, 19]","[{'pst': (30, 3), 'tst': 4}, {'pst': (14, 16), 'tst': 3}, {'pst': (4, 12), 'tst': 3}, {'pst': (38, 18), 'tst': 2}, {'pst': (37, 10), 'tst': 1}, {'pst': (26, 5), 'tst': 1}, {'pst': (30, 12), 'tst': 0}, {'pst': (38, 0), 'tst': 0}]",0.647393395456838,6.656103916225609
41,19,,"[0, 1, 2, 3, 4, 5, 6, 7, 8, 9, 10, 11, 12, 13, 14, 15, 16, 17, 18, 19]","[{'pst': (24, 14), 'tst': 9}, {'pst': (35, 19), 'tst': 3}, {'pst': (37, 10), 'tst': 3}, {'pst': (30, 3), 'tst': 2}, {'pst': (36, 9), 'tst': 2}, {'pst': (16, 14), 'tst': 1}, {'pst': (14, 13), 'tst': 1}, {'pst': (13, 8), 'tst': 0}]",0.5879284061227132,6.3239027843252025
42,0,,"[0, 1, 2, 3, 4, 5, 6, 7, 8, 9, 10, 11, 12, 13, 14, 15, 16, 17, 18, 19]","[{'pst': (14, 12), 'tst': 8}, {'pst': (38, 0), 'tst': 3}, {'pst': (15, 7), 'tst': 3}, {'pst': (9, 16), 'tst': 2}, {'pst': (40, 0), 'tst': 1}, {'pst': (36, 0), 'tst': 1}, {'pst': (30, 3), 'tst': 0}, {'pst': (20, 8), 'tst': 0}]",0.6025624160644875,7.639612440602562
42,1,,"[0, 1, 2, 3, 4, 5, 6, 7, 8, 9, 10, 11, 12, 13, 14, 15, 16, 17, 18, 19]","[{'pst': (33, 13), 'tst': 5}, {'pst': (37, 10), 'tst': 4}, {'pst': (36, 9), 'tst': 4}, {'pst': (29, 13), 'tst': 3}, {'pst': (37, 3), 'tst': 2}, {'pst': (36, 10), 'tst': 1}, {'pst': (34, 12), 'tst': 0}, {'pst': (20, 8), 'tst': 0}]",0.5917741812082757,7.206304496567874
42,2,"{'text': 'If you want to legalize drugs, then you should also legalize prostitution.'}","[0, 1, 2, 3, 4, 5, 6, 7, 8, 9, 10, 11, 12, 13, 14, 15, 16, 17, 18, 19]","[{'pst': (33, 17), 'tst': 2}, {'pst': (38, 18), 'tst': 2}, {'pst': (18, 7), 'tst': 2}, {'pst': (23, 2), 'tst': 2}, {'pst': (30, 7), 'tst': 1}, {'pst': (34, 9), 'tst': 0}, {'pst': (9, 16), 'tst': 0}, {'pst': (15, 7), 'tst': 0}]",0.6387360591508621,6.836359473321541
42,3,,"[0, 1, 2, 3, 4, 5, 6, 7, 8, 9, 10, 11, 12, 13, 14, 15, 16, 17, 18, 19]","[{'pst': (34, 3), 'tst': 7}, {'pst': (35, 1), 'tst': 4}, {'pst': (0, 1), 'tst': 3}, {'pst': (32, 2), 'tst': 2}, {'pst': (29, 15), 'tst': 1}, {'pst': (37, 10), 'tst': 1}]",0.6269671976743321,6.795022013429442
42,4,"{'text': 'If you want to legalize drugs, you should also legalize prostitution.'}","[0, 1, 2, 3, 4, 5, 6, 7, 8, 9, 10, 11, 12, 13, 14, 15, 16, 17, 18, 19]","[{'pst': (30, 3), 'tst': 3}, {'pst': (14, 13), 'tst': 3}, {'pst': (32, 2), 'tst': 2}, {'pst': (0, 18), 'tst': 1}, {'pst': (16, 14), 'tst': 0}, {'pst': (24, 8), 'tst': 0}, {'pst': (33, 6), 'tst': 0}, {'pst': (26, 5), 'tst': 0}]",0.6648143153489937,6.749854487391283
42,5,,"[0, 1, 2, 3, 4, 5, 6, 7, 8, 9, 10, 11, 12, 13, 14, 15, 16, 17, 18, 19]","[{'pst': (19, 6), 'tst': 4}, {'pst': (38, 3), 'tst': 3}, {'pst': (28, 0), 'tst': 3}, {'pst': (36, 10), 'tst': 2}, {'pst': (38, 17), 'tst': 1}, {'pst': (18, 7), 'tst': 1}, {'pst': (40, 10), 'tst': 0}, {'pst': (38, 18), 'tst': 0}]",0.5902308164058508,7.82910911009167
42,6,,"[0, 1, 2, 3, 4, 5, 6, 7, 8, 9, 10, 11, 12, 13, 14, 15, 16, 17, 18, 19]","[{'pst': (34, 3), 'tst': 4}, {'pst': (37, 3), 'tst': 4}, {'pst': (37, 10), 'tst': 3}, {'pst': (24, 14), 'tst': 3}, {'pst': (32, 2), 'tst': 2}, {'pst': (20, 8), 'tst': 1}, {'pst': (40, 16), 'tst': 0}, {'pst': (11, 13), 'tst': 0}]",0.5977947110606827,6.615806336474048
42,7,,"[0, 1, 2, 3, 4, 5, 6, 7, 8, 9, 10, 11, 12, 13, 14, 15, 16, 17, 18, 19]","[{'pst': (33, 6), 'tst': 8}, {'pst': (0, 19), 'tst': 5}, {'pst': (34, 16), 'tst': 4}, {'pst': (30, 7), 'tst': 2}, {'pst': (4, 12), 'tst': 2}, {'pst': (40, 0), 'tst': 1}, {'pst': (41, 7), 'tst': 0}, {'pst': (35, 16), 'tst': 0}]",0.6324909925674372,6.458229190988232
42,8,"{'text': 'If you want to legalize drugs, then you should also legalize prostitution.'}","[0, 1, 2, 3, 4, 5, 6, 7, 8, 9, 10, 11, 12, 13, 14, 15, 16, 17, 18, 19]","[{'pst': (34, 7), 'tst': 6}, {'pst': (34, 16), 'tst': 3}, {'pst': (11, 13), 'tst': 2}, {'pst': (14, 16), 'tst': 2}, {'pst': (38, 17), 'tst': 1}, {'pst': (36, 0), 'tst': 1}, {'pst': (41, 8), 'tst': 0}, {'pst': (1, 12), 'tst': 0}]",0.6095021119181973,5.865862977296138
42,9,,"[0, 1, 2, 3, 4, 5, 6, 7, 8, 9, 10, 11, 12, 13, 14, 15, 16, 17, 18, 19]","[{'pst': (24, 8), 'tst': 10}, {'pst': (36, 9), 'tst': 5}, {'pst': (13, 8), 'tst': 2}, {'pst': (35, 5), 'tst': 2}, {'pst': (29, 13), 'tst': 1}, {'pst': (14, 16), 'tst': 1}, {'pst': (38, 3), 'tst': 0}, {'pst': (14, 13), 'tst': 0}]",0.5860650691728777,6.591865488218682
42,10,,"[0, 1, 2, 3, 4, 5, 6, 7, 8, 9, 10, 11, 12, 13, 14, 15, 16, 17, 18, 19]","[{'pst': (12, 4), 'tst': 3}, {'pst': (35, 9), 'tst': 3}, {'pst': (29, 15), 'tst': 2}, {'pst': (34, 16), 'tst': 2}, {'pst': (40, 10), 'tst': 1}, {'pst': (32, 2), 'tst': 1}, {'pst': (24, 8), 'tst': 0}, {'pst': (24, 14), 'tst': 0}]",0.5923519423889988,5.975283193005561
42,11,,"[0, 1, 2, 3, 4, 5, 6, 7, 8, 9, 10, 11, 12, 13, 14, 15, 16, 17, 18, 19]","[{'pst': (20, 8), 'tst': 11}, {'pst': (36, 10), 'tst': 4}, {'pst': (34, 12), 'tst': 3}, {'pst': (14, 12), 'tst': 2}, {'pst': (40, 11), 'tst': 1}, {'pst': (16, 14), 'tst': 1}, {'pst': (41, 11), 'tst': 0}, {'pst': (29, 13), 'tst': 0}]",0.5957796716829334,7.151286908456056
42,12,,"[0, 1, 2, 3, 4, 5, 6, 7, 8, 9, 10, 11, 12, 13, 14, 15, 16, 17, 18, 19]","[{'pst': (14, 12), 'tst': 4}, {'pst': (1, 12), 'tst': 4}, {'pst': (16, 14), 'tst': 2}, {'pst': (11, 13), 'tst': 2}, {'pst': (40, 12), 'tst': 1}, {'pst': (24, 8), 'tst': 1}, {'pst': (41, 11), 'tst': 0}, {'pst': (9, 16), 'tst': 0}]",0.6072385361027766,7.167359874278529
42,13,"{'text': 'If you want to legalize drugs, then you should also legalize prostitution.'}","[0, 1, 2, 3, 4, 5, 6, 7, 8, 9, 10, 11, 12, 13, 14, 15, 16, 17, 18, 19]","[{'pst': (35, 1), 'tst': 4}, {'pst': (24, 14), 'tst': 4}, {'pst': (30, 7), 'tst': 3}, {'pst': (34, 18), 'tst': 1}, {'pst': (37, 3), 'tst': 1}, {'pst': (16, 14), 'tst': 0}, {'pst': (30, 12), 'tst': 0}, {'pst': (14, 16), 'tst': 0}]",0.6413977680670159,7.68567423935235
42,14,,"[0, 1, 2, 3, 4, 5, 6, 7, 8, 9, 10, 11, 12, 13, 14, 15, 16, 17, 18, 19]","[{'pst': (33, 13), 'tst': 6}, {'pst': (34, 16), 'tst': 4}, {'pst': (24, 8), 'tst': 4}, {'pst': (1, 12), 'tst': 2}, {'pst': (35, 1), 'tst': 1}, {'pst': (40, 12), 'tst': 1}, {'pst': (29, 13), 'tst': 0}, {'pst': (38, 3), 'tst': 0}]",0.5950742871367032,6.967885565297231
42,15,,"[0, 1, 2, 3, 4, 5, 6, 7, 8, 9, 10, 11, 12, 13, 14, 15, 16, 17, 18, 19]","[{'pst': (36, 0), 'tst': 4}, {'pst': (26, 5), 'tst': 3}, {'pst': (30, 12), 'tst': 2}, {'pst': (4, 12), 'tst': 2}, {'pst': (34, 12), 'tst': 1}, {'pst': (36, 9), 'tst': 1}, {'pst': (38, 17), 'tst': 0}, {'pst': (41, 11), 'tst': 0}]",0.6320654324959506,6.6713100285464435
42,16,,"[0, 1, 2, 3, 4, 5, 6, 7, 8, 9, 10, 11, 12, 13, 14, 15, 16, 17, 18, 19]","[{'pst': (25, 3), 'tst': 5}, {'pst': (29, 15), 'tst': 5}, {'pst': (35, 5), 'tst': 3}, {'pst': (36, 10), 'tst': 2}, {'pst': (36, 9), 'tst': 2}, {'pst': (40, 16), 'tst': 1}, {'pst': (19, 6), 'tst': 0}, {'pst': (33, 14), 'tst': 0}]",0.6614364940110382,7.5616068731250685
42,17,,"[0, 1, 2, 3, 4, 5, 6, 7, 8, 9, 10, 11, 12, 13, 14, 15, 16, 17, 18, 19]","[{'pst': (34, 12), 'tst': 6}, {'pst': (38, 17), 'tst': 3}, {'pst': (34, 16), 'tst': 3}, {'pst': (15, 7), 'tst': 2}, {'pst': (38, 3), 'tst': 1}, {'pst': (38, 18), 'tst': 1}, {'pst': (33, 14), 'tst': 0}]",0.6252207588465174,8.65371488802635
42,18,,"[0, 1, 2, 3, 4, 5, 6, 7, 8, 9, 10, 11, 12, 13, 14, 15, 16, 17, 18, 19]","[{'pst': (30, 3), 'tst': 5}, {'pst': (4, 12), 'tst': 4}, {'pst': (37, 10), 'tst': 2}, {'pst': (26, 5), 'tst': 2}, {'pst': (30, 12), 'tst': 1}, {'pst': (38, 0), 'tst': 1}, {'pst': (33, 14), 'tst': 0}, {'pst': (37, 3), 'tst': 0}]",0.6511968859172419,6.947495547828936
42,19,,"[0, 1, 2, 3, 4, 5, 6, 7, 8, 9, 10, 11, 12, 13, 14, 15, 16, 17, 18, 19]","[{'pst': (37, 10), 'tst': 4}, {'pst': (30, 3), 'tst': 3}, {'pst': (36, 9), 'tst': 3}, {'pst': (16, 14), 'tst': 2}, {'pst': (14, 13), 'tst': 2}, {'pst': (13, 8), 'tst': 1}, {'pst': (38, 17), 'tst': 0}, {'pst': (14, 16), 'tst': 0}]",0.6154568787955473,7.07048858852786
43,0,,"[0, 1, 2, 3, 4, 5, 6, 7, 8, 9, 10, 11, 12, 13, 14, 15, 16, 17, 18, 19]","[{'pst': (14, 12), 'tst': 9}, {'pst': (38, 0), 'tst': 4}, {'pst': (9, 16), 'tst': 3}, {'pst': (40, 0), 'tst': 2}, {'pst': (30, 3), 'tst': 1}, {'pst': (20, 8), 'tst': 1}, {'pst': (42, 2), 'tst': 0}, {'pst': (36, 9), 'tst': 0}]",0.6017718701288621,7.7552668328985295
43,1,,"[0, 1, 2, 3, 4, 5, 6, 7, 8, 9, 10, 11, 12, 13, 14, 15, 16, 17, 18, 19]","[{'pst': (33, 13), 'tst': 6}, {'pst': (37, 10), 'tst': 5}, {'pst': (29, 13), 'tst': 4}, {'pst': (37, 3), 'tst': 3}, {'pst': (34, 12), 'tst': 1}, {'pst': (20, 8), 'tst': 1}, {'pst': (34, 3), 'tst': 0}, {'pst': (33, 6), 'tst': 0}]",0.5992709334019252,7.607405237853637
43,2,,"[0, 1, 2, 3, 4, 5, 6, 7, 8, 9, 10, 11, 12, 13, 14, 15, 16, 17, 18, 19]","[{'pst': (38, 18), 'tst': 3}, {'pst': (18, 7), 'tst': 3}, {'pst': (23, 2), 'tst': 3}, {'pst': (30, 7), 'tst': 2}, {'pst': (34, 9), 'tst': 1}, {'pst': (9, 16), 'tst': 1}, {'pst': (15, 7), 'tst': 1}, {'pst': (42, 2), 'tst': 0}]",0.6368089529469155,6.836294809233445
43,3,,"[0, 1, 2, 3, 4, 5, 6, 7, 8, 9, 10, 11, 12, 13, 14, 15, 16, 17, 18, 19]","[{'pst': (34, 3), 'tst': 8}, {'pst': (32, 2), 'tst': 3}, {'pst': (29, 15), 'tst': 2}, {'pst': (37, 10), 'tst': 2}, {'pst': (25, 3), 'tst': 0}, {'pst': (38, 3), 'tst': 0}, {'pst': (34, 7), 'tst': 0}, {'pst': (14, 16), 'tst': 0}]",0.6797048840994833,6.7269274875644705
43,4,,"[0, 1, 2, 3, 4, 5, 6, 7, 8, 9, 10, 11, 12, 13, 14, 15, 16, 17, 18, 19]","[{'pst': (30, 3), 'tst': 4}, {'pst': (32, 2), 'tst': 3}, {'pst': (16, 14), 'tst': 1}, {'pst': (24, 8), 'tst': 1}, {'pst': (33, 6), 'tst': 1}, {'pst': (26, 5), 'tst': 1}, {'pst': (42, 4), 'tst': 0}, {'pst': (35, 5), 'tst': 0}]",0.6352017310681648,6.87387181317771
43,5,,"[0, 1, 2, 3, 4, 5, 6, 7, 8, 9, 10, 11, 12, 13, 14, 15, 16, 17, 18, 19]","[{'pst': (19, 6), 'tst': 5}, {'pst': (36, 10), 'tst': 3}, {'pst': (38, 17), 'tst': 2}, {'pst': (18, 7), 'tst': 2}, {'pst': (40, 10), 'tst': 1}, {'pst': (38, 18), 'tst': 1}, {'pst': (41, 11), 'tst': 0}, {'pst': (38, 0), 'tst': 0}]",0.5989040989199267,7.937261330419016
43,6,"{'text': 'Legalizing drugs would not be the only option; there may still be a market of illegal drugs, for example if it is cheaper than the legal choice.'}","[0, 1, 2, 3, 4, 5, 6, 7, 8, 9, 10, 11, 12, 13, 14, 15, 16, 17, 18, 19]","[{'pst': (34, 3), 'tst': 5}, {'pst': (24, 14), 'tst': 4}, {'pst': (32, 2), 'tst': 3}, {'pst': (20, 8), 'tst': 2}, {'pst': (40, 16), 'tst': 1}, {'pst': (11, 13), 'tst': 1}, {'pst': (34, 9), 'tst': 0}, {'pst': (41, 7), 'tst': 0}]",0.6050919183810342,6.889552911516362
43,7,"{'text': 'If you want to legalize drugs, then you should also legalize prostitution.'}","[0, 1, 2, 3, 4, 5, 6, 7, 8, 9, 10, 11, 12, 13, 14, 15, 16, 17, 18, 19]","[{'pst': (0, 19), 'tst': 6}, {'pst': (34, 16), 'tst': 5}, {'pst': (30, 7), 'tst': 3}, {'pst': (40, 0), 'tst': 2}, {'pst': (41, 7), 'tst': 1}, {'pst': (35, 16), 'tst': 1}, {'pst': (35, 9), 'tst': 0}, {'pst': (32, 2), 'tst': 0}]",0.6238513402984537,6.7260568707356505
43,8,,"[0, 1, 2, 3, 4, 5, 6, 7, 8, 9, 10, 11, 12, 13, 14, 15, 16, 17, 18, 19]","[{'pst': (34, 16), 'tst': 4}, {'pst': (11, 13), 'tst': 3}, {'pst': (14, 16), 'tst': 3}, {'pst': (38, 17), 'tst': 2}, {'pst': (36, 0), 'tst': 2}, {'pst': (41, 8), 'tst': 1}, {'pst': (1, 12), 'tst': 1}, {'pst': (42, 8), 'tst': 0}]",0.598024772937668,6.459397854565819
43,9,,"[0, 1, 2, 3, 4, 5, 6, 7, 8, 9, 10, 11, 12, 13, 14, 15, 16, 17, 18, 19]","[{'pst': (24, 8), 'tst': 11}, {'pst': (13, 8), 'tst': 3}, {'pst': (29, 13), 'tst': 2}, {'pst': (14, 16), 'tst': 2}, {'pst': (38, 3), 'tst': 1}, {'pst': (14, 13), 'tst': 1}, {'pst': (20, 8), 'tst': 0}, {'pst': (35, 9), 'tst': 0}]",0.6006837651844421,6.567874104922069
43,10,,"[0, 1, 2, 3, 4, 5, 6, 7, 8, 9, 10, 11, 12, 13, 14, 15, 16, 17, 18, 19]","[{'pst': (35, 9), 'tst': 4}, {'pst': (29, 15), 'tst': 3}, {'pst': (40, 10), 'tst': 2}, {'pst': (32, 2), 'tst': 2}, {'pst': (24, 8), 'tst': 1}, {'pst': (24, 14), 'tst': 1}, {'pst': (12, 4), 'tst': 0}]",0.5805381441822711,5.737845979195818
43,11,,"[0, 1, 2, 3, 4, 5, 6, 7, 8, 9, 10, 11, 12, 13, 14, 15, 16, 17, 18, 19]","[{'pst': (36, 10), 'tst': 5}, {'pst': (14, 12), 'tst': 3}, {'pst': (40, 11), 'tst': 2}, {'pst': (16, 14), 'tst': 2}, {'pst': (41, 11), 'tst': 1}, {'pst': (29, 13), 'tst': 1}, {'pst': (42, 13), 'tst': 0}, {'pst': (20, 8), 'tst': 0}]",0.6002764961243664,6.7213057482619805
43,12,,"[0, 1, 2, 3, 4, 5, 6, 7, 8, 9, 10, 11, 12, 13, 14, 15, 16, 17, 18, 19]","[{'pst': (16, 14), 'tst': 3}, {'pst': (11, 13), 'tst': 3}, {'pst': (40, 12), 'tst': 2}, {'pst': (24, 8), 'tst': 2}, {'pst': (41, 11), 'tst': 1}, {'pst': (9, 16), 'tst': 1}, {'pst': (29, 13), 'tst': 0}, {'pst': (40, 11), 'tst': 0}]",0.5996453431227743,7.253991529295704
43,13,"{'text': 'Legalizing drugs would not be the only option; there may still be a market of illegal drugs, for example if it is cheaper than the legal choice.'}","[0, 1, 2, 3, 4, 5, 6, 7, 8, 9, 10, 11, 12, 13, 14, 15, 16, 17, 18, 19]","[{'pst': (24, 14), 'tst': 5}, {'pst': (34, 18), 'tst': 2}, {'pst': (37, 3), 'tst': 2}, {'pst': (16, 14), 'tst': 1}, {'pst': (30, 12), 'tst': 1}, {'pst': (14, 16), 'tst': 1}, {'pst': (42, 13), 'tst': 0}]",0.5894101744663803,7.6411418023170725
43,14,,"[0, 1, 2, 3, 4, 5, 6, 7, 8, 9, 10, 11, 12, 13, 14, 15, 16, 17, 18, 19]","[{'pst': (33, 13), 'tst': 7}, {'pst': (24, 8), 'tst': 5}, {'pst': (1, 12), 'tst': 3}, {'pst': (35, 1), 'tst': 2}, {'pst': (40, 12), 'tst': 2}, {'pst': (29, 13), 'tst': 1}, {'pst': (38, 3), 'tst': 1}, {'pst': (36, 10), 'tst': 0}]",0.591473807589824,7.063547633342095
43,15,,"[0, 1, 2, 3, 4, 5, 6, 7, 8, 9, 10, 11, 12, 13, 14, 15, 16, 17, 18, 19]","[{'pst': (26, 5), 'tst': 4}, {'pst': (30, 12), 'tst': 3}, {'pst': (4, 12), 'tst': 3}, {'pst': (34, 12), 'tst': 2}, {'pst': (36, 9), 'tst': 2}, {'pst': (38, 17), 'tst': 1}, {'pst': (41, 11), 'tst': 1}, {'pst': (36, 10), 'tst': 0}]",0.618954787255795,6.358465370099989
43,16,,"[0, 1, 2, 3, 4, 5, 6, 7, 8, 9, 10, 11, 12, 13, 14, 15, 16, 17, 18, 19]","[{'pst': (25, 3), 'tst': 6}, {'pst': (29, 15), 'tst': 6}, {'pst': (36, 10), 'tst': 3}, {'pst': (40, 16), 'tst': 2}, {'pst': (19, 6), 'tst': 1}, {'pst': (33, 14), 'tst': 1}, {'pst': (41, 11), 'tst': 0}, {'pst': (34, 12), 'tst': 0}]",0.6477876706809593,7.187048041887552
43,17,"{'text': 'If you want to legalize drugs, then you should also legalize prostitution.'}","[0, 1, 2, 3, 4, 5, 6, 7, 8, 9, 10, 11, 12, 13, 14, 15, 16, 17, 18, 19]","[{'pst': (38, 17), 'tst': 4}, {'pst': (34, 16), 'tst': 4}, {'pst': (38, 3), 'tst': 2}, {'pst': (38, 18), 'tst': 2}, {'pst': (33, 14), 'tst': 1}, {'pst': (0, 19), 'tst': 0}, {'pst': (28, 0), 'tst': 0}, {'pst': (9, 16), 'tst': 0}]",0.6180349210689702,7.435428235851906
43,18,,"[0, 1, 2, 3, 4, 5, 6, 7, 8, 9, 10, 11, 12, 13, 14, 15, 16, 17, 18, 19]","[{'pst': (30, 3), 'tst': 6}, {'pst': (37, 10), 'tst': 3}, {'pst': (26, 5), 'tst': 3}, {'pst': (38, 0), 'tst': 2}, {'pst': (33, 14), 'tst': 1}, {'pst': (37, 3), 'tst': 1}, {'pst': (40, 10), 'tst': 0}, {'pst': (19, 6), 'tst': 0}]",0.6244827664472942,7.147364595649871
43,19,"{'text': 'If you want to legalize drugs, then you should also legalize prostitution.'}","[0, 1, 2, 3, 4, 5, 6, 7, 8, 9, 10, 11, 12, 13, 14, 15, 16, 17, 18, 19]","[{'pst': (37, 10), 'tst': 5}, {'pst': (30, 3), 'tst': 4}, {'pst': (16, 14), 'tst': 3}, {'pst': (13, 8), 'tst': 2}, {'pst': (38, 17), 'tst': 1}, {'pst': (14, 16), 'tst': 1}, {'pst': (14, 13), 'tst': 0}, {'pst': (42, 8), 'tst': 0}]",0.600825765602981,6.78950648903197
44,0,,"[0, 1, 2, 3, 4, 5, 6, 7, 8, 9, 10, 11, 12, 13, 14, 15, 16, 17, 18, 19]","[{'pst': (14, 12), 'tst': 10}, {'pst': (40, 0), 'tst': 3}, {'pst': (30, 3), 'tst': 2}, {'pst': (20, 8), 'tst': 2}, {'pst': (42, 2), 'tst': 1}, {'pst': (36, 9), 'tst': 1}, {'pst': (33, 14), 'tst': 0}, {'pst': (33, 13), 'tst': 0}]",0.5885899347976973,8.069517944385497
44,1,,"[0, 1, 2, 3, 4, 5, 6, 7, 8, 9, 10, 11, 12, 13, 14, 15, 16, 17, 18, 19]","[{'pst': (29, 13), 'tst': 5}, {'pst': (37, 3), 'tst': 4}, {'pst': (34, 12), 'tst': 2}, {'pst': (20, 8), 'tst': 2}, {'pst': (34, 3), 'tst': 1}, {'pst': (33, 6), 'tst': 1}, {'pst': (43, 19), 'tst': 0}, {'pst': (37, 10), 'tst': 0}]",0.59187447710288,7.619197330737566
44,2,,"[0, 1, 2, 3, 4, 5, 6, 7, 8, 9, 10, 11, 12, 13, 14, 15, 16, 17, 18, 19]","[{'pst': (38, 18), 'tst': 4}, {'pst': (23, 2), 'tst': 4}, {'pst': (34, 9), 'tst': 2}, {'pst': (9, 16), 'tst': 2}, {'pst': (15, 7), 'tst': 2}, {'pst': (42, 2), 'tst': 1}, {'pst': (34, 7), 'tst': 0}]",0.6472193080463325,6.4982180764546245
44,3,,"[0, 1, 2, 3, 4, 5, 6, 7, 8, 9, 10, 11, 12, 13, 14, 15, 16, 17, 18, 19]","[{'pst': (29, 15), 'tst': 3}, {'pst': (37, 10), 'tst': 3}, {'pst': (25, 3), 'tst': 1}, {'pst': (38, 3), 'tst': 1}, {'pst': (34, 7), 'tst': 1}, {'pst': (14, 16), 'tst': 1}, {'pst': (40, 10), 'tst': 0}, {'pst': (20, 8), 'tst': 0}]",0.657806066310595,6.375219772137412
44,4,,"[0, 1, 2, 3, 4, 5, 6, 7, 8, 9, 10, 11, 12, 13, 14, 15, 16, 17, 18, 19]","[{'pst': (32, 2), 'tst': 4}, {'pst': (16, 14), 'tst': 2}, {'pst': (24, 8), 'tst': 2}, {'pst': (33, 6), 'tst': 2}, {'pst': (42, 4), 'tst': 1}, {'pst': (35, 5), 'tst': 1}, {'pst': (23, 2), 'tst': 0}, {'pst': (34, 18), 'tst': 0}]",0.6304813507698197,6.991373753660071
44,5,"{'text': 'If you want to legalize drugs, then you should also legalize prostitution.'}","[0, 1, 2, 3, 4, 5, 6, 7, 8, 9, 10, 11, 12, 13, 14, 15, 16, 17, 18, 19]","[{'pst': (36, 10), 'tst': 4}, {'pst': (38, 17), 'tst': 3}, {'pst': (18, 7), 'tst': 3}, {'pst': (40, 10), 'tst': 2}, {'pst': (38, 18), 'tst': 2}, {'pst': (41, 11), 'tst': 1}, {'pst': (38, 0), 'tst': 1}, {'pst': (23, 2), 'tst': 0}]",0.6058311244239161,7.635395187972988
44,6,,"[0, 1, 2, 3, 4, 5, 6, 7, 8, 9, 10, 11, 12, 13, 14, 15, 16, 17, 18, 19]","[{'pst': (32, 2), 'tst': 4}, {'pst': (20, 8), 'tst': 3}, {'pst': (40, 16), 'tst': 2}, {'pst': (11, 13), 'tst': 2}, {'pst': (34, 9), 'tst': 1}, {'pst': (41, 7), 'tst': 1}, {'pst': (43, 6), 'tst': 0}, {'pst': (36, 10), 'tst': 0}]",0.5906154754397949,6.713438033438832
44,7,"{'text': 'If you want to legalize drugs, then you should also legalize prostitution.'}","[0, 1, 2, 3, 4, 5, 6, 7, 8, 9, 10, 11, 12, 13, 14, 15, 16, 17, 18, 19]","[{'pst': (0, 19), 'tst': 7}, {'pst': (40, 0), 'tst': 3}, {'pst': (41, 7), 'tst': 2}, {'pst': (35, 16), 'tst': 2}, {'pst': (35, 9), 'tst': 1}, {'pst': (32, 2), 'tst': 1}, {'pst': (43, 7), 'tst': 0}, {'pst': (42, 13), 'tst': 0}]",0.6239258932744809,6.658065821938345
44,8,,"[0, 1, 2, 3, 4, 5, 6, 7, 8, 9, 10, 11, 12, 13, 14, 15, 16, 17, 18, 19]","[{'pst': (34, 16), 'tst': 5}, {'pst': (14, 16), 'tst': 4}, {'pst': (38, 17), 'tst': 3}, {'pst': (36, 0), 'tst': 3}, {'pst': (41, 8), 'tst': 2}, {'pst': (42, 8), 'tst': 1}, {'pst': (30, 12), 'tst': 0}, {'pst': (4, 12), 'tst': 0}]",0.6021046201756766,6.860104346404355
44,9,,"[0, 1, 2, 3, 4, 5, 6, 7, 8, 9, 10, 11, 12, 13, 14, 15, 16, 17, 18, 19]","[{'pst': (13, 8), 'tst': 4}, {'pst': (14, 16), 'tst': 3}, {'pst': (38, 3), 'tst': 2}, {'pst': (14, 13), 'tst': 2}, {'pst': (20, 8), 'tst': 1}, {'pst': (35, 9), 'tst': 1}, {'pst': (40, 16), 'tst': 0}, {'pst': (34, 18), 'tst': 0}]",0.5853652316160456,7.148295573405479
44,10,,"[0, 1, 2, 3, 4, 5, 6, 7, 8, 9, 10, 11, 12, 13, 14, 15, 16, 17, 18, 19]","[{'pst': (35, 9), 'tst': 5}, {'pst': (40, 10), 'tst': 3}, {'pst': (32, 2), 'tst': 3}, {'pst': (24, 14), 'tst': 2}, {'pst': (12, 4), 'tst': 1}, {'pst': (37, 10), 'tst': 0}, {'pst': (33, 6), 'tst': 0}, {'pst': (13, 8), 'tst': 0}]",0.5674332138940529,6.082104599604449
44,11,"{'text': 'If you want to legalize drugs, then you should also legalize prostitution.'}","[0, 1, 2, 3, 4, 5, 6, 7, 8, 9, 10, 11, 12, 13, 14, 15, 16, 17, 18, 19]","[{'pst': (36, 10), 'tst': 6}, {'pst': (14, 12), 'tst': 4}, {'pst': (40, 11), 'tst': 3}, {'pst': (41, 11), 'tst': 2}, {'pst': (42, 13), 'tst': 1}, {'pst': (20, 8), 'tst': 1}, {'pst': (30, 12), 'tst': 0}, {'pst': (35, 16), 'tst': 0}]",0.629294844734475,6.439847842488498
44,12,,"[0, 1, 2, 3, 4, 5, 6, 7, 8, 9, 10, 11, 12, 13, 14, 15, 16, 17, 18, 19]","[{'pst': (40, 12), 'tst': 3}, {'pst': (24, 8), 'tst': 3}, {'pst': (41, 11), 'tst': 2}, {'pst': (9, 16), 'tst': 2}, {'pst': (29, 13), 'tst': 1}, {'pst': (40, 11), 'tst': 1}, {'pst': (34, 16), 'tst': 0}, {'pst': (35, 1), 'tst': 0}]",0.6060743833215557,7.566352405635595
44,13,,"[0, 1, 2, 3, 4, 5, 6, 7, 8, 9, 10, 11, 12, 13, 14, 15, 16, 17, 18, 19]","[{'pst': (34, 18), 'tst': 3}, {'pst': (37, 3), 'tst': 3}, {'pst': (16, 14), 'tst': 2}, {'pst': (30, 12), 'tst': 2}, {'pst': (14, 16), 'tst': 2}, {'pst': (42, 13), 'tst': 1}, {'pst': (43, 13), 'tst': 0}, {'pst': (33, 13), 'tst': 0}]",0.5987178436132312,8.037782832146622
44,14,,"[0, 1, 2, 3, 4, 5, 6, 7, 8, 9, 10, 11, 12, 13, 14, 15, 16, 17, 18, 19]","[{'pst': (33, 13), 'tst': 8}, {'pst': (1, 12), 'tst': 4}, {'pst': (35, 1), 'tst': 3}, {'pst': (29, 13), 'tst': 2}, {'pst': (38, 3), 'tst': 2}, {'pst': (36, 10), 'tst': 1}, {'pst': (25, 3), 'tst': 0}, {'pst': (40, 16), 'tst': 0}]",0.6099462207100619,6.211112977470062
44,15,,"[0, 1, 2, 3, 4, 5, 6, 7, 8, 9, 10, 11, 12, 13, 14, 15, 16, 17, 18, 19]","[{'pst': (26, 5), 'tst': 5}, {'pst': (30, 12), 'tst': 4}, {'pst': (34, 12), 'tst': 3}, {'pst': (36, 9), 'tst': 3}, {'pst': (41, 11), 'tst': 2}, {'pst': (36, 10), 'tst': 1}]",0.609973929458016,6.721353026166679
44,16,,"[0, 1, 2, 3, 4, 5, 6, 7, 8, 9, 10, 11, 12, 13, 14, 15, 16, 17, 18, 19]","[{'pst': (36, 10), 'tst': 4}, {'pst': (40, 16), 'tst': 3}, {'pst': (19, 6), 'tst': 2}, {'pst': (33, 14), 'tst': 2}, {'pst': (41, 11), 'tst': 1}, {'pst': (34, 12), 'tst': 1}]",0.6076078433918772,8.314526781476955
44,17,,"[0, 1, 2, 3, 4, 5, 6, 7, 8, 9, 10, 11, 12, 13, 14, 15, 16, 17, 18, 19]","[{'pst': (38, 3), 'tst': 3}, {'pst': (38, 18), 'tst': 3}, {'pst': (33, 14), 'tst': 2}, {'pst': (0, 19), 'tst': 1}, {'pst': (28, 0), 'tst': 1}, {'pst': (9, 16), 'tst': 1}, {'pst': (43, 17), 'tst': 0}, {'pst': (29, 13), 'tst': 0}]",0.584405718926416,7.188201097075365
44,18,,"[0, 1, 2, 3, 4, 5, 6, 7, 8, 9, 10, 11, 12, 13, 14, 15, 16, 17, 18, 19]","[{'pst': (37, 10), 'tst': 4}, {'pst': (38, 0), 'tst': 3}, {'pst': (33, 14), 'tst': 2}, {'pst': (37, 3), 'tst': 2}, {'pst': (40, 10), 'tst': 1}, {'pst': (19, 6), 'tst': 1}, {'pst': (34, 7), 'tst': 0}]",0.6230364396207692,6.7269660676930965
44,19,,"[0, 1, 2, 3, 4, 5, 6, 7, 8, 9, 10, 11, 12, 13, 14, 15, 16, 17, 18, 19]","[{'pst': (37, 10), 'tst': 6}, {'pst': (16, 14), 'tst': 4}, {'pst': (13, 8), 'tst': 3}, {'pst': (38, 17), 'tst': 2}, {'pst': (14, 16), 'tst': 2}, {'pst': (14, 13), 'tst': 1}, {'pst': (42, 8), 'tst': 1}, {'pst': (43, 19), 'tst': 0}]",0.6013572582942427,6.892768545821765
45,0,,"[0, 1, 2, 3, 4, 5, 6, 7, 8, 9, 10, 11, 12, 13, 14, 15, 16, 17, 18, 19]","[{'pst': (14, 12), 'tst': 11}, {'pst': (30, 3), 'tst': 3}, {'pst': (42, 2), 'tst': 2}, {'pst': (36, 9), 'tst': 2}, {'pst': (33, 14), 'tst': 1}, {'pst': (33, 13), 'tst': 1}, {'pst': (38, 17), 'tst': 0}, {'pst': (38, 18), 'tst': 0}]",0.6142564634341071,7.792658138766077
45,1,,"[0, 1, 2, 3, 4, 5, 6, 7, 8, 9, 10, 11, 12, 13, 14, 15, 16, 17, 18, 19]","[{'pst': (29, 13), 'tst': 6}, {'pst': (34, 12), 'tst': 3}, {'pst': (20, 8), 'tst': 3}, {'pst': (34, 3), 'tst': 2}, {'pst': (33, 6), 'tst': 2}, {'pst': (43, 19), 'tst': 1}, {'pst': (37, 10), 'tst': 1}, {'pst': (37, 3), 'tst': 0}]",0.5896489513839817,7.636740867078004
45,2,,"[0, 1, 2, 3, 4, 5, 6, 7, 8, 9, 10, 11, 12, 13, 14, 15, 16, 17, 18, 19]","[{'pst': (38, 18), 'tst': 5}, {'pst': (23, 2), 'tst': 5}, {'pst': (34, 9), 'tst': 3}, {'pst': (9, 16), 'tst': 3}, {'pst': (34, 7), 'tst': 1}, {'pst': (29, 15), 'tst': 0}, {'pst': (29, 13), 'tst': 0}, {'pst': (40, 0), 'tst': 0}]",0.6561829155614824,6.885068856968185
45,3,"{'text': 'If you want to legalize drugs, then you should also legalize prostitution.'}","[0, 1, 2, 3, 4, 5, 6, 7, 8, 9, 10, 11, 12, 13, 14, 15, 16, 17, 18, 19]","[{'pst': (37, 10), 'tst': 4}, {'pst': (25, 3), 'tst': 2}, {'pst': (38, 3), 'tst': 2}, {'pst': (14, 16), 'tst': 2}, {'pst': (40, 10), 'tst': 1}, {'pst': (20, 8), 'tst': 1}, {'pst': (38, 0), 'tst': 0}, {'pst': (35, 16), 'tst': 0}]",0.6323153424537412,6.3845820834909865
45,4,,"[0, 1, 2, 3, 4, 5, 6, 7, 8, 9, 10, 11, 12, 13, 14, 15, 16, 17, 18, 19]","[{'pst': (32, 2), 'tst': 5}, {'pst': (16, 14), 'tst': 3}, {'pst': (24, 8), 'tst': 3}, {'pst': (42, 4), 'tst': 2}, {'pst': (35, 5), 'tst': 2}, {'pst': (23, 2), 'tst': 1}, {'pst': (34, 18), 'tst': 1}, {'pst': (30, 3), 'tst': 0}]",0.6226241917001221,7.075094711792734
45,5,"{'text': 'If you want to legalize drugs, then you should also legalize prostitution.'}","[0, 1, 2, 3, 4, 5, 6, 7, 8, 9, 10, 11, 12, 13, 14, 15, 16, 17, 18, 19]","[{'pst': (36, 10), 'tst': 5}, {'pst': (40, 10), 'tst': 3}, {'pst': (38, 18), 'tst': 3}, {'pst': (41, 11), 'tst': 2}, {'pst': (38, 0), 'tst': 2}, {'pst': (23, 2), 'tst': 1}, {'pst': (44, 5), 'tst': 0}, {'pst': (42, 13), 'tst': 0}]",0.6070071930731191,7.635249400128382
45,6,,"[0, 1, 2, 3, 4, 5, 6, 7, 8, 9, 10, 11, 12, 13, 14, 15, 16, 17, 18, 19]","[{'pst': (20, 8), 'tst': 4}, {'pst': (11, 13), 'tst': 3}, {'pst': (34, 9), 'tst': 2}, {'pst': (41, 7), 'tst': 2}, {'pst': (43, 6), 'tst': 1}, {'pst': (36, 10), 'tst': 1}, {'pst': (43, 19), 'tst': 0}, {'pst': (42, 13), 'tst': 0}]",0.5801174043384091,7.4447641416801975
45,7,,"[0, 1, 2, 3, 4, 5, 6, 7, 8, 9, 10, 11, 12, 13, 14, 15, 16, 17, 18, 19]","[{'pst': (40, 0), 'tst': 4}, {'pst': (41, 7), 'tst': 3}, {'pst': (35, 16), 'tst': 3}, {'pst': (35, 9), 'tst': 2}, {'pst': (32, 2), 'tst': 2}, {'pst': (43, 7), 'tst': 1}, {'pst': (42, 13), 'tst': 1}, {'pst': (44, 7), 'tst': 0}]",0.6398216481235334,6.905445461504241
45,8,,"[0, 1, 2, 3, 4, 5, 6, 7, 8, 9, 10, 11, 12, 13, 14, 15, 16, 17, 18, 19]","[{'pst': (34, 16), 'tst': 6}, {'pst': (36, 0), 'tst': 4}, {'pst': (41, 8), 'tst': 3}, {'pst': (42, 8), 'tst': 2}, {'pst': (30, 12), 'tst': 1}, {'pst': (4, 12), 'tst': 1}, {'pst': (40, 0), 'tst': 0}, {'pst': (15, 7), 'tst': 0}]",0.6052305816558011,7.168624109755753
45,9,,"[0, 1, 2, 3, 4, 5, 6, 7, 8, 9, 10, 11, 12, 13, 14, 15, 16, 17, 18, 19]","[{'pst': (14, 16), 'tst': 4}, {'pst': (38, 3), 'tst': 3}, {'pst': (20, 8), 'tst': 2}, {'pst': (35, 9), 'tst': 2}, {'pst': (40, 16), 'tst': 1}, {'pst': (34, 18), 'tst': 1}, {'pst': (28, 0), 'tst': 0}, {'pst': (11, 13), 'tst': 0}]",0.5815044103756087,7.703086318620336
45,10,,"[0, 1, 2, 3, 4, 5, 6, 7, 8, 9, 10, 11, 12, 13, 14, 15, 16, 17, 18, 19]","[{'pst': (35, 9), 'tst': 6}, {'pst': (40, 10), 'tst': 4}, {'pst': (12, 4), 'tst': 2}, {'pst': (37, 10), 'tst': 1}, {'pst': (33, 6), 'tst': 1}, {'pst': (13, 8), 'tst': 1}, {'pst': (43, 6), 'tst': 0}, {'pst': (15, 7), 'tst': 0}]",0.552258128358313,6.546786214912811
45,11,,"[0, 1, 2, 3, 4, 5, 6, 7, 8, 9, 10, 11, 12, 13, 14, 15, 16, 17, 18, 19]","[{'pst': (36, 10), 'tst': 7}, {'pst': (14, 12), 'tst': 5}, {'pst': (41, 11), 'tst': 3}, {'pst': (42, 13), 'tst': 2}, {'pst': (30, 12), 'tst': 1}, {'pst': (35, 16), 'tst': 1}, {'pst': (44, 11), 'tst': 0}, {'pst': (44, 7), 'tst': 0}]",0.6293980018095846,6.52036274955717
45,12,,"[0, 1, 2, 3, 4, 5, 6, 7, 8, 9, 10, 11, 12, 13, 14, 15, 16, 17, 18, 19]","[{'pst': (40, 12), 'tst': 4}, {'pst': (41, 11), 'tst': 3}, {'pst': (29, 13), 'tst': 2}, {'pst': (40, 11), 'tst': 2}, {'pst': (34, 16), 'tst': 1}, {'pst': (35, 1), 'tst': 1}, {'pst': (43, 7), 'tst': 0}, {'pst': (35, 5), 'tst': 0}]",0.5936335851543644,7.667755242757971
45,13,,"[0, 1, 2, 3, 4, 5, 6, 7, 8, 9, 10, 11, 12, 13, 14, 15, 16, 17, 18, 19]","[{'pst': (34, 18), 'tst': 4}, {'pst': (37, 3), 'tst': 4}, {'pst': (16, 14), 'tst': 3}, {'pst': (30, 12), 'tst': 3}, {'pst': (43, 13), 'tst': 1}, {'pst': (33, 13), 'tst': 1}, {'pst': (38, 18), 'tst': 0}, {'pst': (23, 2), 'tst': 0}]",0.5985614189550835,7.9826603826338305
45,14,,"[0, 1, 2, 3, 4, 5, 6, 7, 8, 9, 10, 11, 12, 13, 14, 15, 16, 17, 18, 19]","[{'pst': (33, 13), 'tst': 9}, {'pst': (1, 12), 'tst': 5}, {'pst': (29, 13), 'tst': 3}, {'pst': (38, 3), 'tst': 3}, {'pst': (25, 3), 'tst': 1}, {'pst': (40, 16), 'tst': 1}, {'pst': (19, 6), 'tst': 0}, {'pst': (34, 3), 'tst': 0}]",0.6158152345942074,6.868811810258816
45,15,,"[0, 1, 2, 3, 4, 5, 6, 7, 8, 9, 10, 11, 12, 13, 14, 15, 16, 17, 18, 19]","[{'pst': (30, 12), 'tst': 5}, {'pst': (34, 12), 'tst': 4}, {'pst': (36, 9), 'tst': 4}, {'pst': (41, 11), 'tst': 3}, {'pst': (36, 10), 'tst': 2}, {'pst': (43, 19), 'tst': 0}, {'pst': (42, 13), 'tst': 0}, {'pst': (40, 11), 'tst': 0}]",0.5942386631469825,7.625391679214867
45,16,,"[0, 1, 2, 3, 4, 5, 6, 7, 8, 9, 10, 11, 12, 13, 14, 15, 16, 17, 18, 19]","[{'pst': (40, 16), 'tst': 4}, {'pst': (19, 6), 'tst': 3}, {'pst': (33, 14), 'tst': 3}, {'pst': (41, 11), 'tst': 2}, {'pst': (42, 2), 'tst': 0}, {'pst': (38, 3), 'tst': 0}, {'pst': (42, 13), 'tst': 0}, {'pst': (40, 11), 'tst': 0}]",0.6168829357193893,7.869004563443634
45,17,,"[0, 1, 2, 3, 4, 5, 6, 7, 8, 9, 10, 11, 12, 13, 14, 15, 16, 17, 18, 19]","[{'pst': (38, 3), 'tst': 4}, {'pst': (38, 18), 'tst': 4}, {'pst': (33, 14), 'tst': 3}, {'pst': (0, 19), 'tst': 2}, {'pst': (9, 16), 'tst': 2}, {'pst': (43, 17), 'tst': 1}, {'pst': (29, 13), 'tst': 1}, {'pst': (36, 10), 'tst': 0}]",0.5790488060478338,7.398139273722522
45,18,,"[0, 1, 2, 3, 4, 5, 6, 7, 8, 9, 10, 11, 12, 13, 14, 15, 16, 17, 18, 19]","[{'pst': (37, 10), 'tst': 5}, {'pst': (38, 0), 'tst': 4}, {'pst': (33, 14), 'tst': 3}, {'pst': (37, 3), 'tst': 3}, {'pst': (34, 7), 'tst': 1}, {'pst': (28, 0), 'tst': 0}, {'pst': (40, 0), 'tst': 0}, {'pst': (15, 7), 'tst': 0}]",0.6251677497255286,6.570246948638927
45,19,,"[0, 1, 2, 3, 4, 5, 6, 7, 8, 9, 10, 11, 12, 13, 14, 15, 16, 17, 18, 19]","[{'pst': (37, 10), 'tst': 7}, {'pst': (13, 8), 'tst': 4}, {'pst': (14, 16), 'tst': 3}, {'pst': (14, 13), 'tst': 2}, {'pst': (42, 8), 'tst': 2}, {'pst': (43, 19), 'tst': 1}, {'pst': (23, 2), 'tst': 0}, {'pst': (33, 13), 'tst': 0}]",0.5921671019164412,7.005996063284164
46,0,"{'text': ""I don't think it's a good idea to legalize drugs.""}","[0, 1, 2, 3, 4, 5, 6, 7, 8, 9, 10, 11, 12, 13, 14, 15, 16, 17, 18, 19]","[{'pst': (30, 3), 'tst': 4}, {'pst': (42, 2), 'tst': 3}, {'pst': (36, 9), 'tst': 3}, {'pst': (33, 14), 'tst': 2}, {'pst': (38, 17), 'tst': 1}, {'pst': (38, 18), 'tst': 1}, {'pst': (45, 5), 'tst': 0}, {'pst': (44, 11), 'tst': 0}]",0.620203132575078,8.232868705666041
46,1,"{'text': 'If you want to legalize drugs, then you should also legalize prostitution.'}","[0, 1, 2, 3, 4, 5, 6, 7, 8, 9, 10, 11, 12, 13, 14, 15, 16, 17, 18, 19]","[{'pst': (34, 12), 'tst': 4}, {'pst': (34, 3), 'tst': 3}, {'pst': (33, 6), 'tst': 3}, {'pst': (43, 19), 'tst': 2}, {'pst': (37, 10), 'tst': 2}, {'pst': (37, 3), 'tst': 1}, {'pst': (38, 0), 'tst': 0}, {'pst': (35, 5), 'tst': 0}]",0.5998248148396297,7.844424676424435
46,2,"{'text': 'If you want to legalize drugs, then you should also legalize prostitution.'}","[0, 1, 2, 3, 4, 5, 6, 7, 8, 9, 10, 11, 12, 13, 14, 15, 16, 17, 18, 19]","[{'pst': (38, 18), 'tst': 6}, {'pst': (34, 9), 'tst': 4}, {'pst': (9, 16), 'tst': 4}, {'pst': (34, 7), 'tst': 2}, {'pst': (29, 15), 'tst': 1}, {'pst': (29, 13), 'tst': 1}, {'pst': (40, 0), 'tst': 1}, {'pst': (33, 13), 'tst': 0}]",0.6399224848394308,7.169350040999433
46,3,,"[0, 1, 2, 3, 4, 5, 6, 7, 8, 9, 10, 11, 12, 13, 14, 15, 16, 17, 18, 19]","[{'pst': (25, 3), 'tst': 3}, {'pst': (38, 3), 'tst': 3}, {'pst': (14, 16), 'tst': 3}, {'pst': (40, 10), 'tst': 2}, {'pst': (38, 0), 'tst': 1}, {'pst': (35, 16), 'tst': 1}, {'pst': (45, 3), 'tst': 0}, {'pst': (37, 3), 'tst': 0}]",0.6241291317942178,6.592322578653297
46,4,,"[0, 1, 2, 3, 4, 5, 6, 7, 8, 9, 10, 11, 12, 13, 14, 15, 16, 17, 18, 19]","[{'pst': (32, 2), 'tst': 6}, {'pst': (16, 14), 'tst': 4}, {'pst': (35, 5), 'tst': 3}, {'pst': (23, 2), 'tst': 2}, {'pst': (34, 18), 'tst': 2}, {'pst': (30, 3), 'tst': 1}]",0.6213525210524458,7.295721425445642
46,5,"{'text': 'If you want to legalize drugs, then you should also legalize prostitution.'}","[0, 1, 2, 3, 4, 5, 6, 7, 8, 9, 10, 11, 12, 13, 14, 15, 16, 17, 18, 19]","[{'pst': (36, 10), 'tst': 6}, {'pst': (40, 10), 'tst': 4}, {'pst': (38, 18), 'tst': 4}, {'pst': (41, 11), 'tst': 3}, {'pst': (23, 2), 'tst': 2}, {'pst': (44, 5), 'tst': 1}, {'pst': (42, 13), 'tst': 1}, {'pst': (45, 5), 'tst': 0}]",0.6070071930731191,7.635249400128382
46,6,"{'text': 'If you want to legalize drugs, then you should also legalize prostitution.'}","[0, 1, 2, 3, 4, 5, 6, 7, 8, 9, 10, 11, 12, 13, 14, 15, 16, 17, 18, 19]","[{'pst': (11, 13), 'tst': 4}, {'pst': (34, 9), 'tst': 3}, {'pst': (43, 6), 'tst': 2}, {'pst': (36, 10), 'tst': 2}, {'pst': (43, 19), 'tst': 1}, {'pst': (42, 13), 'tst': 1}, {'pst': (14, 13), 'tst': 0}, {'pst': (1, 12), 'tst': 0}]",0.5802152204006822,6.6729139555491095
46,7,,"[0, 1, 2, 3, 4, 5, 6, 7, 8, 9, 10, 11, 12, 13, 14, 15, 16, 17, 18, 19]","[{'pst': (40, 0), 'tst': 5}, {'pst': (41, 7), 'tst': 4}, {'pst': (35, 9), 'tst': 3}, {'pst': (43, 7), 'tst': 2}, {'pst': (42, 13), 'tst': 2}, {'pst': (44, 7), 'tst': 1}, {'pst': (25, 3), 'tst': 0}]",0.644195524561088,6.584535468686383
46,8,,"[0, 1, 2, 3, 4, 5, 6, 7, 8, 9, 10, 11, 12, 13, 14, 15, 16, 17, 18, 19]","[{'pst': (34, 16), 'tst': 7}, {'pst': (36, 0), 'tst': 5}, {'pst': (42, 8), 'tst': 3}, {'pst': (30, 12), 'tst': 2}, {'pst': (4, 12), 'tst': 2}, {'pst': (40, 0), 'tst': 1}, {'pst': (15, 7), 'tst': 1}, {'pst': (1, 12), 'tst': 0}]",0.5954050660234997,6.512036953919614
46,9,,"[0, 1, 2, 3, 4, 5, 6, 7, 8, 9, 10, 11, 12, 13, 14, 15, 16, 17, 18, 19]","[{'pst': (14, 16), 'tst': 5}, {'pst': (38, 3), 'tst': 4}, {'pst': (20, 8), 'tst': 3}, {'pst': (35, 9), 'tst': 3}, {'pst': (34, 18), 'tst': 2}, {'pst': (28, 0), 'tst': 1}, {'pst': (11, 13), 'tst': 1}, {'pst': (34, 9), 'tst': 0}]",0.5957806072173033,8.171167563152174
46,10,,"[0, 1, 2, 3, 4, 5, 6, 7, 8, 9, 10, 11, 12, 13, 14, 15, 16, 17, 18, 19]","[{'pst': (35, 9), 'tst': 7}, {'pst': (12, 4), 'tst': 3}, {'pst': (37, 10), 'tst': 2}, {'pst': (33, 6), 'tst': 2}, {'pst': (13, 8), 'tst': 2}, {'pst': (43, 6), 'tst': 1}, {'pst': (15, 7), 'tst': 1}, {'pst': (43, 13), 'tst': 0}]",0.5435297934959963,6.711181704125505
46,11,,"[0, 1, 2, 3, 4, 5, 6, 7, 8, 9, 10, 11, 12, 13, 14, 15, 16, 17, 18, 19]","[{'pst': (14, 12), 'tst': 6}, {'pst': (41, 11), 'tst': 4}, {'pst': (42, 13), 'tst': 3}, {'pst': (35, 16), 'tst': 2}, {'pst': (44, 11), 'tst': 1}, {'pst': (44, 7), 'tst': 1}, {'pst': (29, 13), 'tst': 0}, {'pst': (28, 0), 'tst': 0}]",0.6289671248224752,6.850418828530597
46,12,,"[0, 1, 2, 3, 4, 5, 6, 7, 8, 9, 10, 11, 12, 13, 14, 15, 16, 17, 18, 19]","[{'pst': (40, 12), 'tst': 5}, {'pst': (29, 13), 'tst': 3}, {'pst': (40, 11), 'tst': 3}, {'pst': (35, 1), 'tst': 2}, {'pst': (43, 7), 'tst': 1}, {'pst': (35, 5), 'tst': 1}, {'pst': (37, 10), 'tst': 0}, {'pst': (13, 8), 'tst': 0}]",0.5775738529814178,6.886863723286819
46,13,,"[0, 1, 2, 3, 4, 5, 6, 7, 8, 9, 10, 11, 12, 13, 14, 15, 16, 17, 18, 19]","[{'pst': (37, 3), 'tst': 5}, {'pst': (16, 14), 'tst': 4}, {'pst': (43, 13), 'tst': 2}, {'pst': (33, 13), 'tst': 2}, {'pst': (38, 18), 'tst': 1}, {'pst': (23, 2), 'tst': 1}, {'pst': (41, 8), 'tst': 0}, {'pst': (42, 4), 'tst': 0}]",0.6032684134167153,7.763568109921147
46,14,,"[0, 1, 2, 3, 4, 5, 6, 7, 8, 9, 10, 11, 12, 13, 14, 15, 16, 17, 18, 19]","[{'pst': (33, 13), 'tst': 10}, {'pst': (29, 13), 'tst': 4}, {'pst': (38, 3), 'tst': 4}, {'pst': (25, 3), 'tst': 2}, {'pst': (40, 16), 'tst': 2}, {'pst': (19, 6), 'tst': 1}, {'pst': (34, 3), 'tst': 1}]",0.6184755761955637,7.391922345091267
46,15,,"[0, 1, 2, 3, 4, 5, 6, 7, 8, 9, 10, 11, 12, 13, 14, 15, 16, 17, 18, 19]","[{'pst': (34, 12), 'tst': 5}, {'pst': (36, 9), 'tst': 5}, {'pst': (41, 11), 'tst': 4}, {'pst': (36, 10), 'tst': 3}, {'pst': (43, 19), 'tst': 1}, {'pst': (42, 13), 'tst': 1}, {'pst': (40, 11), 'tst': 1}, {'pst': (43, 17), 'tst': 0}]",0.5964324883889096,7.633865942322917
46,16,,"[0, 1, 2, 3, 4, 5, 6, 7, 8, 9, 10, 11, 12, 13, 14, 15, 16, 17, 18, 19]","[{'pst': (40, 16), 'tst': 5}, {'pst': (19, 6), 'tst': 4}, {'pst': (41, 11), 'tst': 3}, {'pst': (42, 2), 'tst': 1}, {'pst': (38, 3), 'tst': 1}, {'pst': (42, 13), 'tst': 1}, {'pst': (40, 11), 'tst': 1}, {'pst': (44, 11), 'tst': 0}]",0.6000950191861579,7.692681567267417
46,17,,"[0, 1, 2, 3, 4, 5, 6, 7, 8, 9, 10, 11, 12, 13, 14, 15, 16, 17, 18, 19]","[{'pst': (38, 18), 'tst': 5}, {'pst': (33, 14), 'tst': 4}, {'pst': (9, 16), 'tst': 3}, {'pst': (43, 17), 'tst': 2}, {'pst': (29, 13), 'tst': 2}, {'pst': (36, 10), 'tst': 1}, {'pst': (28, 0), 'tst': 0}, {'pst': (11, 13), 'tst': 0}]",0.5854807719824302,6.806893657724708
46,18,,"[0, 1, 2, 3, 4, 5, 6, 7, 8, 9, 10, 11, 12, 13, 14, 15, 16, 17, 18, 19]","[{'pst': (38, 0), 'tst': 5}, {'pst': (33, 14), 'tst': 4}, {'pst': (34, 7), 'tst': 2}, {'pst': (28, 0), 'tst': 1}, {'pst': (40, 0), 'tst': 1}, {'pst': (15, 7), 'tst': 1}, {'pst': (9, 16), 'tst': 0}, {'pst': (33, 6), 'tst': 0}]",0.6469964169197466,7.095177896131284
46,19,,"[0, 1, 2, 3, 4, 5, 6, 7, 8, 9, 10, 11, 12, 13, 14, 15, 16, 17, 18, 19]","[{'pst': (13, 8), 'tst': 5}, {'pst': (14, 16), 'tst': 4}, {'pst': (14, 13), 'tst': 3}, {'pst': (43, 19), 'tst': 2}, {'pst': (23, 2), 'tst': 1}, {'pst': (33, 13), 'tst': 1}, {'pst': (45, 3), 'tst': 0}, {'pst': (30, 12), 'tst': 0}]",0.5974507827343892,6.801064785935599
47,0,,"[0, 1, 2, 3, 4, 5, 6, 7, 8, 9, 10, 11, 12, 13, 14, 15, 16, 17, 18, 19]","[{'pst': (30, 3), 'tst': 5}, {'pst': (42, 2), 'tst': 4}, {'pst': (33, 14), 'tst': 3}, {'pst': (38, 18), 'tst': 2}, {'pst': (45, 5), 'tst': 1}, {'pst': (44, 11), 'tst': 1}, {'pst': (46, 0), 'tst': 0}]",0.47877621053283825,6.097490580765833
47,1,,"[0, 1, 2, 3, 4, 5, 6, 7, 8, 9, 10, 11, 12, 13, 14, 15, 16, 17, 18, 19]","[{'pst': (34, 12), 'tst': 5}, {'pst': (34, 3), 'tst': 4}, {'pst': (43, 19), 'tst': 3}, {'pst': (37, 3), 'tst': 2}, {'pst': (38, 0), 'tst': 1}, {'pst': (35, 5), 'tst': 1}, {'pst': (46, 1), 'tst': 0}, {'pst': (38, 18), 'tst': 0}]",0.603298643861497,7.817329918514567
47,2,,"[0, 1, 2, 3, 4, 5, 6, 7, 8, 9, 10, 11, 12, 13, 14, 15, 16, 17, 18, 19]","[{'pst': (9, 16), 'tst': 5}, {'pst': (34, 7), 'tst': 3}, {'pst': (29, 15), 'tst': 2}, {'pst': (29, 13), 'tst': 2}, {'pst': (40, 0), 'tst': 2}, {'pst': (33, 13), 'tst': 1}, {'pst': (46, 2), 'tst': 0}]",0.6353472685300992,6.880712244579642
47,3,,"[0, 1, 2, 3, 4, 5, 6, 7, 8, 9, 10, 11, 12, 13, 14, 15, 16, 17, 18, 19]","[{'pst': (25, 3), 'tst': 4}, {'pst': (38, 3), 'tst': 4}, {'pst': (38, 0), 'tst': 2}, {'pst': (35, 16), 'tst': 2}, {'pst': (45, 3), 'tst': 1}, {'pst': (37, 3), 'tst': 1}, {'pst': (14, 12), 'tst': 0}, {'pst': (41, 11), 'tst': 0}]",0.6281737510082646,6.816301006160481
47,4,"{'text': ""I don't think it's a good idea to legalize all drugs, but I do think it's a good idea to legalize marijuana.""}","[0, 1, 2, 3, 4, 5, 6, 7, 8, 9, 10, 11, 12, 13, 14, 15, 16, 17, 18, 19]","[{'pst': (32, 2), 'tst': 7}, {'pst': (35, 5), 'tst': 4}, {'pst': (34, 18), 'tst': 3}, {'pst': (30, 3), 'tst': 2}, {'pst': (29, 15), 'tst': 0}]",0.6288882441311775,7.621439405289036
47,5,,"[0, 1, 2, 3, 4, 5, 6, 7, 8, 9, 10, 11, 12, 13, 14, 15, 16, 17, 18, 19]","[{'pst': (40, 10), 'tst': 5}, {'pst': (38, 18), 'tst': 5}, {'pst': (23, 2), 'tst': 3}, {'pst': (44, 5), 'tst': 2}, {'pst': (42, 13), 'tst': 2}, {'pst': (45, 5), 'tst': 1}, {'pst': (46, 5), 'tst': 0}, {'pst': (33, 13), 'tst': 0}]",0.5869730431339416,7.4467967542349776
47,6,,"[0, 1, 2, 3, 4, 5, 6, 7, 8, 9, 10, 11, 12, 13, 14, 15, 16, 17, 18, 19]","[{'pst': (11, 13), 'tst': 5}, {'pst': (43, 6), 'tst': 3}, {'pst': (36, 10), 'tst': 3}, {'pst': (42, 13), 'tst': 2}, {'pst': (14, 13), 'tst': 1}, {'pst': (1, 12), 'tst': 1}, {'pst': (46, 6), 'tst': 0}, {'pst': (23, 2), 'tst': 0}]",0.5913365138421589,6.80721501822421
47,7,"{'text': 'If you want to legalize drugs, then you should also legalize prostitution.'}","[0, 1, 2, 3, 4, 5, 6, 7, 8, 9, 10, 11, 12, 13, 14, 15, 16, 17, 18, 19]","[{'pst': (40, 0), 'tst': 6}, {'pst': (35, 9), 'tst': 4}, {'pst': (43, 7), 'tst': 3}, {'pst': (44, 7), 'tst': 2}, {'pst': (25, 3), 'tst': 1}, {'pst': (45, 3), 'tst': 0}, {'pst': (43, 19), 'tst': 0}, {'pst': (33, 6), 'tst': 0}]",0.6442754518475392,6.888094143681689
47,8,,"[0, 1, 2, 3, 4, 5, 6, 7, 8, 9, 10, 11, 12, 13, 14, 15, 16, 17, 18, 19]","[{'pst': (34, 16), 'tst': 8}, {'pst': (36, 0), 'tst': 6}, {'pst': (4, 12), 'tst': 3}, {'pst': (40, 0), 'tst': 2}, {'pst': (15, 7), 'tst': 2}, {'pst': (1, 12), 'tst': 1}, {'pst': (44, 5), 'tst': 0}, {'pst': (29, 13), 'tst': 0}]",0.5826329050503244,6.589351698030213
47,9,,"[0, 1, 2, 3, 4, 5, 6, 7, 8, 9, 10, 11, 12, 13, 14, 15, 16, 17, 18, 19]","[{'pst': (38, 3), 'tst': 5}, {'pst': (20, 8), 'tst': 4}, {'pst': (34, 18), 'tst': 3}, {'pst': (28, 0), 'tst': 2}, {'pst': (11, 13), 'tst': 2}, {'pst': (34, 9), 'tst': 1}, {'pst': (40, 10), 'tst': 0}, {'pst': (30, 3), 'tst': 0}]",0.5896174092695681,8.100603600232276
47,10,,"[0, 1, 2, 3, 4, 5, 6, 7, 8, 9, 10, 11, 12, 13, 14, 15, 16, 17, 18, 19]","[{'pst': (35, 9), 'tst': 8}, {'pst': (37, 10), 'tst': 3}, {'pst': (33, 6), 'tst': 3}, {'pst': (13, 8), 'tst': 3}, {'pst': (43, 6), 'tst': 2}, {'pst': (15, 7), 'tst': 2}, {'pst': (43, 13), 'tst': 1}, {'pst': (38, 0), 'tst': 0}]",0.5947522438351468,7.018032459802462
47,11,,"[0, 1, 2, 3, 4, 5, 6, 7, 8, 9, 10, 11, 12, 13, 14, 15, 16, 17, 18, 19]","[{'pst': (41, 11), 'tst': 5}, {'pst': (35, 16), 'tst': 3}, {'pst': (44, 11), 'tst': 2}, {'pst': (44, 7), 'tst': 2}, {'pst': (29, 13), 'tst': 1}, {'pst': (28, 0), 'tst': 1}]",0.6165664057042716,6.87921523773427
47,12,"{'text': 'If you want to legalize drugs, then you should also legalize prostitution.'}","[0, 1, 2, 3, 4, 5, 6, 7, 8, 9, 10, 11, 12, 13, 14, 15, 16, 17, 18, 19]","[{'pst': (40, 12), 'tst': 6}, {'pst': (29, 13), 'tst': 4}, {'pst': (35, 1), 'tst': 3}, {'pst': (43, 7), 'tst': 2}, {'pst': (37, 10), 'tst': 1}, {'pst': (13, 8), 'tst': 1}, {'pst': (41, 8), 'tst': 0}, {'pst': (14, 16), 'tst': 0}]",0.6107292535979194,7.51825185425762
47,13,,"[0, 1, 2, 3, 4, 5, 6, 7, 8, 9, 10, 11, 12, 13, 14, 15, 16, 17, 18, 19]","[{'pst': (37, 3), 'tst': 6}, {'pst': (16, 14), 'tst': 5}, {'pst': (33, 13), 'tst': 3}, {'pst': (38, 18), 'tst': 2}, {'pst': (41, 8), 'tst': 1}, {'pst': (42, 4), 'tst': 1}, {'pst': (43, 6), 'tst': 0}, {'pst': (1, 12), 'tst': 0}]",0.5810530523792223,6.795309483741285
47,14,,"[0, 1, 2, 3, 4, 5, 6, 7, 8, 9, 10, 11, 12, 13, 14, 15, 16, 17, 18, 19]","[{'pst': (38, 3), 'tst': 5}, {'pst': (25, 3), 'tst': 3}, {'pst': (40, 16), 'tst': 3}, {'pst': (19, 6), 'tst': 2}, {'pst': (34, 3), 'tst': 2}]",0.6072365299970021,7.666429020011098
47,15,,"[0, 1, 2, 3, 4, 5, 6, 7, 8, 9, 10, 11, 12, 13, 14, 15, 16, 17, 18, 19]","[{'pst': (36, 9), 'tst': 6}, {'pst': (41, 11), 'tst': 5}, {'pst': (36, 10), 'tst': 4}, {'pst': (43, 19), 'tst': 2}, {'pst': (42, 13), 'tst': 2}, {'pst': (40, 11), 'tst': 2}, {'pst': (43, 17), 'tst': 1}, {'pst': (35, 5), 'tst': 0}]",0.5947971308809542,7.690536716420943
47,16,,"[0, 1, 2, 3, 4, 5, 6, 7, 8, 9, 10, 11, 12, 13, 14, 15, 16, 17, 18, 19]","[{'pst': (40, 16), 'tst': 6}, {'pst': (41, 11), 'tst': 4}, {'pst': (38, 3), 'tst': 2}, {'pst': (42, 13), 'tst': 2}, {'pst': (40, 11), 'tst': 2}, {'pst': (44, 11), 'tst': 1}, {'pst': (36, 10), 'tst': 0}, {'pst': (34, 9), 'tst': 0}]",0.6069083859970712,7.554686349036897
47,17,,"[0, 1, 2, 3, 4, 5, 6, 7, 8, 9, 10, 11, 12, 13, 14, 15, 16, 17, 18, 19]","[{'pst': (33, 14), 'tst': 5}, {'pst': (9, 16), 'tst': 4}, {'pst': (29, 13), 'tst': 3}, {'pst': (36, 10), 'tst': 2}, {'pst': (28, 0), 'tst': 1}, {'pst': (11, 13), 'tst': 1}, {'pst': (38, 18), 'tst': 0}, {'pst': (20, 8), 'tst': 0}]",0.58083830646622,7.133113078063221
47,18,,"[0, 1, 2, 3, 4, 5, 6, 7, 8, 9, 10, 11, 12, 13, 14, 15, 16, 17, 18, 19]","[{'pst': (38, 0), 'tst': 6}, {'pst': (33, 14), 'tst': 5}, {'pst': (28, 0), 'tst': 2}, {'pst': (40, 0), 'tst': 2}, {'pst': (15, 7), 'tst': 2}, {'pst': (9, 16), 'tst': 1}, {'pst': (33, 6), 'tst': 1}]",0.6294665917340516,8.20070614545801
47,19,"{'text': 'If you want to legalize drugs, then you should also legalize prostitution.'}","[0, 1, 2, 3, 4, 5, 6, 7, 8, 9, 10, 11, 12, 13, 14, 15, 16, 17, 18, 19]","[{'pst': (13, 8), 'tst': 6}, {'pst': (14, 16), 'tst': 5}, {'pst': (43, 19), 'tst': 3}, {'pst': (33, 13), 'tst': 2}, {'pst': (45, 3), 'tst': 1}, {'pst': (30, 12), 'tst': 1}, {'pst': (36, 10), 'tst': 0}, {'pst': (42, 13), 'tst': 0}]",0.608879518842549,6.700795959895712
48,0,,"[0, 1, 2, 3, 4, 5, 6, 7, 8, 9, 10, 11, 12, 13, 14, 15, 16, 17, 18, 19]","[{'pst': (30, 3), 'tst': 6}, {'pst': (33, 14), 'tst': 4}, {'pst': (38, 18), 'tst': 3}, {'pst': (45, 5), 'tst': 2}, {'pst': (44, 11), 'tst': 2}, {'pst': (46, 0), 'tst': 1}, {'pst': (43, 6), 'tst': 0}, {'pst': (33, 6), 'tst': 0}]",0.5111172128865427,6.666501117442382
48,1,"{'text': 'Legalizing drugs would not be the only option; there may still be a market of illegal drugs, for example if it is cheaper than the legal choice.'}","[0, 1, 2, 3, 4, 5, 6, 7, 8, 9, 10, 11, 12, 13, 14, 15, 16, 17, 18, 19]","[{'pst': (34, 3), 'tst': 5}, {'pst': (43, 19), 'tst': 4}, {'pst': (37, 3), 'tst': 3}, {'pst': (35, 5), 'tst': 2}, {'pst': (46, 1), 'tst': 1}, {'pst': (38, 18), 'tst': 1}, {'pst': (16, 14), 'tst': 0}, {'pst': (47, 12), 'tst': 0}]",0.5986321254736933,7.336501258985333
48,2,,"[0, 1, 2, 3, 4, 5, 6, 7, 8, 9, 10, 11, 12, 13, 14, 15, 16, 17, 18, 19]","[{'pst': (34, 7), 'tst': 4}, {'pst': (29, 15), 'tst': 3}, {'pst': (29, 13), 'tst': 3}, {'pst': (40, 0), 'tst': 3}, {'pst': (33, 13), 'tst': 2}, {'pst': (46, 2), 'tst': 1}, {'pst': (41, 11), 'tst': 0}, {'pst': (35, 9), 'tst': 0}]",0.629959251366442,6.817532034869359
48,3,,"[0, 1, 2, 3, 4, 5, 6, 7, 8, 9, 10, 11, 12, 13, 14, 15, 16, 17, 18, 19]","[{'pst': (38, 3), 'tst': 5}, {'pst': (35, 16), 'tst': 3}, {'pst': (45, 3), 'tst': 2}, {'pst': (37, 3), 'tst': 2}, {'pst': (14, 12), 'tst': 1}, {'pst': (41, 11), 'tst': 1}, {'pst': (34, 9), 'tst': 0}, {'pst': (33, 6), 'tst': 0}]",0.6272210413764352,7.2434420387018825
48,4,,"[0, 1, 2, 3, 4, 5, 6, 7, 8, 9, 10, 11, 12, 13, 14, 15, 16, 17, 18, 19]","[{'pst': (34, 18), 'tst': 4}, {'pst': (30, 3), 'tst': 3}, {'pst': (29, 15), 'tst': 1}, {'pst': (47, 4), 'tst': 0}, {'pst': (43, 19), 'tst': 0}, {'pst': (38, 18), 'tst': 0}, {'pst': (20, 8), 'tst': 0}, {'pst': (4, 12), 'tst': 0}]",0.627234429546698,7.319403221170733
48,5,,"[0, 1, 2, 3, 4, 5, 6, 7, 8, 9, 10, 11, 12, 13, 14, 15, 16, 17, 18, 19]","[{'pst': (40, 10), 'tst': 6}, {'pst': (23, 2), 'tst': 4}, {'pst': (44, 5), 'tst': 3}, {'pst': (42, 13), 'tst': 3}, {'pst': (45, 5), 'tst': 2}, {'pst': (46, 5), 'tst': 1}, {'pst': (33, 13), 'tst': 1}, {'pst': (47, 19), 'tst': 0}]",0.5953574210826224,7.508224449897318
48,6,,"[0, 1, 2, 3, 4, 5, 6, 7, 8, 9, 10, 11, 12, 13, 14, 15, 16, 17, 18, 19]","[{'pst': (43, 6), 'tst': 4}, {'pst': (42, 13), 'tst': 3}, {'pst': (14, 13), 'tst': 2}, {'pst': (1, 12), 'tst': 2}, {'pst': (46, 6), 'tst': 1}, {'pst': (23, 2), 'tst': 1}, {'pst': (43, 19), 'tst': 0}, {'pst': (11, 13), 'tst': 0}]",0.6014193527575836,6.9073474666699735
48,7,,"[0, 1, 2, 3, 4, 5, 6, 7, 8, 9, 10, 11, 12, 13, 14, 15, 16, 17, 18, 19]","[{'pst': (43, 7), 'tst': 4}, {'pst': (44, 7), 'tst': 3}, {'pst': (25, 3), 'tst': 2}, {'pst': (45, 3), 'tst': 1}, {'pst': (43, 19), 'tst': 1}, {'pst': (33, 6), 'tst': 1}, {'pst': (47, 7), 'tst': 0}, {'pst': (41, 11), 'tst': 0}]",0.6428683816287761,6.921586438195904
48,8,,"[0, 1, 2, 3, 4, 5, 6, 7, 8, 9, 10, 11, 12, 13, 14, 15, 16, 17, 18, 19]","[{'pst': (36, 0), 'tst': 7}, {'pst': (4, 12), 'tst': 4}, {'pst': (15, 7), 'tst': 3}, {'pst': (1, 12), 'tst': 2}, {'pst': (44, 5), 'tst': 1}, {'pst': (29, 13), 'tst': 1}, {'pst': (45, 5), 'tst': 0}, {'pst': (33, 6), 'tst': 0}]",0.6161949239768721,6.915168076649351
48,9,"{'text': 'If you want to legalize drugs, then you should also legalize prostitution.'}","[0, 1, 2, 3, 4, 5, 6, 7, 8, 9, 10, 11, 12, 13, 14, 15, 16, 17, 18, 19]","[{'pst': (20, 8), 'tst': 5}, {'pst': (34, 18), 'tst': 4}, {'pst': (28, 0), 'tst': 3}, {'pst': (11, 13), 'tst': 3}, {'pst': (34, 9), 'tst': 2}, {'pst': (40, 10), 'tst': 1}, {'pst': (30, 3), 'tst': 1}, {'pst': (40, 0), 'tst': 0}]",0.5858538506856049,8.187446003237605
48,10,,"[0, 1, 2, 3, 4, 5, 6, 7, 8, 9, 10, 11, 12, 13, 14, 15, 16, 17, 18, 19]","[{'pst': (37, 10), 'tst': 4}, {'pst': (33, 6), 'tst': 4}, {'pst': (43, 6), 'tst': 3}, {'pst': (15, 7), 'tst': 3}, {'pst': (43, 13), 'tst': 2}, {'pst': (38, 0), 'tst': 1}, {'pst': (23, 2), 'tst': 0}, {'pst': (46, 6), 'tst': 0}]",0.6032761224496938,7.703532234691265
48,11,"{'text': 'If you want to legalize drugs, then you should also legalize prostitution.'}","[0, 1, 2, 3, 4, 5, 6, 7, 8, 9, 10, 11, 12, 13, 14, 15, 16, 17, 18, 19]","[{'pst': (35, 16), 'tst': 4}, {'pst': (44, 11), 'tst': 3}, {'pst': (29, 13), 'tst': 2}, {'pst': (28, 0), 'tst': 2}, {'pst': (43, 7), 'tst': 0}, {'pst': (30, 12), 'tst': 0}, {'pst': (23, 2), 'tst': 0}, {'pst': (43, 17), 'tst': 0}]",0.6192759539738322,6.674109365447703
48,12,"{'text': 'If you want to legalize drugs, then you should also legalize prostitution.'}","[0, 1, 2, 3, 4, 5, 6, 7, 8, 9, 10, 11, 12, 13, 14, 15, 16, 17, 18, 19]","[{'pst': (35, 1), 'tst': 4}, {'pst': (43, 7), 'tst': 3}, {'pst': (37, 10), 'tst': 2}, {'pst': (13, 8), 'tst': 2}, {'pst': (41, 8), 'tst': 1}, {'pst': (14, 16), 'tst': 1}, {'pst': (47, 12), 'tst': 0}, {'pst': (15, 7), 'tst': 0}]",0.6183422381310244,7.209319910203752
48,13,,"[0, 1, 2, 3, 4, 5, 6, 7, 8, 9, 10, 11, 12, 13, 14, 15, 16, 17, 18, 19]","[{'pst': (37, 3), 'tst': 7}, {'pst': (38, 18), 'tst': 3}, {'pst': (41, 8), 'tst': 2}, {'pst': (42, 4), 'tst': 2}, {'pst': (43, 6), 'tst': 1}, {'pst': (1, 12), 'tst': 1}, {'pst': (40, 16), 'tst': 0}, {'pst': (36, 10), 'tst': 0}]",0.5893298011043426,7.104683122217749
48,14,,"[0, 1, 2, 3, 4, 5, 6, 7, 8, 9, 10, 11, 12, 13, 14, 15, 16, 17, 18, 19]","[{'pst': (40, 16), 'tst': 4}, {'pst': (19, 6), 'tst': 3}, {'pst': (34, 3), 'tst': 3}, {'pst': (44, 7), 'tst': 0}, {'pst': (47, 19), 'tst': 0}, {'pst': (30, 12), 'tst': 0}, {'pst': (32, 2), 'tst': 0}, {'pst': (4, 12), 'tst': 0}]",0.604010515253203,6.403662729942676
48,15,,"[0, 1, 2, 3, 4, 5, 6, 7, 8, 9, 10, 11, 12, 13, 14, 15, 16, 17, 18, 19]","[{'pst': (36, 10), 'tst': 5}, {'pst': (43, 19), 'tst': 3}, {'pst': (42, 13), 'tst': 3}, {'pst': (40, 11), 'tst': 3}, {'pst': (43, 17), 'tst': 2}, {'pst': (35, 5), 'tst': 1}, {'pst': (40, 10), 'tst': 0}, {'pst': (11, 13), 'tst': 0}]",0.5835517685883894,6.949803878895471
48,16,,"[0, 1, 2, 3, 4, 5, 6, 7, 8, 9, 10, 11, 12, 13, 14, 15, 16, 17, 18, 19]","[{'pst': (41, 11), 'tst': 5}, {'pst': (38, 3), 'tst': 3}, {'pst': (42, 13), 'tst': 3}, {'pst': (40, 11), 'tst': 3}, {'pst': (36, 10), 'tst': 1}, {'pst': (34, 9), 'tst': 1}, {'pst': (37, 10), 'tst': 0}, {'pst': (43, 6), 'tst': 0}]",0.5884753373266667,7.7678832683852015
48,17,,"[0, 1, 2, 3, 4, 5, 6, 7, 8, 9, 10, 11, 12, 13, 14, 15, 16, 17, 18, 19]","[{'pst': (33, 14), 'tst': 6}, {'pst': (36, 10), 'tst': 3}, {'pst': (28, 0), 'tst': 2}, {'pst': (11, 13), 'tst': 2}, {'pst': (38, 18), 'tst': 1}, {'pst': (20, 8), 'tst': 1}, {'pst': (30, 12), 'tst': 0}, {'pst': (15, 7), 'tst': 0}]",0.6057930821258759,7.493889215341529
48,18,,"[0, 1, 2, 3, 4, 5, 6, 7, 8, 9, 10, 11, 12, 13, 14, 15, 16, 17, 18, 19]","[{'pst': (33, 14), 'tst': 6}, {'pst': (40, 0), 'tst': 3}, {'pst': (15, 7), 'tst': 3}, {'pst': (9, 16), 'tst': 2}, {'pst': (33, 6), 'tst': 2}, {'pst': (30, 3), 'tst': 0}, {'pst': (43, 7), 'tst': 0}, {'pst': (44, 11), 'tst': 0}]",0.6410820828462458,8.027163507154082
48,19,,"[0, 1, 2, 3, 4, 5, 6, 7, 8, 9, 10, 11, 12, 13, 14, 15, 16, 17, 18, 19]","[{'pst': (43, 19), 'tst': 4}, {'pst': (33, 13), 'tst': 3}, {'pst': (45, 3), 'tst': 2}, {'pst': (30, 12), 'tst': 2}, {'pst': (36, 10), 'tst': 1}, {'pst': (42, 13), 'tst': 1}, {'pst': (47, 19), 'tst': 0}, {'pst': (38, 3), 'tst': 0}]",0.6013853124811299,7.731346544809544
49,0,,"[0, 1, 2, 3, 4, 5, 6, 7, 8, 9, 10, 11, 12, 13, 14, 15, 16, 17, 18, 19]","[{'pst': (38, 18), 'tst': 4}, {'pst': (45, 5), 'tst': 3}, {'pst': (44, 11), 'tst': 3}, {'pst': (46, 0), 'tst': 2}, {'pst': (43, 6), 'tst': 1}, {'pst': (33, 6), 'tst': 1}, {'pst': (14, 13), 'tst': 0}, {'pst': (46, 6), 'tst': 0}]",0.5386481818041787,6.841021904841277
49,1,,"[0, 1, 2, 3, 4, 5, 6, 7, 8, 9, 10, 11, 12, 13, 14, 15, 16, 17, 18, 19]","[{'pst': (37, 3), 'tst': 4}, {'pst': (35, 5), 'tst': 3}, {'pst': (46, 1), 'tst': 2}, {'pst': (38, 18), 'tst': 2}, {'pst': (16, 14), 'tst': 1}, {'pst': (47, 12), 'tst': 1}, {'pst': (48, 1), 'tst': 0}, {'pst': (29, 13), 'tst': 0}]",0.5995093862628734,7.587852384816642
49,2,,"[0, 1, 2, 3, 4, 5, 6, 7, 8, 9, 10, 11, 12, 13, 14, 15, 16, 17, 18, 19]","[{'pst': (34, 7), 'tst': 5}, {'pst': (29, 15), 'tst': 4}, {'pst': (29, 13), 'tst': 4}, {'pst': (46, 2), 'tst': 2}, {'pst': (41, 11), 'tst': 1}, {'pst': (35, 9), 'tst': 1}, {'pst': (44, 7), 'tst': 0}, {'pst': (43, 17), 'tst': 0}]",0.6366034963849625,6.719959219183245
49,3,"{'text': 'If you want to legalize drugs, then you should also legalize prostitution.'}","[0, 1, 2, 3, 4, 5, 6, 7, 8, 9, 10, 11, 12, 13, 14, 15, 16, 17, 18, 19]","[{'pst': (45, 3), 'tst': 3}, {'pst': (37, 3), 'tst': 3}, {'pst': (14, 12), 'tst': 2}, {'pst': (41, 11), 'tst': 2}, {'pst': (34, 9), 'tst': 1}, {'pst': (33, 6), 'tst': 1}, {'pst': (47, 4), 'tst': 0}, {'pst': (14, 16), 'tst': 0}]",0.6598117721429666,6.899080998050645
49,4,"{'text': 'If you want to legalize drugs, then you should also legalize prostitution.'}","[0, 1, 2, 3, 4, 5, 6, 7, 8, 9, 10, 11, 12, 13, 14, 15, 16, 17, 18, 19]","[{'pst': (30, 3), 'tst': 4}, {'pst': (47, 4), 'tst': 1}, {'pst': (43, 19), 'tst': 1}, {'pst': (38, 18), 'tst': 1}, {'pst': (20, 8), 'tst': 1}, {'pst': (4, 12), 'tst': 1}, {'pst': (40, 10), 'tst': 0}, {'pst': (46, 5), 'tst': 0}]",0.6339122541027025,6.6220620983112735
49,5,"{'text': 'If you want to legalize drugs, then you should also legalize prostitution.'}","[0, 1, 2, 3, 4, 5, 6, 7, 8, 9, 10, 11, 12, 13, 14, 15, 16, 17, 18, 19]","[{'pst': (23, 2), 'tst': 5}, {'pst': (44, 5), 'tst': 4}, {'pst': (45, 5), 'tst': 3}, {'pst': (46, 5), 'tst': 2}, {'pst': (33, 13), 'tst': 2}, {'pst': (47, 19), 'tst': 1}, {'pst': (14, 12), 'tst': 0}, {'pst': (48, 12), 'tst': 0}]",0.6102987677983012,7.722766272219334
49,6,,"[0, 1, 2, 3, 4, 5, 6, 7, 8, 9, 10, 11, 12, 13, 14, 15, 16, 17, 18, 19]","[{'pst': (43, 6), 'tst': 5}, {'pst': (14, 13), 'tst': 3}, {'pst': (46, 6), 'tst': 2}, {'pst': (23, 2), 'tst': 2}, {'pst': (43, 19), 'tst': 1}, {'pst': (11, 13), 'tst': 1}, {'pst': (40, 11), 'tst': 0}, {'pst': (48, 11), 'tst': 0}]",0.5898096406803293,7.380396616154929
49,7,,"[0, 1, 2, 3, 4, 5, 6, 7, 8, 9, 10, 11, 12, 13, 14, 15, 16, 17, 18, 19]","[{'pst': (43, 7), 'tst': 5}, {'pst': (44, 7), 'tst': 4}, {'pst': (45, 3), 'tst': 2}, {'pst': (43, 19), 'tst': 2}, {'pst': (33, 6), 'tst': 2}, {'pst': (47, 7), 'tst': 1}, {'pst': (41, 11), 'tst': 1}, {'pst': (42, 4), 'tst': 0}]",0.6192176304325367,7.997772660168797
49,8,,"[0, 1, 2, 3, 4, 5, 6, 7, 8, 9, 10, 11, 12, 13, 14, 15, 16, 17, 18, 19]","[{'pst': (15, 7), 'tst': 4}, {'pst': (1, 12), 'tst': 3}, {'pst': (44, 5), 'tst': 2}, {'pst': (29, 13), 'tst': 2}, {'pst': (45, 5), 'tst': 1}, {'pst': (33, 6), 'tst': 1}, {'pst': (34, 9), 'tst': 0}, {'pst': (23, 2), 'tst': 0}]",0.6084599944595166,6.9728625377481155
49,9,"{'text': ""I don't think it's a good idea to legalize all drugs, but I do think it's a good idea to legalize marijuana.""}","[0, 1, 2, 3, 4, 5, 6, 7, 8, 9, 10, 11, 12, 13, 14, 15, 16, 17, 18, 19]","[{'pst': (20, 8), 'tst': 6}, {'pst': (11, 13), 'tst': 4}, {'pst': (34, 9), 'tst': 3}, {'pst': (40, 10), 'tst': 2}, {'pst': (30, 3), 'tst': 2}, {'pst': (40, 0), 'tst': 1}, {'pst': (48, 9), 'tst': 0}, {'pst': (25, 3), 'tst': 0}]",0.6178067873909022,6.45927619215268
49,10,,"[0, 1, 2, 3, 4, 5, 6, 7, 8, 9, 10, 11, 12, 13, 14, 15, 16, 17, 18, 19]","[{'pst': (33, 6), 'tst': 5}, {'pst': (43, 6), 'tst': 4}, {'pst': (15, 7), 'tst': 4}, {'pst': (38, 0), 'tst': 2}, {'pst': (23, 2), 'tst': 1}, {'pst': (46, 6), 'tst': 1}, {'pst': (34, 3), 'tst': 0}, {'pst': (41, 8), 'tst': 0}]",0.6080349341091343,7.721333271638548
49,11,,"[0, 1, 2, 3, 4, 5, 6, 7, 8, 9, 10, 11, 12, 13, 14, 15, 16, 17, 18, 19]","[{'pst': (35, 16), 'tst': 5}, {'pst': (29, 13), 'tst': 3}, {'pst': (43, 7), 'tst': 1}, {'pst': (30, 12), 'tst': 1}, {'pst': (23, 2), 'tst': 1}, {'pst': (43, 17), 'tst': 1}, {'pst': (48, 11), 'tst': 0}, {'pst': (42, 13), 'tst': 0}]",0.6200358166118751,6.677514445927018
49,12,,"[0, 1, 2, 3, 4, 5, 6, 7, 8, 9, 10, 11, 12, 13, 14, 15, 16, 17, 18, 19]","[{'pst': (43, 7), 'tst': 4}, {'pst': (13, 8), 'tst': 3}, {'pst': (41, 8), 'tst': 2}, {'pst': (14, 16), 'tst': 2}, {'pst': (47, 12), 'tst': 1}, {'pst': (15, 7), 'tst': 1}, {'pst': (48, 12), 'tst': 0}, {'pst': (41, 11), 'tst': 0}]",0.6100764628911636,7.076181662202447
49,13,,"[0, 1, 2, 3, 4, 5, 6, 7, 8, 9, 10, 11, 12, 13, 14, 15, 16, 17, 18, 19]","[{'pst': (41, 8), 'tst': 3}, {'pst': (42, 4), 'tst': 3}, {'pst': (43, 6), 'tst': 2}, {'pst': (1, 12), 'tst': 2}, {'pst': (40, 16), 'tst': 1}, {'pst': (36, 10), 'tst': 1}, {'pst': (44, 5), 'tst': 0}, {'pst': (46, 2), 'tst': 0}]",0.5955280497291501,7.118819702313038
49,14,,"[0, 1, 2, 3, 4, 5, 6, 7, 8, 9, 10, 11, 12, 13, 14, 15, 16, 17, 18, 19]","[{'pst': (34, 3), 'tst': 4}, {'pst': (44, 7), 'tst': 1}, {'pst': (47, 19), 'tst': 1}, {'pst': (30, 12), 'tst': 1}, {'pst': (32, 2), 'tst': 1}, {'pst': (4, 12), 'tst': 1}]",0.6122797147953779,6.12148630996175
49,15,,"[0, 1, 2, 3, 4, 5, 6, 7, 8, 9, 10, 11, 12, 13, 14, 15, 16, 17, 18, 19]","[{'pst': (43, 19), 'tst': 4}, {'pst': (42, 13), 'tst': 4}, {'pst': (40, 11), 'tst': 4}, {'pst': (43, 17), 'tst': 3}, {'pst': (35, 5), 'tst': 2}, {'pst': (40, 10), 'tst': 1}, {'pst': (11, 13), 'tst': 1}, {'pst': (48, 1), 'tst': 0}]",0.5783679693883395,7.53106013901669
49,16,,"[0, 1, 2, 3, 4, 5, 6, 7, 8, 9, 10, 11, 12, 13, 14, 15, 16, 17, 18, 19]","[{'pst': (41, 11), 'tst': 6}, {'pst': (40, 11), 'tst': 4}, {'pst': (36, 10), 'tst': 2}, {'pst': (34, 9), 'tst': 2}, {'pst': (37, 10), 'tst': 1}, {'pst': (43, 6), 'tst': 1}, {'pst': (35, 1), 'tst': 0}, {'pst': (40, 0), 'tst': 0}]",0.5996322303684655,7.721037494243746
49,17,,"[0, 1, 2, 3, 4, 5, 6, 7, 8, 9, 10, 11, 12, 13, 14, 15, 16, 17, 18, 19]","[{'pst': (33, 14), 'tst': 7}, {'pst': (28, 0), 'tst': 3}, {'pst': (38, 18), 'tst': 2}, {'pst': (20, 8), 'tst': 2}, {'pst': (30, 12), 'tst': 1}, {'pst': (15, 7), 'tst': 1}, {'pst': (47, 7), 'tst': 0}, {'pst': (41, 11), 'tst': 0}]",0.6201536311140574,8.09916700805
49,18,"{'text': ""I don't think it's a good idea to legalize all drugs, but I do think it's a good idea to legalize marijuana.""}","[0, 1, 2, 3, 4, 5, 6, 7, 8, 9, 10, 11, 12, 13, 14, 15, 16, 17, 18, 19]","[{'pst': (40, 0), 'tst': 4}, {'pst': (15, 7), 'tst': 4}, {'pst': (9, 16), 'tst': 3}, {'pst': (30, 3), 'tst': 1}, {'pst': (43, 7), 'tst': 1}, {'pst': (44, 11), 'tst': 1}, {'pst': (34, 7), 'tst': 0}]",0.6470423367035092,6.48012156351341
49,19,,"[0, 1, 2, 3, 4, 5, 6, 7, 8, 9, 10, 11, 12, 13, 14, 15, 16, 17, 18, 19]","[{'pst': (43, 19), 'tst': 5}, {'pst': (33, 13), 'tst': 4}, {'pst': (36, 10), 'tst': 2}, {'pst': (42, 13), 'tst': 2}, {'pst': (47, 19), 'tst': 1}, {'pst': (38, 3), 'tst': 1}, {'pst': (47, 7), 'tst': 0}, {'pst': (46, 5), 'tst': 0}]",0.60105535587098,7.742755732530279
50,0,"{'text': 'If you want to legalize drugs, then you should also legalize prostitution.'}","[0, 1, 2, 3, 4, 5, 6, 7, 8, 9, 10, 11, 12, 13, 14, 15, 16, 17, 18, 19]","[{'pst': (38, 18), 'tst': 5}, {'pst': (45, 5), 'tst': 4}, {'pst': (43, 6), 'tst': 2}, {'pst': (33, 6), 'tst': 2}, {'pst': (14, 13), 'tst': 1}, {'pst': (46, 6), 'tst': 1}, {'pst': (47, 7), 'tst': 0}, {'pst': (29, 13), 'tst': 0}]",0.5863852280720961,7.467227668131651
50,1,,"[0, 1, 2, 3, 4, 5, 6, 7, 8, 9, 10, 11, 12, 13, 14, 15, 16, 17, 18, 19]","[{'pst': (46, 1), 'tst': 3}, {'pst': (38, 18), 'tst': 3}, {'pst': (16, 14), 'tst': 2}, {'pst': (47, 12), 'tst': 2}, {'pst': (48, 1), 'tst': 1}, {'pst': (29, 13), 'tst': 1}, {'pst': (44, 5), 'tst': 0}, {'pst': (49, 5), 'tst': 0}]",0.6131521376716265,7.532715218187443
50,2,,"[0, 1, 2, 3, 4, 5, 6, 7, 8, 9, 10, 11, 12, 13, 14, 15, 16, 17, 18, 19]","[{'pst': (34, 7), 'tst': 6}, {'pst': (29, 13), 'tst': 5}, {'pst': (41, 11), 'tst': 2}, {'pst': (35, 9), 'tst': 2}, {'pst': (44, 7), 'tst': 1}, {'pst': (43, 17), 'tst': 1}, {'pst': (47, 7), 'tst': 0}, {'pst': (38, 0), 'tst': 0}]",0.6200358166118751,6.677514445927018
50,3,"{'text': 'If you want to legalize drugs, then you should also legalize prostitution.'}","[0, 1, 2, 3, 4, 5, 6, 7, 8, 9, 10, 11, 12, 13, 14, 15, 16, 17, 18, 19]","[{'pst': (45, 3), 'tst': 4}, {'pst': (41, 11), 'tst': 3}, {'pst': (34, 9), 'tst': 2}, {'pst': (33, 6), 'tst': 2}, {'pst': (47, 4), 'tst': 1}, {'pst': (14, 16), 'tst': 1}, {'pst': (49, 3), 'tst': 0}, {'pst': (44, 11), 'tst': 0}]",0.6503796016851972,7.063879153839503
50,4,,"[0, 1, 2, 3, 4, 5, 6, 7, 8, 9, 10, 11, 12, 13, 14, 15, 16, 17, 18, 19]","[{'pst': (43, 19), 'tst': 2}, {'pst': (38, 18), 'tst': 2}, {'pst': (20, 8), 'tst': 2}, {'pst': (4, 12), 'tst': 2}, {'pst': (40, 10), 'tst': 1}, {'pst': (46, 5), 'tst': 1}, {'pst': (49, 4), 'tst': 0}]",0.6085045947110226,7.294714435108486
50,5,,"[0, 1, 2, 3, 4, 5, 6, 7, 8, 9, 10, 11, 12, 13, 14, 15, 16, 17, 18, 19]","[{'pst': (44, 5), 'tst': 5}, {'pst': (45, 5), 'tst': 4}, {'pst': (33, 13), 'tst': 3}, {'pst': (47, 19), 'tst': 2}, {'pst': (14, 12), 'tst': 1}, {'pst': (48, 12), 'tst': 1}, {'pst': (49, 5), 'tst': 0}, {'pst': (44, 11), 'tst': 0}]",0.6097220629744451,7.545989547777653
50,6,,"[0, 1, 2, 3, 4, 5, 6, 7, 8, 9, 10, 11, 12, 13, 14, 15, 16, 17, 18, 19]","[{'pst': (14, 13), 'tst': 4}, {'pst': (23, 2), 'tst': 3}, {'pst': (43, 19), 'tst': 2}, {'pst': (11, 13), 'tst': 2}, {'pst': (40, 11), 'tst': 1}, {'pst': (48, 11), 'tst': 1}, {'pst': (33, 14), 'tst': 0}, {'pst': (32, 2), 'tst': 0}]",0.6276638741755065,6.086443263504758
50,7,,"[0, 1, 2, 3, 4, 5, 6, 7, 8, 9, 10, 11, 12, 13, 14, 15, 16, 17, 18, 19]","[{'pst': (44, 7), 'tst': 5}, {'pst': (45, 3), 'tst': 3}, {'pst': (33, 6), 'tst': 3}, {'pst': (47, 7), 'tst': 2}, {'pst': (41, 11), 'tst': 2}, {'pst': (42, 4), 'tst': 1}, {'pst': (45, 5), 'tst': 0}, {'pst': (46, 6), 'tst': 0}]",0.6206624873192772,7.922928959510143
50,8,,"[0, 1, 2, 3, 4, 5, 6, 7, 8, 9, 10, 11, 12, 13, 14, 15, 16, 17, 18, 19]","[{'pst': (15, 7), 'tst': 5}, {'pst': (1, 12), 'tst': 4}, {'pst': (44, 5), 'tst': 3}, {'pst': (45, 5), 'tst': 2}, {'pst': (34, 9), 'tst': 1}, {'pst': (23, 2), 'tst': 1}, {'pst': (16, 14), 'tst': 0}, {'pst': (20, 8), 'tst': 0}]",0.6031758407560943,6.3863240783561785
50,9,,"[0, 1, 2, 3, 4, 5, 6, 7, 8, 9, 10, 11, 12, 13, 14, 15, 16, 17, 18, 19]","[{'pst': (20, 8), 'tst': 7}, {'pst': (40, 10), 'tst': 3}, {'pst': (30, 3), 'tst': 3}, {'pst': (40, 0), 'tst': 2}, {'pst': (48, 9), 'tst': 1}, {'pst': (25, 3), 'tst': 1}, {'pst': (49, 9), 'tst': 0}]",0.6247578522581303,6.46387733386169
50,10,,"[0, 1, 2, 3, 4, 5, 6, 7, 8, 9, 10, 11, 12, 13, 14, 15, 16, 17, 18, 19]","[{'pst': (33, 6), 'tst': 6}, {'pst': (15, 7), 'tst': 5}, {'pst': (38, 0), 'tst': 3}, {'pst': (23, 2), 'tst': 2}, {'pst': (34, 3), 'tst': 1}, {'pst': (41, 8), 'tst': 1}, {'pst': (48, 1), 'tst': 0}, {'pst': (14, 16), 'tst': 0}]",0.6137404092111105,8.56455200826744
50,11,,"[0, 1, 2, 3, 4, 5, 6, 7, 8, 9, 10, 11, 12, 13, 14, 15, 16, 17, 18, 19]","[{'pst': (29, 13), 'tst': 4}, {'pst': (43, 7), 'tst': 2}, {'pst': (30, 12), 'tst': 2}, {'pst': (43, 17), 'tst': 2}, {'pst': (48, 11), 'tst': 1}, {'pst': (42, 13), 'tst': 1}, {'pst': (33, 14), 'tst': 0}]",0.6218065798759344,8.411671317465128
50,12,,"[0, 1, 2, 3, 4, 5, 6, 7, 8, 9, 10, 11, 12, 13, 14, 15, 16, 17, 18, 19]","[{'pst': (43, 7), 'tst': 5}, {'pst': (14, 16), 'tst': 3}, {'pst': (47, 12), 'tst': 2}, {'pst': (15, 7), 'tst': 2}, {'pst': (48, 12), 'tst': 1}, {'pst': (41, 11), 'tst': 1}, {'pst': (49, 3), 'tst': 0}, {'pst': (13, 8), 'tst': 0}]",0.5850307884428751,6.606240909089297
50,13,"{'text': 'If you want to legalize drugs, then you should also legalize prostitution.'}","[0, 1, 2, 3, 4, 5, 6, 7, 8, 9, 10, 11, 12, 13, 14, 15, 16, 17, 18, 19]","[{'pst': (42, 4), 'tst': 4}, {'pst': (1, 12), 'tst': 3}, {'pst': (40, 16), 'tst': 2}, {'pst': (36, 10), 'tst': 2}, {'pst': (44, 5), 'tst': 1}, {'pst': (46, 2), 'tst': 1}, {'pst': (38, 18), 'tst': 0}, {'pst': (48, 12), 'tst': 0}]",0.5981813392651895,6.949154415112151
50,14,,"[0, 1, 2, 3, 4, 5, 6, 7, 8, 9, 10, 11, 12, 13, 14, 15, 16, 17, 18, 19]","[{'pst': (34, 3), 'tst': 5}, {'pst': (44, 7), 'tst': 2}, {'pst': (47, 19), 'tst': 2}, {'pst': (32, 2), 'tst': 2}, {'pst': (14, 13), 'tst': 0}, {'pst': (46, 0), 'tst': 0}, {'pst': (13, 8), 'tst': 0}]",0.5839287901385607,5.952900689415599
50,15,"{'text': 'If you want to legalize drugs, then you should also legalize prostitution.'}","[0, 1, 2, 3, 4, 5, 6, 7, 8, 9, 10, 11, 12, 13, 14, 15, 16, 17, 18, 19]","[{'pst': (43, 19), 'tst': 5}, {'pst': (42, 13), 'tst': 5}, {'pst': (40, 11), 'tst': 5}, {'pst': (43, 17), 'tst': 4}, {'pst': (11, 13), 'tst': 2}, {'pst': (48, 1), 'tst': 1}, {'pst': (35, 1), 'tst': 0}, {'pst': (4, 12), 'tst': 0}]",0.5709186442580592,7.067164446994298
50,16,,"[0, 1, 2, 3, 4, 5, 6, 7, 8, 9, 10, 11, 12, 13, 14, 15, 16, 17, 18, 19]","[{'pst': (40, 11), 'tst': 5}, {'pst': (36, 10), 'tst': 3}, {'pst': (37, 10), 'tst': 2}, {'pst': (43, 6), 'tst': 2}, {'pst': (35, 1), 'tst': 1}, {'pst': (40, 0), 'tst': 1}, {'pst': (48, 1), 'tst': 0}, {'pst': (41, 8), 'tst': 0}]",0.6006000413287383,7.854453762001727
50,17,,"[0, 1, 2, 3, 4, 5, 6, 7, 8, 9, 10, 11, 12, 13, 14, 15, 16, 17, 18, 19]","[{'pst': (33, 14), 'tst': 8}, {'pst': (38, 18), 'tst': 3}, {'pst': (20, 8), 'tst': 3}, {'pst': (30, 12), 'tst': 2}, {'pst': (15, 7), 'tst': 2}, {'pst': (47, 7), 'tst': 1}, {'pst': (41, 11), 'tst': 1}]",0.6247794363047268,8.1069406733791
50,18,,"[0, 1, 2, 3, 4, 5, 6, 7, 8, 9, 10, 11, 12, 13, 14, 15, 16, 17, 18, 19]","[{'pst': (40, 0), 'tst': 5}, {'pst': (9, 16), 'tst': 4}, {'pst': (30, 3), 'tst': 2}, {'pst': (43, 7), 'tst': 2}, {'pst': (44, 11), 'tst': 2}, {'pst': (34, 7), 'tst': 1}, {'pst': (49, 18), 'tst': 0}, {'pst': (33, 6), 'tst': 0}]",0.6481685981721466,6.659276506892728
50,19,,"[0, 1, 2, 3, 4, 5, 6, 7, 8, 9, 10, 11, 12, 13, 14, 15, 16, 17, 18, 19]","[{'pst': (43, 19), 'tst': 6}, {'pst': (42, 13), 'tst': 3}, {'pst': (47, 19), 'tst': 2}, {'pst': (38, 3), 'tst': 2}, {'pst': (47, 7), 'tst': 1}, {'pst': (46, 5), 'tst': 1}, {'pst': (16, 14), 'tst': 0}, {'pst': (49, 5), 'tst': 0}]",0.6200940983530696,7.394236026597465
51,0,,"[0, 1, 2, 3, 4, 5, 6, 7, 8, 9, 10, 11, 12, 13, 14, 15, 16, 17, 18, 19]","[{'pst': (45, 5), 'tst': 5}, {'pst': (43, 6), 'tst': 3}, {'pst': (14, 13), 'tst': 2}, {'pst': (46, 6), 'tst': 2}, {'pst': (47, 7), 'tst': 1}, {'pst': (29, 13), 'tst': 1}, {'pst': (50, 0), 'tst': 0}, {'pst': (4, 12), 'tst': 0}]",0.5785685175074258,6.78546953078145
51,1,,"[0, 1, 2, 3, 4, 5, 6, 7, 8, 9, 10, 11, 12, 13, 14, 15, 16, 17, 18, 19]","[{'pst': (38, 18), 'tst': 4}, {'pst': (16, 14), 'tst': 3}, {'pst': (48, 1), 'tst': 2}, {'pst': (29, 13), 'tst': 2}, {'pst': (44, 5), 'tst': 1}, {'pst': (49, 5), 'tst': 1}, {'pst': (35, 1), 'tst': 0}, {'pst': (4, 12), 'tst': 0}]",0.5897484025689876,6.863635606471196
51,2,,"[0, 1, 2, 3, 4, 5, 6, 7, 8, 9, 10, 11, 12, 13, 14, 15, 16, 17, 18, 19]","[{'pst': (34, 7), 'tst': 7}, {'pst': (41, 11), 'tst': 3}, {'pst': (35, 9), 'tst': 3}, {'pst': (44, 7), 'tst': 2}, {'pst': (47, 7), 'tst': 1}, {'pst': (38, 0), 'tst': 1}, {'pst': (46, 5), 'tst': 0}, {'pst': (50, 3), 'tst': 0}]",0.6279454834381395,6.853438044208709
51,3,,"[0, 1, 2, 3, 4, 5, 6, 7, 8, 9, 10, 11, 12, 13, 14, 15, 16, 17, 18, 19]","[{'pst': (45, 3), 'tst': 5}, {'pst': (41, 11), 'tst': 4}, {'pst': (33, 6), 'tst': 3}, {'pst': (47, 4), 'tst': 2}, {'pst': (49, 3), 'tst': 1}, {'pst': (44, 11), 'tst': 1}, {'pst': (50, 3), 'tst': 0}, {'pst': (35, 9), 'tst': 0}]",0.6450761820467759,7.078557284225637
51,4,,"[0, 1, 2, 3, 4, 5, 6, 7, 8, 9, 10, 11, 12, 13, 14, 15, 16, 17, 18, 19]","[{'pst': (43, 19), 'tst': 3}, {'pst': (4, 12), 'tst': 3}, {'pst': (40, 10), 'tst': 2}, {'pst': (46, 5), 'tst': 2}, {'pst': (49, 4), 'tst': 1}, {'pst': (47, 12), 'tst': 0}, {'pst': (35, 1), 'tst': 0}, {'pst': (50, 15), 'tst': 0}]",0.6126616070562187,7.3345839029372115
51,5,,"[0, 1, 2, 3, 4, 5, 6, 7, 8, 9, 10, 11, 12, 13, 14, 15, 16, 17, 18, 19]","[{'pst': (44, 5), 'tst': 6}, {'pst': (45, 5), 'tst': 5}, {'pst': (47, 19), 'tst': 3}, {'pst': (14, 12), 'tst': 2}, {'pst': (48, 12), 'tst': 2}, {'pst': (49, 5), 'tst': 1}, {'pst': (44, 11), 'tst': 1}]",0.6181617639348258,7.902103225130909
51,6,,"[0, 1, 2, 3, 4, 5, 6, 7, 8, 9, 10, 11, 12, 13, 14, 15, 16, 17, 18, 19]","[{'pst': (23, 2), 'tst': 4}, {'pst': (43, 19), 'tst': 3}, {'pst': (40, 11), 'tst': 2}, {'pst': (48, 11), 'tst': 2}, {'pst': (33, 14), 'tst': 1}, {'pst': (32, 2), 'tst': 1}, {'pst': (43, 7), 'tst': 0}, {'pst': (13, 8), 'tst': 0}]",0.6211851429292677,5.957775010271066
51,7,,"[0, 1, 2, 3, 4, 5, 6, 7, 8, 9, 10, 11, 12, 13, 14, 15, 16, 17, 18, 19]","[{'pst': (33, 6), 'tst': 4}, {'pst': (47, 7), 'tst': 3}, {'pst': (41, 11), 'tst': 3}, {'pst': (42, 4), 'tst': 2}, {'pst': (45, 5), 'tst': 1}, {'pst': (46, 6), 'tst': 1}, {'pst': (25, 3), 'tst': 0}, {'pst': (33, 14), 'tst': 0}]",0.6690043347355472,6.91376751375348
51,8,,"[0, 1, 2, 3, 4, 5, 6, 7, 8, 9, 10, 11, 12, 13, 14, 15, 16, 17, 18, 19]","[{'pst': (15, 7), 'tst': 6}, {'pst': (45, 5), 'tst': 3}, {'pst': (34, 9), 'tst': 2}, {'pst': (23, 2), 'tst': 2}, {'pst': (16, 14), 'tst': 1}, {'pst': (20, 8), 'tst': 1}, {'pst': (44, 5), 'tst': 0}, {'pst': (35, 9), 'tst': 0}]",0.6112313766378062,7.333934413594049
51,9,,"[0, 1, 2, 3, 4, 5, 6, 7, 8, 9, 10, 11, 12, 13, 14, 15, 16, 17, 18, 19]","[{'pst': (40, 10), 'tst': 4}, {'pst': (30, 3), 'tst': 4}, {'pst': (40, 0), 'tst': 3}, {'pst': (48, 9), 'tst': 2}, {'pst': (49, 9), 'tst': 1}, {'pst': (47, 7), 'tst': 0}, {'pst': (40, 11), 'tst': 0}, {'pst': (48, 11), 'tst': 0}]",0.6288618360964338,6.740985002135728
51,10,,"[0, 1, 2, 3, 4, 5, 6, 7, 8, 9, 10, 11, 12, 13, 14, 15, 16, 17, 18, 19]","[{'pst': (33, 6), 'tst': 7}, {'pst': (15, 7), 'tst': 6}, {'pst': (34, 3), 'tst': 2}, {'pst': (41, 8), 'tst': 2}, {'pst': (48, 1), 'tst': 1}, {'pst': (14, 16), 'tst': 1}]",0.611414064890955,8.435581880042616
51,11,,"[0, 1, 2, 3, 4, 5, 6, 7, 8, 9, 10, 11, 12, 13, 14, 15, 16, 17, 18, 19]","[{'pst': (43, 7), 'tst': 3}, {'pst': (43, 17), 'tst': 3}, {'pst': (48, 11), 'tst': 2}, {'pst': (42, 13), 'tst': 2}, {'pst': (33, 14), 'tst': 1}, {'pst': (49, 18), 'tst': 0}, {'pst': (15, 7), 'tst': 0}, {'pst': (4, 12), 'tst': 0}]",0.631695981496487,6.020860743606539
51,12,,"[0, 1, 2, 3, 4, 5, 6, 7, 8, 9, 10, 11, 12, 13, 14, 15, 16, 17, 18, 19]","[{'pst': (43, 7), 'tst': 6}, {'pst': (14, 16), 'tst': 4}, {'pst': (47, 12), 'tst': 3}, {'pst': (48, 12), 'tst': 2}, {'pst': (49, 3), 'tst': 1}, {'pst': (13, 8), 'tst': 1}, {'pst': (30, 3), 'tst': 0}, {'pst': (38, 0), 'tst': 0}]",0.5925710265925596,6.811329838106554
51,13,,"[0, 1, 2, 3, 4, 5, 6, 7, 8, 9, 10, 11, 12, 13, 14, 15, 16, 17, 18, 19]","[{'pst': (1, 12), 'tst': 4}, {'pst': (36, 10), 'tst': 3}, {'pst': (44, 5), 'tst': 2}, {'pst': (46, 2), 'tst': 2}, {'pst': (38, 18), 'tst': 1}, {'pst': (48, 12), 'tst': 1}, {'pst': (50, 13), 'tst': 0}, {'pst': (43, 6), 'tst': 0}]",0.5989262977424934,6.829015513598969
51,14,,"[0, 1, 2, 3, 4, 5, 6, 7, 8, 9, 10, 11, 12, 13, 14, 15, 16, 17, 18, 19]","[{'pst': (44, 7), 'tst': 3}, {'pst': (32, 2), 'tst': 3}, {'pst': (14, 13), 'tst': 1}, {'pst': (46, 0), 'tst': 1}, {'pst': (13, 8), 'tst': 1}, {'pst': (15, 7), 'tst': 0}, {'pst': (33, 6), 'tst': 0}, {'pst': (4, 12), 'tst': 0}]",0.5947554341862471,6.002607289660428
51,15,,"[0, 1, 2, 3, 4, 5, 6, 7, 8, 9, 10, 11, 12, 13, 14, 15, 16, 17, 18, 19]","[{'pst': (43, 19), 'tst': 6}, {'pst': (42, 13), 'tst': 6}, {'pst': (40, 11), 'tst': 6}, {'pst': (48, 1), 'tst': 2}, {'pst': (35, 1), 'tst': 1}, {'pst': (4, 12), 'tst': 1}, {'pst': (50, 15), 'tst': 0}, {'pst': (42, 4), 'tst': 0}]",0.595872551382872,7.067189274897192
51,16,,"[0, 1, 2, 3, 4, 5, 6, 7, 8, 9, 10, 11, 12, 13, 14, 15, 16, 17, 18, 19]","[{'pst': (36, 10), 'tst': 4}, {'pst': (37, 10), 'tst': 3}, {'pst': (43, 6), 'tst': 3}, {'pst': (35, 1), 'tst': 2}, {'pst': (48, 1), 'tst': 1}, {'pst': (41, 8), 'tst': 1}, {'pst': (47, 7), 'tst': 0}, {'pst': (49, 3), 'tst': 0}]",0.5976252169732187,7.890997943854382
51,17,,"[0, 1, 2, 3, 4, 5, 6, 7, 8, 9, 10, 11, 12, 13, 14, 15, 16, 17, 18, 19]","[{'pst': (33, 14), 'tst': 9}, {'pst': (38, 18), 'tst': 4}, {'pst': (30, 12), 'tst': 3}, {'pst': (47, 7), 'tst': 2}, {'pst': (41, 11), 'tst': 2}, {'pst': (49, 5), 'tst': 0}, {'pst': (40, 11), 'tst': 0}, {'pst': (35, 9), 'tst': 0}]",0.632500193750315,8.374693691729522
51,18,,"[0, 1, 2, 3, 4, 5, 6, 7, 8, 9, 10, 11, 12, 13, 14, 15, 16, 17, 18, 19]","[{'pst': (9, 16), 'tst': 5}, {'pst': (30, 3), 'tst': 3}, {'pst': (43, 7), 'tst': 3}, {'pst': (44, 11), 'tst': 3}, {'pst': (34, 7), 'tst': 2}, {'pst': (49, 18), 'tst': 1}, {'pst': (33, 6), 'tst': 1}, {'pst': (4, 12), 'tst': 0}]",0.635205284946429,6.476518843413523
51,19,"{'text': 'If you want to legalize drugs, then you should also legalize prostitution.'}","[0, 1, 2, 3, 4, 5, 6, 7, 8, 9, 10, 11, 12, 13, 14, 15, 16, 17, 18, 19]","[{'pst': (43, 19), 'tst': 7}, {'pst': (38, 3), 'tst': 3}, {'pst': (47, 7), 'tst': 2}, {'pst': (46, 5), 'tst': 2}, {'pst': (16, 14), 'tst': 1}, {'pst': (49, 5), 'tst': 1}, {'pst': (25, 3), 'tst': 0}, {'pst': (9, 16), 'tst': 0}]",0.6412641141852662,6.576807218579905
52,0,"{'text': 'If you want to legalize drugs, then you should also legalize prostitution.'}","[0, 1, 2, 3, 4, 5, 6, 7, 8, 9, 10, 11, 12, 13, 14, 15, 16, 17, 18, 19]","[{'pst': (45, 5), 'tst': 6}, {'pst': (14, 13), 'tst': 3}, {'pst': (47, 7), 'tst': 2}, {'pst': (29, 13), 'tst': 2}, {'pst': (50, 0), 'tst': 1}, {'pst': (4, 12), 'tst': 1}, {'pst': (20, 8), 'tst': 0}, {'pst': (48, 11), 'tst': 0}]",0.5972455488202053,7.096752397192285
52,1,,"[0, 1, 2, 3, 4, 5, 6, 7, 8, 9, 10, 11, 12, 13, 14, 15, 16, 17, 18, 19]","[{'pst': (38, 18), 'tst': 5}, {'pst': (29, 13), 'tst': 3}, {'pst': (44, 5), 'tst': 2}, {'pst': (49, 5), 'tst': 2}, {'pst': (35, 1), 'tst': 1}, {'pst': (4, 12), 'tst': 1}, {'pst': (38, 3), 'tst': 0}, {'pst': (43, 17), 'tst': 0}]",0.5925460473070053,6.947356802966072
52,2,,"[0, 1, 2, 3, 4, 5, 6, 7, 8, 9, 10, 11, 12, 13, 14, 15, 16, 17, 18, 19]","[{'pst': (34, 7), 'tst': 8}, {'pst': (44, 7), 'tst': 3}, {'pst': (47, 7), 'tst': 2}, {'pst': (38, 0), 'tst': 2}, {'pst': (46, 5), 'tst': 1}, {'pst': (50, 3), 'tst': 1}, {'pst': (51, 19), 'tst': 0}, {'pst': (41, 8), 'tst': 0}]",0.6279454834381395,6.853438044208709
52,3,,"[0, 1, 2, 3, 4, 5, 6, 7, 8, 9, 10, 11, 12, 13, 14, 15, 16, 17, 18, 19]","[{'pst': (41, 11), 'tst': 5}, {'pst': (33, 6), 'tst': 4}, {'pst': (49, 3), 'tst': 2}, {'pst': (44, 11), 'tst': 2}, {'pst': (50, 3), 'tst': 1}, {'pst': (35, 9), 'tst': 1}, {'pst': (9, 16), 'tst': 0}, {'pst': (32, 2), 'tst': 0}]",0.6562800112362362,6.679303736796003
52,4,,"[0, 1, 2, 3, 4, 5, 6, 7, 8, 9, 10, 11, 12, 13, 14, 15, 16, 17, 18, 19]","[{'pst': (43, 19), 'tst': 4}, {'pst': (40, 10), 'tst': 3}, {'pst': (46, 5), 'tst': 3}, {'pst': (49, 4), 'tst': 2}, {'pst': (47, 12), 'tst': 1}, {'pst': (35, 1), 'tst': 1}, {'pst': (50, 15), 'tst': 1}, {'pst': (13, 8), 'tst': 0}]",0.5781955090930709,6.927043823404015
52,5,"{'text': 'Why not legalize prostitution as well?""...'}","[0, 1, 2, 3, 4, 5, 6, 7, 8, 9, 10, 11, 12, 13, 14, 15, 16, 17, 18, 19]","[{'pst': (45, 5), 'tst': 6}, {'pst': (14, 12), 'tst': 3}, {'pst': (48, 12), 'tst': 3}, {'pst': (49, 5), 'tst': 2}, {'pst': (44, 11), 'tst': 2}, {'pst': (38, 3), 'tst': 0}, {'pst': (47, 19), 'tst': 0}, {'pst': (40, 0), 'tst': 0}]",0.620305116072371,8.08160785383387
52,6,"{'text': 'If you want to legalize drugs, then you should also legalize prostitution.'}","[0, 1, 2, 3, 4, 5, 6, 7, 8, 9, 10, 11, 12, 13, 14, 15, 16, 17, 18, 19]","[{'pst': (23, 2), 'tst': 5}, {'pst': (40, 11), 'tst': 3}, {'pst': (48, 11), 'tst': 3}, {'pst': (33, 14), 'tst': 2}, {'pst': (32, 2), 'tst': 2}, {'pst': (43, 7), 'tst': 1}, {'pst': (13, 8), 'tst': 1}, {'pst': (45, 5), 'tst': 0}]",0.631054102866618,6.146966020113907
52,7,,"[0, 1, 2, 3, 4, 5, 6, 7, 8, 9, 10, 11, 12, 13, 14, 15, 16, 17, 18, 19]","[{'pst': (41, 11), 'tst': 4}, {'pst': (42, 4), 'tst': 3}, {'pst': (45, 5), 'tst': 2}, {'pst': (46, 6), 'tst': 2}, {'pst': (25, 3), 'tst': 1}, {'pst': (33, 14), 'tst': 1}, {'pst': (49, 3), 'tst': 0}, {'pst': (9, 16), 'tst': 0}]",0.6525862401599438,6.996999588506279
52,8,,"[0, 1, 2, 3, 4, 5, 6, 7, 8, 9, 10, 11, 12, 13, 14, 15, 16, 17, 18, 19]","[{'pst': (34, 9), 'tst': 3}, {'pst': (23, 2), 'tst': 3}, {'pst': (16, 14), 'tst': 2}, {'pst': (20, 8), 'tst': 2}, {'pst': (44, 5), 'tst': 1}, {'pst': (35, 9), 'tst': 1}, {'pst': (50, 3), 'tst': 0}, {'pst': (38, 18), 'tst': 0}]",0.6144645836449023,7.339235115597831
52,9,,"[0, 1, 2, 3, 4, 5, 6, 7, 8, 9, 10, 11, 12, 13, 14, 15, 16, 17, 18, 19]","[{'pst': (40, 10), 'tst': 5}, {'pst': (40, 0), 'tst': 4}, {'pst': (48, 9), 'tst': 3}, {'pst': (47, 7), 'tst': 1}, {'pst': (40, 11), 'tst': 1}, {'pst': (48, 11), 'tst': 1}, {'pst': (33, 6), 'tst': 0}]",0.6224650518432445,8.338177823179624
52,10,"{'text': 'If you want to legalize drugs, then you should also legalize prostitution.'}","[0, 1, 2, 3, 4, 5, 6, 7, 8, 9, 10, 11, 12, 13, 14, 15, 16, 17, 18, 19]","[{'pst': (15, 7), 'tst': 7}, {'pst': (34, 3), 'tst': 3}, {'pst': (41, 8), 'tst': 3}, {'pst': (48, 1), 'tst': 2}, {'pst': (14, 16), 'tst': 2}, {'pst': (47, 12), 'tst': 0}, {'pst': (49, 4), 'tst': 0}, {'pst': (44, 7), 'tst': 0}]",0.6141810377016008,7.8845393857675425
52,11,"{'text': 'If you want to legalize drugs, then you should also legalize prostitution.'}","[0, 1, 2, 3, 4, 5, 6, 7, 8, 9, 10, 11, 12, 13, 14, 15, 16, 17, 18, 19]","[{'pst': (43, 17), 'tst': 4}, {'pst': (48, 11), 'tst': 3}, {'pst': (42, 13), 'tst': 3}, {'pst': (33, 14), 'tst': 2}, {'pst': (49, 18), 'tst': 1}, {'pst': (15, 7), 'tst': 1}, {'pst': (4, 12), 'tst': 1}, {'pst': (35, 1), 'tst': 0}]",0.6528042758414914,6.167638567252949
52,12,,"[0, 1, 2, 3, 4, 5, 6, 7, 8, 9, 10, 11, 12, 13, 14, 15, 16, 17, 18, 19]","[{'pst': (14, 16), 'tst': 5}, {'pst': (47, 12), 'tst': 4}, {'pst': (48, 12), 'tst': 3}, {'pst': (49, 3), 'tst': 2}, {'pst': (13, 8), 'tst': 2}, {'pst': (30, 3), 'tst': 1}, {'pst': (38, 0), 'tst': 1}, {'pst': (49, 5), 'tst': 0}]",0.6050883685058827,7.134210218949052
52,13,,"[0, 1, 2, 3, 4, 5, 6, 7, 8, 9, 10, 11, 12, 13, 14, 15, 16, 17, 18, 19]","[{'pst': (1, 12), 'tst': 5}, {'pst': (46, 2), 'tst': 3}, {'pst': (38, 18), 'tst': 2}, {'pst': (48, 12), 'tst': 2}, {'pst': (50, 13), 'tst': 1}, {'pst': (43, 6), 'tst': 1}, {'pst': (16, 14), 'tst': 0}, {'pst': (38, 3), 'tst': 0}]",0.607526098911896,6.7357185275722475
52,14,,"[0, 1, 2, 3, 4, 5, 6, 7, 8, 9, 10, 11, 12, 13, 14, 15, 16, 17, 18, 19]","[{'pst': (44, 7), 'tst': 4}, {'pst': (32, 2), 'tst': 4}, {'pst': (13, 8), 'tst': 2}, {'pst': (15, 7), 'tst': 1}, {'pst': (33, 6), 'tst': 1}, {'pst': (4, 12), 'tst': 1}]",0.6250593587585457,6.201089158115567
52,15,,"[0, 1, 2, 3, 4, 5, 6, 7, 8, 9, 10, 11, 12, 13, 14, 15, 16, 17, 18, 19]","[{'pst': (42, 13), 'tst': 7}, {'pst': (40, 11), 'tst': 7}, {'pst': (35, 1), 'tst': 2}, {'pst': (4, 12), 'tst': 2}, {'pst': (50, 15), 'tst': 1}, {'pst': (42, 4), 'tst': 1}, {'pst': (14, 12), 'tst': 0}, {'pst': (9, 16), 'tst': 0}]",0.6172916832781197,7.3817588851770815
52,16,"{'text': 'If you want to legalize drugs, then you should also legalize prostitution.'}","[0, 1, 2, 3, 4, 5, 6, 7, 8, 9, 10, 11, 12, 13, 14, 15, 16, 17, 18, 19]","[{'pst': (36, 10), 'tst': 5}, {'pst': (35, 1), 'tst': 3}, {'pst': (48, 1), 'tst': 2}, {'pst': (41, 8), 'tst': 2}, {'pst': (47, 7), 'tst': 1}, {'pst': (49, 3), 'tst': 1}, {'pst': (42, 13), 'tst': 0}, {'pst': (44, 11), 'tst': 0}]",0.59749406441803,7.616065794301351
52,17,,"[0, 1, 2, 3, 4, 5, 6, 7, 8, 9, 10, 11, 12, 13, 14, 15, 16, 17, 18, 19]","[{'pst': (33, 14), 'tst': 10}, {'pst': (47, 7), 'tst': 3}, {'pst': (41, 11), 'tst': 3}, {'pst': (49, 5), 'tst': 1}, {'pst': (40, 11), 'tst': 1}, {'pst': (35, 9), 'tst': 1}, {'pst': (30, 12), 'tst': 0}, {'pst': (47, 4), 'tst': 0}]",0.6453737603457873,6.347381219936305
52,18,,"[0, 1, 2, 3, 4, 5, 6, 7, 8, 9, 10, 11, 12, 13, 14, 15, 16, 17, 18, 19]","[{'pst': (9, 16), 'tst': 6}, {'pst': (44, 11), 'tst': 4}, {'pst': (34, 7), 'tst': 3}, {'pst': (49, 18), 'tst': 2}, {'pst': (33, 6), 'tst': 2}, {'pst': (4, 12), 'tst': 1}, {'pst': (38, 3), 'tst': 0}, {'pst': (33, 14), 'tst': 0}]",0.680368906160865,6.880470704353197
52,19,,"[0, 1, 2, 3, 4, 5, 6, 7, 8, 9, 10, 11, 12, 13, 14, 15, 16, 17, 18, 19]","[{'pst': (47, 7), 'tst': 3}, {'pst': (46, 5), 'tst': 3}, {'pst': (16, 14), 'tst': 2}, {'pst': (49, 5), 'tst': 2}, {'pst': (25, 3), 'tst': 1}, {'pst': (9, 16), 'tst': 1}, {'pst': (51, 19), 'tst': 0}, {'pst': (42, 13), 'tst': 0}]",0.6359552897108826,6.5510334322329875
53,0,,"[0, 1, 2, 3, 4, 5, 6, 7, 8, 9, 10, 11, 12, 13, 14, 15, 16, 17, 18, 19]","[{'pst': (47, 7), 'tst': 3}, {'pst': (29, 13), 'tst': 3}, {'pst': (50, 0), 'tst': 2}, {'pst': (4, 12), 'tst': 2}, {'pst': (20, 8), 'tst': 1}, {'pst': (48, 11), 'tst': 1}, {'pst': (52, 0), 'tst': 0}, {'pst': (52, 16), 'tst': 0}]",0.6039017267578825,7.017412810006922
53,1,,"[0, 1, 2, 3, 4, 5, 6, 7, 8, 9, 10, 11, 12, 13, 14, 15, 16, 17, 18, 19]","[{'pst': (38, 18), 'tst': 6}, {'pst': (44, 5), 'tst': 3}, {'pst': (49, 5), 'tst': 3}, {'pst': (35, 1), 'tst': 2}, {'pst': (4, 12), 'tst': 2}, {'pst': (38, 3), 'tst': 1}, {'pst': (43, 17), 'tst': 1}, {'pst': (34, 3), 'tst': 0}]",0.5890933829592598,6.976983091693965
53,2,,"[0, 1, 2, 3, 4, 5, 6, 7, 8, 9, 10, 11, 12, 13, 14, 15, 16, 17, 18, 19]","[{'pst': (34, 7), 'tst': 9}, {'pst': (47, 7), 'tst': 3}, {'pst': (46, 5), 'tst': 2}, {'pst': (50, 3), 'tst': 2}, {'pst': (51, 19), 'tst': 1}, {'pst': (41, 8), 'tst': 1}, {'pst': (14, 12), 'tst': 0}, {'pst': (35, 9), 'tst': 0}]",0.6388621762353944,6.832861817984967
53,3,,"[0, 1, 2, 3, 4, 5, 6, 7, 8, 9, 10, 11, 12, 13, 14, 15, 16, 17, 18, 19]","[{'pst': (41, 11), 'tst': 6}, {'pst': (33, 6), 'tst': 5}, {'pst': (44, 11), 'tst': 3}, {'pst': (35, 9), 'tst': 2}, {'pst': (9, 16), 'tst': 1}, {'pst': (32, 2), 'tst': 1}, {'pst': (49, 4), 'tst': 0}, {'pst': (50, 0), 'tst': 0}]",0.6413200685899516,6.80381795319707
53,4,,"[0, 1, 2, 3, 4, 5, 6, 7, 8, 9, 10, 11, 12, 13, 14, 15, 16, 17, 18, 19]","[{'pst': (43, 19), 'tst': 5}, {'pst': (40, 10), 'tst': 4}, {'pst': (49, 4), 'tst': 3}, {'pst': (47, 12), 'tst': 2}, {'pst': (50, 15), 'tst': 2}, {'pst': (13, 8), 'tst': 1}, {'pst': (33, 14), 'tst': 0}, {'pst': (48, 12), 'tst': 0}]",0.6192088668116161,6.727832771423406
53,5,,"[0, 1, 2, 3, 4, 5, 6, 7, 8, 9, 10, 11, 12, 13, 14, 15, 16, 17, 18, 19]","[{'pst': (48, 12), 'tst': 4}, {'pst': (49, 5), 'tst': 3}, {'pst': (44, 11), 'tst': 3}, {'pst': (38, 3), 'tst': 1}, {'pst': (47, 19), 'tst': 1}, {'pst': (40, 0), 'tst': 1}, {'pst': (52, 5), 'tst': 0}, {'pst': (38, 18), 'tst': 0}]",0.6201523999240588,9.452156862686252
53,6,"{'text': 'If you want to legalize drugs, then you should also legalize prostitution.'}","[0, 1, 2, 3, 4, 5, 6, 7, 8, 9, 10, 11, 12, 13, 14, 15, 16, 17, 18, 19]","[{'pst': (23, 2), 'tst': 6}, {'pst': (40, 11), 'tst': 4}, {'pst': (33, 14), 'tst': 3}, {'pst': (32, 2), 'tst': 3}, {'pst': (43, 7), 'tst': 2}, {'pst': (45, 5), 'tst': 1}, {'pst': (52, 6), 'tst': 0}, {'pst': (44, 11), 'tst': 0}]",0.642117390214779,6.8532677894509675
53,7,,"[0, 1, 2, 3, 4, 5, 6, 7, 8, 9, 10, 11, 12, 13, 14, 15, 16, 17, 18, 19]","[{'pst': (41, 11), 'tst': 5}, {'pst': (42, 4), 'tst': 4}, {'pst': (45, 5), 'tst': 3}, {'pst': (46, 6), 'tst': 3}, {'pst': (25, 3), 'tst': 2}, {'pst': (49, 3), 'tst': 1}, {'pst': (9, 16), 'tst': 1}, {'pst': (52, 0), 'tst': 0}]",0.637489135493877,6.86049220532505
53,8,"{'text': 'If you want to legalize drugs, then you should also legalize prostitution.'}","[0, 1, 2, 3, 4, 5, 6, 7, 8, 9, 10, 11, 12, 13, 14, 15, 16, 17, 18, 19]","[{'pst': (34, 9), 'tst': 4}, {'pst': (23, 2), 'tst': 4}, {'pst': (16, 14), 'tst': 3}, {'pst': (44, 5), 'tst': 2}, {'pst': (35, 9), 'tst': 2}, {'pst': (50, 3), 'tst': 1}, {'pst': (38, 18), 'tst': 1}]",0.6167741527857931,7.471075898005217
53,9,,"[0, 1, 2, 3, 4, 5, 6, 7, 8, 9, 10, 11, 12, 13, 14, 15, 16, 17, 18, 19]","[{'pst': (40, 0), 'tst': 5}, {'pst': (48, 9), 'tst': 4}, {'pst': (40, 11), 'tst': 2}, {'pst': (48, 11), 'tst': 2}, {'pst': (33, 6), 'tst': 1}, {'pst': (47, 12), 'tst': 0}, {'pst': (49, 4), 'tst': 0}, {'pst': (38, 0), 'tst': 0}]",0.6194570889831733,7.9948604649366635
53,10,,"[0, 1, 2, 3, 4, 5, 6, 7, 8, 9, 10, 11, 12, 13, 14, 15, 16, 17, 18, 19]","[{'pst': (15, 7), 'tst': 8}, {'pst': (48, 1), 'tst': 3}, {'pst': (14, 16), 'tst': 3}, {'pst': (47, 12), 'tst': 1}, {'pst': (49, 4), 'tst': 1}, {'pst': (44, 7), 'tst': 1}, {'pst': (52, 10), 'tst': 0}, {'pst': (46, 5), 'tst': 0}]",0.6134395953160232,7.551974798362346
53,11,,"[0, 1, 2, 3, 4, 5, 6, 7, 8, 9, 10, 11, 12, 13, 14, 15, 16, 17, 18, 19]","[{'pst': (48, 11), 'tst': 4}, {'pst': (33, 14), 'tst': 3}, {'pst': (49, 18), 'tst': 2}, {'pst': (15, 7), 'tst': 2}, {'pst': (4, 12), 'tst': 2}, {'pst': (35, 1), 'tst': 1}, {'pst': (52, 11), 'tst': 0}, {'pst': (40, 0), 'tst': 0}]",0.6465504126450369,6.5402736886472965
53,12,,"[0, 1, 2, 3, 4, 5, 6, 7, 8, 9, 10, 11, 12, 13, 14, 15, 16, 17, 18, 19]","[{'pst': (14, 16), 'tst': 6}, {'pst': (49, 3), 'tst': 3}, {'pst': (13, 8), 'tst': 3}, {'pst': (30, 3), 'tst': 2}, {'pst': (38, 0), 'tst': 2}, {'pst': (49, 5), 'tst': 1}, {'pst': (43, 6), 'tst': 0}]",0.6022781494101805,7.214852536484237
53,13,,"[0, 1, 2, 3, 4, 5, 6, 7, 8, 9, 10, 11, 12, 13, 14, 15, 16, 17, 18, 19]","[{'pst': (46, 2), 'tst': 4}, {'pst': (48, 12), 'tst': 3}, {'pst': (50, 13), 'tst': 2}, {'pst': (43, 6), 'tst': 2}, {'pst': (16, 14), 'tst': 1}, {'pst': (38, 3), 'tst': 1}, {'pst': (35, 1), 'tst': 0}, {'pst': (50, 3), 'tst': 0}]",0.606145641854866,7.46072676385562
53,14,"{'text': 'If you want to legalize drugs, then you should also legalize prostitution.'}","[0, 1, 2, 3, 4, 5, 6, 7, 8, 9, 10, 11, 12, 13, 14, 15, 16, 17, 18, 19]","[{'pst': (44, 7), 'tst': 5}, {'pst': (15, 7), 'tst': 2}, {'pst': (33, 6), 'tst': 2}, {'pst': (4, 12), 'tst': 2}, {'pst': (47, 7), 'tst': 0}, {'pst': (38, 3), 'tst': 0}, {'pst': (41, 8), 'tst': 0}, {'pst': (48, 12), 'tst': 0}]",0.6140568581844623,7.109838904706574
53,15,,"[0, 1, 2, 3, 4, 5, 6, 7, 8, 9, 10, 11, 12, 13, 14, 15, 16, 17, 18, 19]","[{'pst': (40, 11), 'tst': 8}, {'pst': (35, 1), 'tst': 3}, {'pst': (4, 12), 'tst': 3}, {'pst': (50, 15), 'tst': 2}, {'pst': (42, 4), 'tst': 2}, {'pst': (14, 12), 'tst': 1}, {'pst': (9, 16), 'tst': 1}]",0.6180950502445329,7.363903121669349
53,16,,"[0, 1, 2, 3, 4, 5, 6, 7, 8, 9, 10, 11, 12, 13, 14, 15, 16, 17, 18, 19]","[{'pst': (35, 1), 'tst': 4}, {'pst': (48, 1), 'tst': 3}, {'pst': (41, 8), 'tst': 3}, {'pst': (47, 7), 'tst': 2}, {'pst': (49, 3), 'tst': 2}, {'pst': (42, 13), 'tst': 1}, {'pst': (44, 11), 'tst': 1}, {'pst': (52, 16), 'tst': 0}]",0.6034397657486131,7.7033096325632755
53,17,,"[0, 1, 2, 3, 4, 5, 6, 7, 8, 9, 10, 11, 12, 13, 14, 15, 16, 17, 18, 19]","[{'pst': (41, 11), 'tst': 4}, {'pst': (49, 5), 'tst': 2}, {'pst': (40, 11), 'tst': 2}, {'pst': (35, 9), 'tst': 2}, {'pst': (30, 12), 'tst': 1}, {'pst': (47, 4), 'tst': 1}, {'pst': (43, 19), 'tst': 0}, {'pst': (40, 0), 'tst': 0}]",0.6302338536415125,6.719060004525625
53,18,"{'text': 'If you want to legalize drugs, then you should also legalize prostitution.'}","[0, 1, 2, 3, 4, 5, 6, 7, 8, 9, 10, 11, 12, 13, 14, 15, 16, 17, 18, 19]","[{'pst': (44, 11), 'tst': 5}, {'pst': (34, 7), 'tst': 4}, {'pst': (49, 18), 'tst': 3}, {'pst': (33, 6), 'tst': 3}, {'pst': (4, 12), 'tst': 2}, {'pst': (38, 3), 'tst': 1}, {'pst': (33, 14), 'tst': 1}, {'pst': (40, 11), 'tst': 0}]",0.6738183070530908,6.541274658639855
53,19,,"[0, 1, 2, 3, 4, 5, 6, 7, 8, 9, 10, 11, 12, 13, 14, 15, 16, 17, 18, 19]","[{'pst': (47, 7), 'tst': 4}, {'pst': (16, 14), 'tst': 3}, {'pst': (25, 3), 'tst': 2}, {'pst': (9, 16), 'tst': 2}, {'pst': (51, 19), 'tst': 1}, {'pst': (42, 13), 'tst': 1}, {'pst': (44, 5), 'tst': 0}, {'pst': (52, 6), 'tst': 0}]",0.6348409254784795,6.879144311010773
54,0,,"[0, 1, 2, 3, 4, 5, 6, 7, 8, 9, 10, 11, 12, 13, 14, 15, 16, 17, 18, 19]","[{'pst': (29, 13), 'tst': 4}, {'pst': (50, 0), 'tst': 3}, {'pst': (4, 12), 'tst': 3}, {'pst': (20, 8), 'tst': 2}, {'pst': (52, 0), 'tst': 1}, {'pst': (52, 16), 'tst': 1}, {'pst': (14, 12), 'tst': 0}, {'pst': (9, 16), 'tst': 0}]",0.6117789376258951,7.161117921212378
54,1,,"[0, 1, 2, 3, 4, 5, 6, 7, 8, 9, 10, 11, 12, 13, 14, 15, 16, 17, 18, 19]","[{'pst': (44, 5), 'tst': 4}, {'pst': (49, 5), 'tst': 4}, {'pst': (4, 12), 'tst': 3}, {'pst': (38, 3), 'tst': 2}, {'pst': (43, 17), 'tst': 2}, {'pst': (34, 3), 'tst': 1}, {'pst': (46, 2), 'tst': 0}, {'pst': (30, 3), 'tst': 0}]",0.5954461038384136,6.921810707256945
54,2,,"[0, 1, 2, 3, 4, 5, 6, 7, 8, 9, 10, 11, 12, 13, 14, 15, 16, 17, 18, 19]","[{'pst': (47, 7), 'tst': 4}, {'pst': (46, 5), 'tst': 3}, {'pst': (50, 3), 'tst': 3}, {'pst': (51, 19), 'tst': 2}, {'pst': (14, 12), 'tst': 1}, {'pst': (35, 9), 'tst': 1}, {'pst': (49, 5), 'tst': 0}, {'pst': (50, 15), 'tst': 0}]",0.6194570889831733,7.9948604649366635
54,3,,"[0, 1, 2, 3, 4, 5, 6, 7, 8, 9, 10, 11, 12, 13, 14, 15, 16, 17, 18, 19]","[{'pst': (41, 11), 'tst': 7}, {'pst': (35, 9), 'tst': 3}, {'pst': (9, 16), 'tst': 2}, {'pst': (32, 2), 'tst': 2}, {'pst': (49, 4), 'tst': 1}, {'pst': (50, 0), 'tst': 1}, {'pst': (49, 3), 'tst': 0}, {'pst': (42, 13), 'tst': 0}]",0.6427682296302156,7.086003921674962
54,4,,"[0, 1, 2, 3, 4, 5, 6, 7, 8, 9, 10, 11, 12, 13, 14, 15, 16, 17, 18, 19]","[{'pst': (43, 19), 'tst': 6}, {'pst': (49, 4), 'tst': 4}, {'pst': (47, 12), 'tst': 3}, {'pst': (50, 15), 'tst': 3}, {'pst': (33, 14), 'tst': 1}, {'pst': (48, 12), 'tst': 1}, {'pst': (52, 10), 'tst': 0}, {'pst': (47, 19), 'tst': 0}]",0.6193444828176615,8.318880537908722
54,5,"{'text': 'If you want to legalize drugs, then you should also legalize prostitution.'}","[0, 1, 2, 3, 4, 5, 6, 7, 8, 9, 10, 11, 12, 13, 14, 15, 16, 17, 18, 19]","[{'pst': (48, 12), 'tst': 5}, {'pst': (38, 3), 'tst': 2}, {'pst': (47, 19), 'tst': 2}, {'pst': (40, 0), 'tst': 2}, {'pst': (52, 5), 'tst': 1}, {'pst': (38, 18), 'tst': 1}, {'pst': (47, 4), 'tst': 0}]",0.6379964054069157,7.686765318735033
54,6,,"[0, 1, 2, 3, 4, 5, 6, 7, 8, 9, 10, 11, 12, 13, 14, 15, 16, 17, 18, 19]","[{'pst': (33, 14), 'tst': 4}, {'pst': (32, 2), 'tst': 4}, {'pst': (43, 7), 'tst': 3}, {'pst': (45, 5), 'tst': 2}, {'pst': (52, 6), 'tst': 1}, {'pst': (44, 11), 'tst': 1}, {'pst': (53, 6), 'tst': 0}, {'pst': (23, 2), 'tst': 0}]",0.6450849725145289,6.888254639881072
54,7,,"[0, 1, 2, 3, 4, 5, 6, 7, 8, 9, 10, 11, 12, 13, 14, 15, 16, 17, 18, 19]","[{'pst': (42, 4), 'tst': 5}, {'pst': (46, 6), 'tst': 4}, {'pst': (25, 3), 'tst': 3}, {'pst': (49, 3), 'tst': 2}, {'pst': (9, 16), 'tst': 2}, {'pst': (52, 0), 'tst': 1}, {'pst': (14, 12), 'tst': 0}, {'pst': (49, 18), 'tst': 0}]",0.6614411240077305,6.734408424529338
54,8,,"[0, 1, 2, 3, 4, 5, 6, 7, 8, 9, 10, 11, 12, 13, 14, 15, 16, 17, 18, 19]","[{'pst': (23, 2), 'tst': 5}, {'pst': (16, 14), 'tst': 4}, {'pst': (44, 5), 'tst': 3}, {'pst': (35, 9), 'tst': 3}, {'pst': (38, 18), 'tst': 2}, {'pst': (53, 8), 'tst': 0}, {'pst': (42, 13), 'tst': 0}, {'pst': (48, 1), 'tst': 0}]",0.6056107824364778,7.423924157478143
54,9,,"[0, 1, 2, 3, 4, 5, 6, 7, 8, 9, 10, 11, 12, 13, 14, 15, 16, 17, 18, 19]","[{'pst': (40, 11), 'tst': 3}, {'pst': (48, 11), 'tst': 3}, {'pst': (33, 6), 'tst': 2}, {'pst': (47, 12), 'tst': 1}, {'pst': (49, 4), 'tst': 1}, {'pst': (38, 0), 'tst': 1}, {'pst': (52, 16), 'tst': 0}, {'pst': (14, 16), 'tst': 0}]",0.6204943315640662,8.272958269451482
54,10,,"[0, 1, 2, 3, 4, 5, 6, 7, 8, 9, 10, 11, 12, 13, 14, 15, 16, 17, 18, 19]","[{'pst': (48, 1), 'tst': 4}, {'pst': (47, 12), 'tst': 2}, {'pst': (49, 4), 'tst': 2}, {'pst': (44, 7), 'tst': 2}, {'pst': (52, 10), 'tst': 1}, {'pst': (46, 5), 'tst': 1}, {'pst': (34, 3), 'tst': 0}, {'pst': (15, 7), 'tst': 0}]",0.6055532566349426,7.5252252113672595
54,11,"{'text': 'If you want to legalize drugs, then you should also legalize prostitution.'}","[0, 1, 2, 3, 4, 5, 6, 7, 8, 9, 10, 11, 12, 13, 14, 15, 16, 17, 18, 19]","[{'pst': (48, 11), 'tst': 5}, {'pst': (49, 18), 'tst': 3}, {'pst': (4, 12), 'tst': 3}, {'pst': (35, 1), 'tst': 2}, {'pst': (52, 11), 'tst': 1}, {'pst': (40, 0), 'tst': 1}, {'pst': (53, 8), 'tst': 0}, {'pst': (14, 16), 'tst': 0}]",0.6627018588329472,6.915385076485503
54,12,,"[0, 1, 2, 3, 4, 5, 6, 7, 8, 9, 10, 11, 12, 13, 14, 15, 16, 17, 18, 19]","[{'pst': (49, 3), 'tst': 4}, {'pst': (30, 3), 'tst': 3}, {'pst': (38, 0), 'tst': 3}, {'pst': (49, 5), 'tst': 2}, {'pst': (43, 6), 'tst': 1}, {'pst': (50, 15), 'tst': 0}, {'pst': (44, 11), 'tst': 0}, {'pst': (53, 8), 'tst': 0}]",0.5937038269041465,7.629576819087344
54,13,,"[0, 1, 2, 3, 4, 5, 6, 7, 8, 9, 10, 11, 12, 13, 14, 15, 16, 17, 18, 19]","[{'pst': (50, 13), 'tst': 3}, {'pst': (43, 6), 'tst': 3}, {'pst': (16, 14), 'tst': 2}, {'pst': (38, 3), 'tst': 2}, {'pst': (35, 1), 'tst': 1}, {'pst': (50, 3), 'tst': 1}, {'pst': (46, 2), 'tst': 0}, {'pst': (4, 12), 'tst': 0}]",0.5853779870434755,6.72776007309094
54,14,,"[0, 1, 2, 3, 4, 5, 6, 7, 8, 9, 10, 11, 12, 13, 14, 15, 16, 17, 18, 19]","[{'pst': (44, 7), 'tst': 6}, {'pst': (33, 6), 'tst': 3}, {'pst': (47, 7), 'tst': 1}, {'pst': (38, 3), 'tst': 1}, {'pst': (41, 8), 'tst': 1}, {'pst': (48, 12), 'tst': 1}, {'pst': (53, 14), 'tst': 0}]",0.6185855272663084,8.001023478780521
54,15,"{'text': 'If you want to legalize drugs, then you should also legalize prostitution.'}","[0, 1, 2, 3, 4, 5, 6, 7, 8, 9, 10, 11, 12, 13, 14, 15, 16, 17, 18, 19]","[{'pst': (40, 11), 'tst': 9}, {'pst': (4, 12), 'tst': 4}, {'pst': (50, 15), 'tst': 3}, {'pst': (42, 4), 'tst': 3}, {'pst': (9, 16), 'tst': 2}]",0.6208825971216012,7.4066189370094015
54,16,,"[0, 1, 2, 3, 4, 5, 6, 7, 8, 9, 10, 11, 12, 13, 14, 15, 16, 17, 18, 19]","[{'pst': (48, 1), 'tst': 4}, {'pst': (41, 8), 'tst': 4}, {'pst': (47, 7), 'tst': 3}, {'pst': (42, 13), 'tst': 2}, {'pst': (44, 11), 'tst': 2}, {'pst': (52, 16), 'tst': 1}, {'pst': (50, 3), 'tst': 0}, {'pst': (43, 17), 'tst': 0}]",0.6070071930731191,7.635249400128382
54,17,"{'text': ""I don't think it's a good idea to legalize all drugs, but I do think it's a good idea to legalize marijuana.""}","[0, 1, 2, 3, 4, 5, 6, 7, 8, 9, 10, 11, 12, 13, 14, 15, 16, 17, 18, 19]","[{'pst': (41, 11), 'tst': 5}, {'pst': (49, 5), 'tst': 3}, {'pst': (35, 9), 'tst': 3}, {'pst': (30, 12), 'tst': 2}, {'pst': (43, 19), 'tst': 1}, {'pst': (40, 0), 'tst': 1}, {'pst': (32, 2), 'tst': 0}]",0.644195524561088,6.584535468686383
54,18,,"[0, 1, 2, 3, 4, 5, 6, 7, 8, 9, 10, 11, 12, 13, 14, 15, 16, 17, 18, 19]","[{'pst': (44, 11), 'tst': 6}, {'pst': (34, 7), 'tst': 5}, {'pst': (49, 18), 'tst': 4}, {'pst': (4, 12), 'tst': 3}, {'pst': (38, 3), 'tst': 2}, {'pst': (40, 11), 'tst': 1}, {'pst': (53, 18), 'tst': 0}, {'pst': (23, 2), 'tst': 0}]",0.6415861981995603,6.668664252585922
54,19,,"[0, 1, 2, 3, 4, 5, 6, 7, 8, 9, 10, 11, 12, 13, 14, 15, 16, 17, 18, 19]","[{'pst': (16, 14), 'tst': 4}, {'pst': (25, 3), 'tst': 3}, {'pst': (9, 16), 'tst': 3}, {'pst': (51, 19), 'tst': 2}, {'pst': (44, 5), 'tst': 1}, {'pst': (52, 6), 'tst': 1}, {'pst': (49, 18), 'tst': 0}, {'pst': (41, 8), 'tst': 0}]",0.6454044107357081,6.515349732516558
55,0,,"[0, 1, 2, 3, 4, 5, 6, 7, 8, 9, 10, 11, 12, 13, 14, 15, 16, 17, 18, 19]","[{'pst': (29, 13), 'tst': 5}, {'pst': (4, 12), 'tst': 4}, {'pst': (20, 8), 'tst': 3}, {'pst': (52, 16), 'tst': 2}, {'pst': (14, 12), 'tst': 1}, {'pst': (9, 16), 'tst': 1}, {'pst': (33, 14), 'tst': 0}, {'pst': (54, 15), 'tst': 0}]",0.6317266917601984,7.143922625066667
55,1,,"[0, 1, 2, 3, 4, 5, 6, 7, 8, 9, 10, 11, 12, 13, 14, 15, 16, 17, 18, 19]","[{'pst': (49, 5), 'tst': 5}, {'pst': (4, 12), 'tst': 4}, {'pst': (38, 3), 'tst': 3}, {'pst': (43, 17), 'tst': 3}, {'pst': (46, 2), 'tst': 1}, {'pst': (30, 3), 'tst': 1}, {'pst': (41, 11), 'tst': 0}, {'pst': (45, 5), 'tst': 0}]",0.612837342569719,7.317363752351017
55,2,,"[0, 1, 2, 3, 4, 5, 6, 7, 8, 9, 10, 11, 12, 13, 14, 15, 16, 17, 18, 19]","[{'pst': (47, 7), 'tst': 5}, {'pst': (46, 5), 'tst': 4}, {'pst': (50, 3), 'tst': 4}, {'pst': (35, 9), 'tst': 2}, {'pst': (49, 5), 'tst': 1}, {'pst': (50, 15), 'tst': 1}, {'pst': (54, 17), 'tst': 0}, {'pst': (49, 18), 'tst': 0}]",0.6414138101322079,6.604926865381885
55,3,"{'text': 'If you want to legalize drugs, then you should also legalize prostitution.'}","[0, 1, 2, 3, 4, 5, 6, 7, 8, 9, 10, 11, 12, 13, 14, 15, 16, 17, 18, 19]","[{'pst': (41, 11), 'tst': 8}, {'pst': (35, 9), 'tst': 4}, {'pst': (32, 2), 'tst': 3}, {'pst': (49, 4), 'tst': 2}, {'pst': (49, 3), 'tst': 1}, {'pst': (42, 13), 'tst': 1}, {'pst': (52, 11), 'tst': 0}, {'pst': (48, 11), 'tst': 0}]",0.6379033608000546,6.95549384613743
55,4,,"[0, 1, 2, 3, 4, 5, 6, 7, 8, 9, 10, 11, 12, 13, 14, 15, 16, 17, 18, 19]","[{'pst': (43, 19), 'tst': 7}, {'pst': (49, 4), 'tst': 5}, {'pst': (47, 12), 'tst': 4}, {'pst': (50, 15), 'tst': 4}, {'pst': (52, 10), 'tst': 1}, {'pst': (47, 19), 'tst': 1}]",0.6135901410960284,8.267867965468785
55,5,"{'text': 'If you want to legalize drugs, then you should also legalize prostitution.'}","[0, 1, 2, 3, 4, 5, 6, 7, 8, 9, 10, 11, 12, 13, 14, 15, 16, 17, 18, 19]","[{'pst': (38, 3), 'tst': 3}, {'pst': (40, 0), 'tst': 3}, {'pst': (52, 5), 'tst': 2}, {'pst': (38, 18), 'tst': 2}, {'pst': (47, 4), 'tst': 1}, {'pst': (54, 5), 'tst': 0}, {'pst': (52, 10), 'tst': 0}, {'pst': (40, 11), 'tst': 0}]",0.6352516036528963,7.652261186208111
55,6,"{'text': 'If you want to legalize drugs, then you should also legalize prostitution.'}","[0, 1, 2, 3, 4, 5, 6, 7, 8, 9, 10, 11, 12, 13, 14, 15, 16, 17, 18, 19]","[{'pst': (32, 2), 'tst': 5}, {'pst': (43, 7), 'tst': 4}, {'pst': (45, 5), 'tst': 3}, {'pst': (52, 6), 'tst': 2}, {'pst': (53, 6), 'tst': 1}, {'pst': (23, 2), 'tst': 1}, {'pst': (47, 7), 'tst': 0}, {'pst': (14, 16), 'tst': 0}]",0.6537292882529202,7.033793793923565
55,7,,"[0, 1, 2, 3, 4, 5, 6, 7, 8, 9, 10, 11, 12, 13, 14, 15, 16, 17, 18, 19]","[{'pst': (46, 6), 'tst': 5}, {'pst': (25, 3), 'tst': 4}, {'pst': (49, 3), 'tst': 3}, {'pst': (52, 0), 'tst': 2}, {'pst': (14, 12), 'tst': 1}, {'pst': (49, 18), 'tst': 1}, {'pst': (47, 12), 'tst': 0}, {'pst': (40, 0), 'tst': 0}]",0.6451515227093263,6.829719456546872
55,8,,"[0, 1, 2, 3, 4, 5, 6, 7, 8, 9, 10, 11, 12, 13, 14, 15, 16, 17, 18, 19]","[{'pst': (16, 14), 'tst': 5}, {'pst': (44, 5), 'tst': 4}, {'pst': (35, 9), 'tst': 4}, {'pst': (38, 18), 'tst': 3}, {'pst': (53, 8), 'tst': 1}, {'pst': (42, 13), 'tst': 1}, {'pst': (48, 1), 'tst': 1}, {'pst': (4, 12), 'tst': 0}]",0.5838580889283258,6.587556692739375
55,9,,"[0, 1, 2, 3, 4, 5, 6, 7, 8, 9, 10, 11, 12, 13, 14, 15, 16, 17, 18, 19]","[{'pst': (40, 11), 'tst': 4}, {'pst': (33, 6), 'tst': 3}, {'pst': (47, 12), 'tst': 2}, {'pst': (49, 4), 'tst': 2}, {'pst': (38, 0), 'tst': 2}, {'pst': (52, 16), 'tst': 1}, {'pst': (14, 16), 'tst': 1}, {'pst': (43, 19), 'tst': 0}]",0.6227618866484609,7.918513159817035
55,10,,"[0, 1, 2, 3, 4, 5, 6, 7, 8, 9, 10, 11, 12, 13, 14, 15, 16, 17, 18, 19]","[{'pst': (47, 12), 'tst': 3}, {'pst': (49, 4), 'tst': 3}, {'pst': (52, 10), 'tst': 2}, {'pst': (46, 5), 'tst': 2}, {'pst': (34, 3), 'tst': 1}, {'pst': (15, 7), 'tst': 1}, {'pst': (44, 5), 'tst': 0}, {'pst': (46, 2), 'tst': 0}]",0.5938818546015516,7.603635484011567
55,11,,"[0, 1, 2, 3, 4, 5, 6, 7, 8, 9, 10, 11, 12, 13, 14, 15, 16, 17, 18, 19]","[{'pst': (48, 11), 'tst': 6}, {'pst': (49, 18), 'tst': 4}, {'pst': (4, 12), 'tst': 4}, {'pst': (52, 11), 'tst': 2}, {'pst': (40, 0), 'tst': 2}, {'pst': (53, 8), 'tst': 1}, {'pst': (14, 16), 'tst': 1}, {'pst': (54, 11), 'tst': 0}]",0.6572369284928197,6.669309620656678
55,12,,"[0, 1, 2, 3, 4, 5, 6, 7, 8, 9, 10, 11, 12, 13, 14, 15, 16, 17, 18, 19]","[{'pst': (30, 3), 'tst': 4}, {'pst': (38, 0), 'tst': 4}, {'pst': (49, 5), 'tst': 3}, {'pst': (43, 6), 'tst': 2}, {'pst': (50, 15), 'tst': 1}, {'pst': (44, 11), 'tst': 1}, {'pst': (53, 8), 'tst': 1}, {'pst': (43, 7), 'tst': 0}]",0.5968309416079345,7.55769285599617
55,13,"{'text': 'If you want to legalize drugs, then you should also legalize prostitution.'}","[0, 1, 2, 3, 4, 5, 6, 7, 8, 9, 10, 11, 12, 13, 14, 15, 16, 17, 18, 19]","[{'pst': (50, 13), 'tst': 4}, {'pst': (16, 14), 'tst': 3}, {'pst': (38, 3), 'tst': 3}, {'pst': (35, 1), 'tst': 2}, {'pst': (46, 2), 'tst': 1}, {'pst': (4, 12), 'tst': 1}, {'pst': (40, 0), 'tst': 0}, {'pst': (43, 17), 'tst': 0}]",0.6046257929618439,6.806353010149634
55,14,"{'text': 'If you want to legalize drugs, then you should also legalize prostitution.'}","[0, 1, 2, 3, 4, 5, 6, 7, 8, 9, 10, 11, 12, 13, 14, 15, 16, 17, 18, 19]","[{'pst': (33, 6), 'tst': 4}, {'pst': (47, 7), 'tst': 2}, {'pst': (41, 8), 'tst': 2}, {'pst': (48, 12), 'tst': 2}, {'pst': (53, 14), 'tst': 1}, {'pst': (54, 5), 'tst': 0}, {'pst': (23, 2), 'tst': 0}, {'pst': (14, 16), 'tst': 0}]",0.6148269598109725,8.229631057692663
55,15,,"[0, 1, 2, 3, 4, 5, 6, 7, 8, 9, 10, 11, 12, 13, 14, 15, 16, 17, 18, 19]","[{'pst': (50, 15), 'tst': 4}, {'pst': (42, 4), 'tst': 4}, {'pst': (9, 16), 'tst': 3}, {'pst': (54, 15), 'tst': 0}, {'pst': (34, 7), 'tst': 0}]",0.6453264684675186,6.644803450061735
55,16,"{'text': 'If you want to legalize drugs, then you should also legalize prostitution.'}","[0, 1, 2, 3, 4, 5, 6, 7, 8, 9, 10, 11, 12, 13, 14, 15, 16, 17, 18, 19]","[{'pst': (41, 8), 'tst': 5}, {'pst': (47, 7), 'tst': 4}, {'pst': (44, 11), 'tst': 3}, {'pst': (52, 16), 'tst': 2}, {'pst': (50, 3), 'tst': 1}, {'pst': (43, 17), 'tst': 1}, {'pst': (52, 6), 'tst': 0}, {'pst': (52, 0), 'tst': 0}]",0.6165156384342474,8.344182497909522
55,17,"{'text': 'If you want to legalize drugs, then you should also legalize prostitution.'}","[0, 1, 2, 3, 4, 5, 6, 7, 8, 9, 10, 11, 12, 13, 14, 15, 16, 17, 18, 19]","[{'pst': (41, 11), 'tst': 6}, {'pst': (49, 5), 'tst': 4}, {'pst': (43, 19), 'tst': 2}, {'pst': (40, 0), 'tst': 2}, {'pst': (32, 2), 'tst': 1}, {'pst': (54, 17), 'tst': 0}, {'pst': (52, 0), 'tst': 0}, {'pst': (48, 11), 'tst': 0}]",0.6375024336402899,6.704269898017698
55,18,,"[0, 1, 2, 3, 4, 5, 6, 7, 8, 9, 10, 11, 12, 13, 14, 15, 16, 17, 18, 19]","[{'pst': (34, 7), 'tst': 6}, {'pst': (49, 18), 'tst': 5}, {'pst': (4, 12), 'tst': 4}, {'pst': (40, 11), 'tst': 2}, {'pst': (53, 18), 'tst': 1}, {'pst': (23, 2), 'tst': 1}, {'pst': (47, 19), 'tst': 0}, {'pst': (52, 0), 'tst': 0}]",0.6212770254766056,6.316026214870211
55,19,,"[0, 1, 2, 3, 4, 5, 6, 7, 8, 9, 10, 11, 12, 13, 14, 15, 16, 17, 18, 19]","[{'pst': (16, 14), 'tst': 5}, {'pst': (9, 16), 'tst': 4}, {'pst': (51, 19), 'tst': 3}, {'pst': (44, 5), 'tst': 2}, {'pst': (49, 18), 'tst': 1}, {'pst': (41, 8), 'tst': 1}, {'pst': (52, 5), 'tst': 0}, {'pst': (38, 0), 'tst': 0}]",0.6544050686049391,7.592848408226239
56,0,,"[0, 1, 2, 3, 4, 5, 6, 7, 8, 9, 10, 11, 12, 13, 14, 15, 16, 17, 18, 19]","[{'pst': (29, 13), 'tst': 6}, {'pst': (20, 8), 'tst': 4}, {'pst': (52, 16), 'tst': 3}, {'pst': (14, 12), 'tst': 2}, {'pst': (9, 16), 'tst': 2}, {'pst': (33, 14), 'tst': 1}, {'pst': (54, 15), 'tst': 1}, {'pst': (55, 5), 'tst': 0}]",0.6210544351485089,7.789391905252493
56,1,"{'text': 'If you want to legalize drugs, then you should also legalize prostitution.'}","[0, 1, 2, 3, 4, 5, 6, 7, 8, 9, 10, 11, 12, 13, 14, 15, 16, 17, 18, 19]","[{'pst': (4, 12), 'tst': 5}, {'pst': (43, 17), 'tst': 4}, {'pst': (46, 2), 'tst': 2}, {'pst': (30, 3), 'tst': 2}, {'pst': (41, 11), 'tst': 1}, {'pst': (45, 5), 'tst': 1}, {'pst': (52, 16), 'tst': 0}, {'pst': (48, 1), 'tst': 0}]",0.5874734635561798,6.74018890924756
56,2,,"[0, 1, 2, 3, 4, 5, 6, 7, 8, 9, 10, 11, 12, 13, 14, 15, 16, 17, 18, 19]","[{'pst': (50, 3), 'tst': 5}, {'pst': (35, 9), 'tst': 3}, {'pst': (49, 5), 'tst': 2}, {'pst': (50, 15), 'tst': 2}, {'pst': (54, 17), 'tst': 1}, {'pst': (49, 18), 'tst': 1}, {'pst': (44, 5), 'tst': 0}, {'pst': (32, 2), 'tst': 0}]",0.6413546792688424,6.628191714541215
56,3,,"[0, 1, 2, 3, 4, 5, 6, 7, 8, 9, 10, 11, 12, 13, 14, 15, 16, 17, 18, 19]","[{'pst': (32, 2), 'tst': 4}, {'pst': (49, 4), 'tst': 3}, {'pst': (49, 3), 'tst': 2}, {'pst': (42, 13), 'tst': 2}, {'pst': (52, 11), 'tst': 1}, {'pst': (48, 11), 'tst': 1}, {'pst': (55, 3), 'tst': 0}, {'pst': (14, 12), 'tst': 0}]",0.6399754940435347,6.902772717543785
56,4,,"[0, 1, 2, 3, 4, 5, 6, 7, 8, 9, 10, 11, 12, 13, 14, 15, 16, 17, 18, 19]","[{'pst': (43, 19), 'tst': 8}, {'pst': (49, 4), 'tst': 6}, {'pst': (50, 15), 'tst': 5}, {'pst': (47, 19), 'tst': 2}, {'pst': (49, 3), 'tst': 0}, {'pst': (34, 3), 'tst': 0}, {'pst': (41, 11), 'tst': 0}, {'pst': (48, 11), 'tst': 0}]",0.5935817745966367,7.62185488736539
56,5,,"[0, 1, 2, 3, 4, 5, 6, 7, 8, 9, 10, 11, 12, 13, 14, 15, 16, 17, 18, 19]","[{'pst': (38, 3), 'tst': 4}, {'pst': (52, 5), 'tst': 3}, {'pst': (47, 4), 'tst': 2}, {'pst': (54, 5), 'tst': 1}, {'pst': (52, 10), 'tst': 1}, {'pst': (40, 11), 'tst': 1}, {'pst': (55, 5), 'tst': 0}, {'pst': (15, 7), 'tst': 0}]",0.6397045787564791,7.9083227162082
56,6,,"[0, 1, 2, 3, 4, 5, 6, 7, 8, 9, 10, 11, 12, 13, 14, 15, 16, 17, 18, 19]","[{'pst': (32, 2), 'tst': 6}, {'pst': (43, 7), 'tst': 5}, {'pst': (45, 5), 'tst': 4}, {'pst': (52, 6), 'tst': 3}, {'pst': (47, 7), 'tst': 1}, {'pst': (14, 16), 'tst': 1}, {'pst': (55, 6), 'tst': 0}, {'pst': (47, 19), 'tst': 0}]",0.6352514075063039,6.92690195510727
56,7,,"[0, 1, 2, 3, 4, 5, 6, 7, 8, 9, 10, 11, 12, 13, 14, 15, 16, 17, 18, 19]","[{'pst': (46, 6), 'tst': 6}, {'pst': (25, 3), 'tst': 5}, {'pst': (14, 12), 'tst': 2}, {'pst': (49, 18), 'tst': 2}, {'pst': (47, 12), 'tst': 1}, {'pst': (40, 0), 'tst': 1}, {'pst': (33, 14), 'tst': 0}, {'pst': (4, 12), 'tst': 0}]",0.6681583813185539,6.544727265889323
56,8,,"[0, 1, 2, 3, 4, 5, 6, 7, 8, 9, 10, 11, 12, 13, 14, 15, 16, 17, 18, 19]","[{'pst': (16, 14), 'tst': 6}, {'pst': (44, 5), 'tst': 5}, {'pst': (38, 18), 'tst': 4}, {'pst': (53, 8), 'tst': 2}, {'pst': (42, 13), 'tst': 2}, {'pst': (48, 1), 'tst': 2}, {'pst': (4, 12), 'tst': 1}, {'pst': (55, 5), 'tst': 0}]",0.6071425395267185,6.7795210024209736
56,9,,"[0, 1, 2, 3, 4, 5, 6, 7, 8, 9, 10, 11, 12, 13, 14, 15, 16, 17, 18, 19]","[{'pst': (33, 6), 'tst': 4}, {'pst': (47, 12), 'tst': 3}, {'pst': (49, 4), 'tst': 3}, {'pst': (38, 0), 'tst': 3}, {'pst': (14, 16), 'tst': 2}, {'pst': (43, 19), 'tst': 1}]",0.6165016008705063,7.896491148124359
56,10,"{'text': 'If you want to legalize drugs, then you should also legalize prostitution.'}","[0, 1, 2, 3, 4, 5, 6, 7, 8, 9, 10, 11, 12, 13, 14, 15, 16, 17, 18, 19]","[{'pst': (47, 12), 'tst': 4}, {'pst': (46, 5), 'tst': 3}, {'pst': (34, 3), 'tst': 2}, {'pst': (15, 7), 'tst': 2}, {'pst': (44, 5), 'tst': 1}, {'pst': (46, 2), 'tst': 1}, {'pst': (55, 6), 'tst': 0}, {'pst': (38, 3), 'tst': 0}]",0.6000133100630758,7.620668376460338
56,11,"{'text': 'If you want to legalize drugs, then you should also legalize prostitution.'}","[0, 1, 2, 3, 4, 5, 6, 7, 8, 9, 10, 11, 12, 13, 14, 15, 16, 17, 18, 19]","[{'pst': (48, 11), 'tst': 7}, {'pst': (52, 11), 'tst': 3}, {'pst': (40, 0), 'tst': 3}, {'pst': (53, 8), 'tst': 2}, {'pst': (14, 16), 'tst': 2}, {'pst': (54, 11), 'tst': 1}, {'pst': (32, 2), 'tst': 0}]",0.6355356385033901,6.312694730572641
56,12,,"[0, 1, 2, 3, 4, 5, 6, 7, 8, 9, 10, 11, 12, 13, 14, 15, 16, 17, 18, 19]","[{'pst': (49, 5), 'tst': 4}, {'pst': (43, 6), 'tst': 3}, {'pst': (50, 15), 'tst': 2}, {'pst': (44, 11), 'tst': 2}, {'pst': (53, 8), 'tst': 2}, {'pst': (43, 7), 'tst': 1}, {'pst': (43, 19), 'tst': 0}, {'pst': (54, 5), 'tst': 0}]",0.6034397657486131,7.7033096325632755
56,13,,"[0, 1, 2, 3, 4, 5, 6, 7, 8, 9, 10, 11, 12, 13, 14, 15, 16, 17, 18, 19]","[{'pst': (50, 13), 'tst': 5}, {'pst': (16, 14), 'tst': 4}, {'pst': (35, 1), 'tst': 3}, {'pst': (46, 2), 'tst': 2}, {'pst': (40, 0), 'tst': 1}, {'pst': (43, 17), 'tst': 1}, {'pst': (55, 13), 'tst': 0}]",0.6180290938561456,7.604653012313827
56,14,,"[0, 1, 2, 3, 4, 5, 6, 7, 8, 9, 10, 11, 12, 13, 14, 15, 16, 17, 18, 19]","[{'pst': (33, 6), 'tst': 5}, {'pst': (47, 7), 'tst': 3}, {'pst': (41, 8), 'tst': 3}, {'pst': (54, 5), 'tst': 1}, {'pst': (23, 2), 'tst': 1}, {'pst': (14, 16), 'tst': 1}, {'pst': (55, 14), 'tst': 0}, {'pst': (50, 15), 'tst': 0}]",0.6154375673269391,7.997016163283617
56,15,,"[0, 1, 2, 3, 4, 5, 6, 7, 8, 9, 10, 11, 12, 13, 14, 15, 16, 17, 18, 19]","[{'pst': (9, 16), 'tst': 4}, {'pst': (54, 15), 'tst': 1}, {'pst': (34, 7), 'tst': 1}, {'pst': (43, 19), 'tst': 0}, {'pst': (49, 4), 'tst': 0}, {'pst': (46, 2), 'tst': 0}, {'pst': (43, 17), 'tst': 0}, {'pst': (4, 12), 'tst': 0}]",0.6306937803635592,6.556652750723977
56,16,,"[0, 1, 2, 3, 4, 5, 6, 7, 8, 9, 10, 11, 12, 13, 14, 15, 16, 17, 18, 19]","[{'pst': (47, 7), 'tst': 5}, {'pst': (44, 11), 'tst': 4}, {'pst': (50, 3), 'tst': 2}, {'pst': (43, 17), 'tst': 2}, {'pst': (52, 6), 'tst': 1}, {'pst': (52, 0), 'tst': 1}, {'pst': (55, 16), 'tst': 0}, {'pst': (55, 17), 'tst': 0}]",0.6165156384342474,8.344182497909522
56,17,"{'text': 'If you want to legalize drugs, then you should also legalize prostitution.'}","[0, 1, 2, 3, 4, 5, 6, 7, 8, 9, 10, 11, 12, 13, 14, 15, 16, 17, 18, 19]","[{'pst': (41, 11), 'tst': 7}, {'pst': (49, 5), 'tst': 5}, {'pst': (40, 0), 'tst': 3}, {'pst': (32, 2), 'tst': 2}, {'pst': (54, 17), 'tst': 1}, {'pst': (52, 0), 'tst': 1}, {'pst': (48, 11), 'tst': 1}, {'pst': (55, 17), 'tst': 0}]",0.6391468555739632,6.755835554326181
56,18,,"[0, 1, 2, 3, 4, 5, 6, 7, 8, 9, 10, 11, 12, 13, 14, 15, 16, 17, 18, 19]","[{'pst': (4, 12), 'tst': 5}, {'pst': (40, 11), 'tst': 3}, {'pst': (53, 18), 'tst': 2}, {'pst': (23, 2), 'tst': 2}, {'pst': (47, 19), 'tst': 1}, {'pst': (52, 0), 'tst': 1}]",0.6087922256171023,7.206102180824942
56,19,"{'text': 'If you want to legalize drugs, then you should also legalize prostitution.'}","[0, 1, 2, 3, 4, 5, 6, 7, 8, 9, 10, 11, 12, 13, 14, 15, 16, 17, 18, 19]","[{'pst': (16, 14), 'tst': 6}, {'pst': (51, 19), 'tst': 4}, {'pst': (44, 5), 'tst': 3}, {'pst': (49, 18), 'tst': 2}, {'pst': (41, 8), 'tst': 2}, {'pst': (52, 5), 'tst': 1}, {'pst': (38, 0), 'tst': 1}, {'pst': (35, 9), 'tst': 0}]",0.6442366552341594,7.434058265587241
57,0,,"[0, 1, 2, 3, 4, 5, 6, 7, 8, 9, 10, 11, 12, 13, 14, 15, 16, 17, 18, 19]","[{'pst': (52, 16), 'tst': 4}, {'pst': (14, 12), 'tst': 3}, {'pst': (9, 16), 'tst': 3}, {'pst': (33, 14), 'tst': 2}, {'pst': (54, 15), 'tst': 2}, {'pst': (55, 5), 'tst': 1}, {'pst': (15, 7), 'tst': 0}, {'pst': (32, 2), 'tst': 0}]",0.6514860165075772,6.397692530574583
57,1,,"[0, 1, 2, 3, 4, 5, 6, 7, 8, 9, 10, 11, 12, 13, 14, 15, 16, 17, 18, 19]","[{'pst': (46, 2), 'tst': 3}, {'pst': (30, 3), 'tst': 3}, {'pst': (41, 11), 'tst': 2}, {'pst': (45, 5), 'tst': 2}, {'pst': (52, 16), 'tst': 1}, {'pst': (48, 1), 'tst': 1}, {'pst': (56, 1), 'tst': 0}, {'pst': (35, 9), 'tst': 0}]",0.5929802625590749,7.615907397546765
57,2,,"[0, 1, 2, 3, 4, 5, 6, 7, 8, 9, 10, 11, 12, 13, 14, 15, 16, 17, 18, 19]","[{'pst': (50, 3), 'tst': 6}, {'pst': (49, 5), 'tst': 3}, {'pst': (50, 15), 'tst': 3}, {'pst': (54, 17), 'tst': 2}, {'pst': (44, 5), 'tst': 1}, {'pst': (32, 2), 'tst': 1}, {'pst': (55, 6), 'tst': 0}, {'pst': (35, 1), 'tst': 0}]",0.6368307778188617,6.814035493922432
57,3,,"[0, 1, 2, 3, 4, 5, 6, 7, 8, 9, 10, 11, 12, 13, 14, 15, 16, 17, 18, 19]","[{'pst': (49, 4), 'tst': 4}, {'pst': (42, 13), 'tst': 3}, {'pst': (52, 11), 'tst': 2}, {'pst': (48, 11), 'tst': 2}, {'pst': (55, 3), 'tst': 1}, {'pst': (14, 12), 'tst': 1}, {'pst': (47, 4), 'tst': 0}, {'pst': (46, 5), 'tst': 0}]",0.6463956922006171,6.846230773932675
57,4,"{'text': 'Legalizing drugs would not be the only option; there may still be a market of illegal drugs, for example if it is cheaper than the legal choice.'}","[0, 1, 2, 3, 4, 5, 6, 7, 8, 9, 10, 11, 12, 13, 14, 15, 16, 17, 18, 19]","[{'pst': (49, 4), 'tst': 7}, {'pst': (50, 15), 'tst': 6}, {'pst': (49, 3), 'tst': 1}, {'pst': (34, 3), 'tst': 1}, {'pst': (41, 11), 'tst': 1}, {'pst': (48, 11), 'tst': 1}, {'pst': (52, 16), 'tst': 0}, {'pst': (48, 1), 'tst': 0}]",0.5913768762502603,7.711065888530903
57,5,,"[0, 1, 2, 3, 4, 5, 6, 7, 8, 9, 10, 11, 12, 13, 14, 15, 16, 17, 18, 19]","[{'pst': (47, 4), 'tst': 3}, {'pst': (54, 5), 'tst': 2}, {'pst': (52, 10), 'tst': 2}, {'pst': (40, 11), 'tst': 2}, {'pst': (55, 5), 'tst': 1}, {'pst': (15, 7), 'tst': 1}, {'pst': (16, 14), 'tst': 0}, {'pst': (55, 14), 'tst': 0}]",0.6335146321883722,6.59937777304574
57,6,,"[0, 1, 2, 3, 4, 5, 6, 7, 8, 9, 10, 11, 12, 13, 14, 15, 16, 17, 18, 19]","[{'pst': (32, 2), 'tst': 7}, {'pst': (45, 5), 'tst': 5}, {'pst': (52, 6), 'tst': 4}, {'pst': (47, 7), 'tst': 2}, {'pst': (14, 16), 'tst': 2}, {'pst': (55, 6), 'tst': 1}, {'pst': (47, 19), 'tst': 1}, {'pst': (54, 11), 'tst': 0}]",0.631063476098433,6.932169311112167
57,7,"{'text': 'If you want to legalize drugs, then you should also legalize prostitution.'}","[0, 1, 2, 3, 4, 5, 6, 7, 8, 9, 10, 11, 12, 13, 14, 15, 16, 17, 18, 19]","[{'pst': (25, 3), 'tst': 6}, {'pst': (14, 12), 'tst': 3}, {'pst': (47, 12), 'tst': 2}, {'pst': (40, 0), 'tst': 2}, {'pst': (33, 14), 'tst': 1}, {'pst': (4, 12), 'tst': 1}, {'pst': (47, 7), 'tst': 0}, {'pst': (42, 13), 'tst': 0}]",0.6564332017677345,6.6757877843100815
57,8,"{'text': 'Legalizing drugs would not be the only option; there may still be a market of illegal drugs, for example if it is cheaper than the legal choice.'}","[0, 1, 2, 3, 4, 5, 6, 7, 8, 9, 10, 11, 12, 13, 14, 15, 16, 17, 18, 19]","[{'pst': (16, 14), 'tst': 7}, {'pst': (53, 8), 'tst': 3}, {'pst': (42, 13), 'tst': 3}, {'pst': (48, 1), 'tst': 3}, {'pst': (4, 12), 'tst': 2}, {'pst': (55, 5), 'tst': 1}, {'pst': (30, 3), 'tst': 0}, {'pst': (52, 6), 'tst': 0}]",0.6052602220983361,7.010164414255536
57,9,,"[0, 1, 2, 3, 4, 5, 6, 7, 8, 9, 10, 11, 12, 13, 14, 15, 16, 17, 18, 19]","[{'pst': (33, 6), 'tst': 5}, {'pst': (47, 12), 'tst': 4}, {'pst': (14, 16), 'tst': 3}, {'pst': (43, 19), 'tst': 2}, {'pst': (49, 4), 'tst': 0}, {'pst': (52, 6), 'tst': 0}, {'pst': (52, 10), 'tst': 0}, {'pst': (40, 11), 'tst': 0}]",0.6174750961116364,7.824415450403067
57,10,,"[0, 1, 2, 3, 4, 5, 6, 7, 8, 9, 10, 11, 12, 13, 14, 15, 16, 17, 18, 19]","[{'pst': (47, 12), 'tst': 5}, {'pst': (34, 3), 'tst': 3}, {'pst': (44, 5), 'tst': 2}, {'pst': (46, 2), 'tst': 2}, {'pst': (55, 6), 'tst': 1}, {'pst': (38, 3), 'tst': 1}, {'pst': (56, 10), 'tst': 0}, {'pst': (14, 12), 'tst': 0}]",0.6124090863949531,7.776105766567339
57,11,,"[0, 1, 2, 3, 4, 5, 6, 7, 8, 9, 10, 11, 12, 13, 14, 15, 16, 17, 18, 19]","[{'pst': (48, 11), 'tst': 8}, {'pst': (53, 8), 'tst': 3}, {'pst': (14, 16), 'tst': 3}, {'pst': (54, 11), 'tst': 2}, {'pst': (32, 2), 'tst': 1}, {'pst': (56, 11), 'tst': 0}, {'pst': (49, 4), 'tst': 0}, {'pst': (43, 7), 'tst': 0}]",0.6307093491117137,6.566316807130293
57,12,,"[0, 1, 2, 3, 4, 5, 6, 7, 8, 9, 10, 11, 12, 13, 14, 15, 16, 17, 18, 19]","[{'pst': (49, 5), 'tst': 5}, {'pst': (50, 15), 'tst': 3}, {'pst': (44, 11), 'tst': 3}, {'pst': (43, 7), 'tst': 2}, {'pst': (43, 19), 'tst': 1}, {'pst': (54, 5), 'tst': 1}, {'pst': (47, 7), 'tst': 0}, {'pst': (52, 0), 'tst': 0}]",0.6165156384342474,8.344182497909522
57,13,,"[0, 1, 2, 3, 4, 5, 6, 7, 8, 9, 10, 11, 12, 13, 14, 15, 16, 17, 18, 19]","[{'pst': (50, 13), 'tst': 6}, {'pst': (16, 14), 'tst': 5}, {'pst': (35, 1), 'tst': 4}, {'pst': (40, 0), 'tst': 2}, {'pst': (43, 17), 'tst': 2}, {'pst': (55, 13), 'tst': 1}, {'pst': (49, 3), 'tst': 0}, {'pst': (44, 11), 'tst': 0}]",0.6203340513847443,7.607635456523923
57,14,"{'text': 'If you want to legalize drugs, then you should also legalize prostitution.'}","[0, 1, 2, 3, 4, 5, 6, 7, 8, 9, 10, 11, 12, 13, 14, 15, 16, 17, 18, 19]","[{'pst': (47, 7), 'tst': 4}, {'pst': (41, 8), 'tst': 4}, {'pst': (54, 5), 'tst': 2}, {'pst': (23, 2), 'tst': 2}, {'pst': (14, 16), 'tst': 2}, {'pst': (55, 14), 'tst': 1}, {'pst': (50, 15), 'tst': 1}, {'pst': (52, 11), 'tst': 0}]",0.610145431792672,8.160582328454241
57,15,,"[0, 1, 2, 3, 4, 5, 6, 7, 8, 9, 10, 11, 12, 13, 14, 15, 16, 17, 18, 19]","[{'pst': (54, 15), 'tst': 2}, {'pst': (34, 7), 'tst': 2}, {'pst': (43, 19), 'tst': 1}, {'pst': (49, 4), 'tst': 1}, {'pst': (46, 2), 'tst': 1}, {'pst': (43, 17), 'tst': 1}, {'pst': (4, 12), 'tst': 1}, {'pst': (56, 17), 'tst': 0}]",0.6373743756889633,6.436848976928831
57,16,,"[0, 1, 2, 3, 4, 5, 6, 7, 8, 9, 10, 11, 12, 13, 14, 15, 16, 17, 18, 19]","[{'pst': (44, 11), 'tst': 5}, {'pst': (43, 17), 'tst': 3}, {'pst': (52, 6), 'tst': 2}, {'pst': (52, 0), 'tst': 2}, {'pst': (55, 16), 'tst': 1}, {'pst': (55, 17), 'tst': 1}, {'pst': (52, 11), 'tst': 0}, {'pst': (48, 11), 'tst': 0}]",0.6165156384342474,8.344182497909522
57,17,,"[0, 1, 2, 3, 4, 5, 6, 7, 8, 9, 10, 11, 12, 13, 14, 15, 16, 17, 18, 19]","[{'pst': (49, 5), 'tst': 6}, {'pst': (40, 0), 'tst': 4}, {'pst': (32, 2), 'tst': 3}, {'pst': (54, 17), 'tst': 2}, {'pst': (52, 0), 'tst': 2}, {'pst': (48, 11), 'tst': 2}, {'pst': (55, 17), 'tst': 1}, {'pst': (56, 17), 'tst': 0}]",0.6425668468212007,6.874620013629421
57,18,,"[0, 1, 2, 3, 4, 5, 6, 7, 8, 9, 10, 11, 12, 13, 14, 15, 16, 17, 18, 19]","[{'pst': (4, 12), 'tst': 6}, {'pst': (40, 11), 'tst': 4}, {'pst': (23, 2), 'tst': 3}, {'pst': (47, 19), 'tst': 2}, {'pst': (49, 5), 'tst': 0}, {'pst': (34, 3), 'tst': 0}, {'pst': (55, 3), 'tst': 0}, {'pst': (53, 18), 'tst': 0}]",0.5950586900408322,6.861549942830038
57,19,,"[0, 1, 2, 3, 4, 5, 6, 7, 8, 9, 10, 11, 12, 13, 14, 15, 16, 17, 18, 19]","[{'pst': (51, 19), 'tst': 5}, {'pst': (44, 5), 'tst': 4}, {'pst': (49, 18), 'tst': 3}, {'pst': (41, 8), 'tst': 3}, {'pst': (38, 0), 'tst': 2}, {'pst': (35, 9), 'tst': 1}, {'pst': (56, 19), 'tst': 0}, {'pst': (20, 8), 'tst': 0}]",0.6275919956205506,6.713605548379027
58,0,,"[0, 1, 2, 3, 4, 5, 6, 7, 8, 9, 10, 11, 12, 13, 14, 15, 16, 17, 18, 19]","[{'pst': (52, 16), 'tst': 5}, {'pst': (9, 16), 'tst': 4}, {'pst': (33, 14), 'tst': 3}, {'pst': (54, 15), 'tst': 3}, {'pst': (15, 7), 'tst': 1}, {'pst': (32, 2), 'tst': 1}, {'pst': (40, 0), 'tst': 0}, {'pst': (20, 8), 'tst': 0}]",0.6238401230515143,6.33983932638714
58,1,,"[0, 1, 2, 3, 4, 5, 6, 7, 8, 9, 10, 11, 12, 13, 14, 15, 16, 17, 18, 19]","[{'pst': (46, 2), 'tst': 4}, {'pst': (41, 11), 'tst': 3}, {'pst': (45, 5), 'tst': 3}, {'pst': (48, 1), 'tst': 2}, {'pst': (56, 1), 'tst': 1}, {'pst': (35, 9), 'tst': 1}, {'pst': (54, 11), 'tst': 0}, {'pst': (47, 19), 'tst': 0}]",0.5964324883889096,7.633865942322917
58,2,"{'text': 'If you want to legalize drugs, then you should also legalize prostitution.'}","[0, 1, 2, 3, 4, 5, 6, 7, 8, 9, 10, 11, 12, 13, 14, 15, 16, 17, 18, 19]","[{'pst': (50, 3), 'tst': 7}, {'pst': (50, 15), 'tst': 4}, {'pst': (44, 5), 'tst': 2}, {'pst': (32, 2), 'tst': 2}, {'pst': (55, 6), 'tst': 1}, {'pst': (35, 1), 'tst': 1}, {'pst': (35, 9), 'tst': 0}, {'pst': (54, 15), 'tst': 0}]",0.6341430089891228,6.839601431039475
58,3,,"[0, 1, 2, 3, 4, 5, 6, 7, 8, 9, 10, 11, 12, 13, 14, 15, 16, 17, 18, 19]","[{'pst': (42, 13), 'tst': 4}, {'pst': (52, 11), 'tst': 3}, {'pst': (55, 3), 'tst': 2}, {'pst': (14, 12), 'tst': 2}, {'pst': (47, 4), 'tst': 1}, {'pst': (46, 5), 'tst': 1}, {'pst': (54, 5), 'tst': 0}, {'pst': (43, 17), 'tst': 0}]",0.6430581020136978,6.966486358092443
58,4,,"[0, 1, 2, 3, 4, 5, 6, 7, 8, 9, 10, 11, 12, 13, 14, 15, 16, 17, 18, 19]","[{'pst': (49, 3), 'tst': 2}, {'pst': (34, 3), 'tst': 2}, {'pst': (41, 11), 'tst': 2}, {'pst': (48, 11), 'tst': 2}, {'pst': (52, 16), 'tst': 1}, {'pst': (48, 1), 'tst': 1}, {'pst': (57, 4), 'tst': 0}, {'pst': (57, 8), 'tst': 0}]",0.5942365001149054,7.834326309696216
58,5,,"[0, 1, 2, 3, 4, 5, 6, 7, 8, 9, 10, 11, 12, 13, 14, 15, 16, 17, 18, 19]","[{'pst': (47, 4), 'tst': 4}, {'pst': (40, 11), 'tst': 3}, {'pst': (55, 5), 'tst': 2}, {'pst': (15, 7), 'tst': 2}, {'pst': (16, 14), 'tst': 1}, {'pst': (55, 14), 'tst': 1}, {'pst': (50, 3), 'tst': 0}, {'pst': (35, 9), 'tst': 0}]",0.6282315020543086,6.639580347358553
58,6,,"[0, 1, 2, 3, 4, 5, 6, 7, 8, 9, 10, 11, 12, 13, 14, 15, 16, 17, 18, 19]","[{'pst': (52, 6), 'tst': 5}, {'pst': (47, 7), 'tst': 3}, {'pst': (14, 16), 'tst': 3}, {'pst': (55, 6), 'tst': 2}, {'pst': (47, 19), 'tst': 2}, {'pst': (54, 11), 'tst': 1}]",0.6102815254273285,8.003082538261513
58,7,,"[0, 1, 2, 3, 4, 5, 6, 7, 8, 9, 10, 11, 12, 13, 14, 15, 16, 17, 18, 19]","[{'pst': (14, 12), 'tst': 4}, {'pst': (47, 12), 'tst': 3}, {'pst': (40, 0), 'tst': 3}, {'pst': (33, 14), 'tst': 2}, {'pst': (4, 12), 'tst': 2}, {'pst': (47, 7), 'tst': 1}, {'pst': (42, 13), 'tst': 1}, {'pst': (57, 7), 'tst': 0}]",0.6352936157879262,7.470398481758556
58,8,,"[0, 1, 2, 3, 4, 5, 6, 7, 8, 9, 10, 11, 12, 13, 14, 15, 16, 17, 18, 19]","[{'pst': (53, 8), 'tst': 4}, {'pst': (42, 13), 'tst': 4}, {'pst': (48, 1), 'tst': 4}, {'pst': (55, 5), 'tst': 2}, {'pst': (30, 3), 'tst': 1}, {'pst': (52, 6), 'tst': 1}, {'pst': (57, 8), 'tst': 0}, {'pst': (49, 3), 'tst': 0}]",0.5989564674364707,7.6382456548778705
58,9,,"[0, 1, 2, 3, 4, 5, 6, 7, 8, 9, 10, 11, 12, 13, 14, 15, 16, 17, 18, 19]","[{'pst': (14, 16), 'tst': 4}, {'pst': (43, 19), 'tst': 3}, {'pst': (49, 4), 'tst': 1}, {'pst': (52, 6), 'tst': 1}, {'pst': (52, 10), 'tst': 1}, {'pst': (40, 11), 'tst': 1}]",0.6218588958187395,8.236045771936123
58,10,,"[0, 1, 2, 3, 4, 5, 6, 7, 8, 9, 10, 11, 12, 13, 14, 15, 16, 17, 18, 19]","[{'pst': (44, 5), 'tst': 3}, {'pst': (46, 2), 'tst': 3}, {'pst': (55, 6), 'tst': 2}, {'pst': (38, 3), 'tst': 2}, {'pst': (56, 10), 'tst': 1}, {'pst': (14, 12), 'tst': 1}, {'pst': (34, 3), 'tst': 0}]",0.5960073145320748,7.660145028778457
58,11,"{'text': 'If you want to legalize drugs, then you should also legalize prostitution.'}","[0, 1, 2, 3, 4, 5, 6, 7, 8, 9, 10, 11, 12, 13, 14, 15, 16, 17, 18, 19]","[{'pst': (48, 11), 'tst': 9}, {'pst': (53, 8), 'tst': 4}, {'pst': (54, 11), 'tst': 3}, {'pst': (32, 2), 'tst': 2}, {'pst': (56, 11), 'tst': 1}, {'pst': (49, 4), 'tst': 1}, {'pst': (43, 7), 'tst': 1}, {'pst': (43, 17), 'tst': 0}]",0.6341430089891228,6.839601431039475
58,12,,"[0, 1, 2, 3, 4, 5, 6, 7, 8, 9, 10, 11, 12, 13, 14, 15, 16, 17, 18, 19]","[{'pst': (49, 5), 'tst': 6}, {'pst': (50, 15), 'tst': 4}, {'pst': (43, 19), 'tst': 2}, {'pst': (54, 5), 'tst': 2}, {'pst': (47, 7), 'tst': 1}, {'pst': (52, 0), 'tst': 1}, {'pst': (55, 13), 'tst': 0}, {'pst': (48, 11), 'tst': 0}]",0.6165156384342474,8.344182497909522
58,13,"{'text': 'If you want to legalize drugs, then you should also legalize prostitution.'}","[0, 1, 2, 3, 4, 5, 6, 7, 8, 9, 10, 11, 12, 13, 14, 15, 16, 17, 18, 19]","[{'pst': (50, 13), 'tst': 7}, {'pst': (35, 1), 'tst': 5}, {'pst': (40, 0), 'tst': 3}, {'pst': (43, 17), 'tst': 3}, {'pst': (49, 3), 'tst': 1}, {'pst': (44, 11), 'tst': 1}, {'pst': (25, 3), 'tst': 0}, {'pst': (14, 12), 'tst': 0}]",0.6379010018748814,6.8060529492042905
58,14,,"[0, 1, 2, 3, 4, 5, 6, 7, 8, 9, 10, 11, 12, 13, 14, 15, 16, 17, 18, 19]","[{'pst': (41, 8), 'tst': 5}, {'pst': (54, 5), 'tst': 3}, {'pst': (23, 2), 'tst': 3}, {'pst': (14, 16), 'tst': 3}, {'pst': (50, 15), 'tst': 2}, {'pst': (52, 11), 'tst': 1}, {'pst': (57, 14), 'tst': 0}, {'pst': (50, 13), 'tst': 0}]",0.611243189938136,8.15569393653993
58,15,,"[0, 1, 2, 3, 4, 5, 6, 7, 8, 9, 10, 11, 12, 13, 14, 15, 16, 17, 18, 19]","[{'pst': (43, 19), 'tst': 2}, {'pst': (49, 4), 'tst': 2}, {'pst': (46, 2), 'tst': 2}, {'pst': (43, 17), 'tst': 2}, {'pst': (4, 12), 'tst': 2}, {'pst': (56, 17), 'tst': 1}]",0.6118631485093092,6.94153988458011
58,16,,"[0, 1, 2, 3, 4, 5, 6, 7, 8, 9, 10, 11, 12, 13, 14, 15, 16, 17, 18, 19]","[{'pst': (43, 17), 'tst': 4}, {'pst': (52, 6), 'tst': 3}, {'pst': (55, 16), 'tst': 2}, {'pst': (55, 17), 'tst': 2}, {'pst': (52, 11), 'tst': 1}, {'pst': (48, 11), 'tst': 1}, {'pst': (43, 19), 'tst': 0}, {'pst': (44, 11), 'tst': 0}]",0.6165156384342474,8.344182497909522
58,17,,"[0, 1, 2, 3, 4, 5, 6, 7, 8, 9, 10, 11, 12, 13, 14, 15, 16, 17, 18, 19]","[{'pst': (40, 0), 'tst': 5}, {'pst': (32, 2), 'tst': 4}, {'pst': (54, 17), 'tst': 3}, {'pst': (52, 0), 'tst': 3}, {'pst': (48, 11), 'tst': 3}, {'pst': (55, 17), 'tst': 2}, {'pst': (56, 17), 'tst': 1}, {'pst': (57, 4), 'tst': 0}]",0.6264750604997718,6.695953060754712
58,18,,"[0, 1, 2, 3, 4, 5, 6, 7, 8, 9, 10, 11, 12, 13, 14, 15, 16, 17, 18, 19]","[{'pst': (4, 12), 'tst': 7}, {'pst': (47, 19), 'tst': 3}, {'pst': (49, 5), 'tst': 1}, {'pst': (34, 3), 'tst': 1}, {'pst': (55, 3), 'tst': 1}, {'pst': (53, 18), 'tst': 1}, {'pst': (35, 9), 'tst': 0}, {'pst': (44, 11), 'tst': 0}]",0.6006733360387145,6.910072377553689
58,19,,"[0, 1, 2, 3, 4, 5, 6, 7, 8, 9, 10, 11, 12, 13, 14, 15, 16, 17, 18, 19]","[{'pst': (51, 19), 'tst': 6}, {'pst': (44, 5), 'tst': 5}, {'pst': (49, 18), 'tst': 4}, {'pst': (35, 9), 'tst': 2}, {'pst': (56, 19), 'tst': 1}, {'pst': (20, 8), 'tst': 1}, {'pst': (46, 2), 'tst': 0}, {'pst': (53, 8), 'tst': 0}]",0.6266068540347605,6.999625032447117
59,0,,"[0, 1, 2, 3, 4, 5, 6, 7, 8, 9, 10, 11, 12, 13, 14, 15, 16, 17, 18, 19]","[{'pst': (9, 16), 'tst': 5}, {'pst': (33, 14), 'tst': 4}, {'pst': (54, 15), 'tst': 4}, {'pst': (15, 7), 'tst': 2}, {'pst': (32, 2), 'tst': 2}, {'pst': (40, 0), 'tst': 1}, {'pst': (20, 8), 'tst': 1}, {'pst': (40, 11), 'tst': 0}]",0.6343500399909573,6.743983572862446
59,1,,"[0, 1, 2, 3, 4, 5, 6, 7, 8, 9, 10, 11, 12, 13, 14, 15, 16, 17, 18, 19]","[{'pst': (41, 11), 'tst': 4}, {'pst': (48, 1), 'tst': 3}, {'pst': (56, 1), 'tst': 2}, {'pst': (35, 9), 'tst': 2}, {'pst': (54, 11), 'tst': 1}, {'pst': (47, 19), 'tst': 1}, {'pst': (49, 4), 'tst': 0}, {'pst': (55, 6), 'tst': 0}]",0.6034397657486131,7.7033096325632755
59,2,,"[0, 1, 2, 3, 4, 5, 6, 7, 8, 9, 10, 11, 12, 13, 14, 15, 16, 17, 18, 19]","[{'pst': (50, 3), 'tst': 8}, {'pst': (50, 15), 'tst': 5}, {'pst': (44, 5), 'tst': 3}, {'pst': (32, 2), 'tst': 3}, {'pst': (35, 9), 'tst': 1}, {'pst': (54, 15), 'tst': 1}, {'pst': (58, 2), 'tst': 0}, {'pst': (49, 18), 'tst': 0}]",0.6463067114952645,6.686800908115597
59,3,"{'text': 'If you want to legalize drugs, then you should also legalize prostitution.'}","[0, 1, 2, 3, 4, 5, 6, 7, 8, 9, 10, 11, 12, 13, 14, 15, 16, 17, 18, 19]","[{'pst': (52, 11), 'tst': 4}, {'pst': (55, 3), 'tst': 3}, {'pst': (14, 12), 'tst': 3}, {'pst': (47, 4), 'tst': 2}, {'pst': (54, 5), 'tst': 1}, {'pst': (43, 17), 'tst': 1}, {'pst': (55, 17), 'tst': 0}, {'pst': (4, 12), 'tst': 0}]",0.6388894883164145,6.625012954682793
59,4,,"[0, 1, 2, 3, 4, 5, 6, 7, 8, 9, 10, 11, 12, 13, 14, 15, 16, 17, 18, 19]","[{'pst': (49, 3), 'tst': 3}, {'pst': (34, 3), 'tst': 3}, {'pst': (41, 11), 'tst': 3}, {'pst': (48, 1), 'tst': 2}, {'pst': (57, 4), 'tst': 1}, {'pst': (57, 8), 'tst': 1}, {'pst': (50, 15), 'tst': 0}, {'pst': (20, 8), 'tst': 0}]",0.5939399253321067,7.176276622093248
59,5,,"[0, 1, 2, 3, 4, 5, 6, 7, 8, 9, 10, 11, 12, 13, 14, 15, 16, 17, 18, 19]","[{'pst': (55, 5), 'tst': 3}, {'pst': (15, 7), 'tst': 3}, {'pst': (16, 14), 'tst': 2}, {'pst': (55, 14), 'tst': 2}, {'pst': (50, 3), 'tst': 1}, {'pst': (35, 9), 'tst': 1}, {'pst': (47, 4), 'tst': 0}]",0.6386917039586074,6.271642527283556
59,6,,"[0, 1, 2, 3, 4, 5, 6, 7, 8, 9, 10, 11, 12, 13, 14, 15, 16, 17, 18, 19]","[{'pst': (52, 6), 'tst': 6}, {'pst': (47, 7), 'tst': 4}, {'pst': (55, 6), 'tst': 3}, {'pst': (54, 11), 'tst': 2}, {'pst': (43, 19), 'tst': 0}, {'pst': (49, 3), 'tst': 0}, {'pst': (48, 1), 'tst': 0}, {'pst': (41, 8), 'tst': 0}]",0.5953574210826224,7.508224449897318
59,7,,"[0, 1, 2, 3, 4, 5, 6, 7, 8, 9, 10, 11, 12, 13, 14, 15, 16, 17, 18, 19]","[{'pst': (14, 12), 'tst': 5}, {'pst': (40, 0), 'tst': 4}, {'pst': (33, 14), 'tst': 3}, {'pst': (47, 7), 'tst': 2}, {'pst': (42, 13), 'tst': 2}, {'pst': (57, 7), 'tst': 1}, {'pst': (46, 5), 'tst': 0}, {'pst': (53, 8), 'tst': 0}]",0.6251402198535939,7.882717385340673
59,8,"{'text': 'If you want to legalize drugs, then you should also legalize prostitution.'}","[0, 1, 2, 3, 4, 5, 6, 7, 8, 9, 10, 11, 12, 13, 14, 15, 16, 17, 18, 19]","[{'pst': (53, 8), 'tst': 5}, {'pst': (42, 13), 'tst': 5}, {'pst': (48, 1), 'tst': 5}, {'pst': (52, 6), 'tst': 2}, {'pst': (57, 8), 'tst': 1}, {'pst': (49, 3), 'tst': 1}, {'pst': (52, 16), 'tst': 0}, {'pst': (58, 11), 'tst': 0}]",0.5988507643134936,7.656660262535531
59,9,,"[0, 1, 2, 3, 4, 5, 6, 7, 8, 9, 10, 11, 12, 13, 14, 15, 16, 17, 18, 19]","[{'pst': (43, 19), 'tst': 4}, {'pst': (49, 4), 'tst': 2}, {'pst': (52, 10), 'tst': 2}, {'pst': (40, 11), 'tst': 2}]",0.6102624715068427,8.165879070002141
59,10,,"[0, 1, 2, 3, 4, 5, 6, 7, 8, 9, 10, 11, 12, 13, 14, 15, 16, 17, 18, 19]","[{'pst': (44, 5), 'tst': 4}, {'pst': (55, 6), 'tst': 3}, {'pst': (38, 3), 'tst': 3}, {'pst': (14, 12), 'tst': 2}, {'pst': (34, 3), 'tst': 1}, {'pst': (57, 4), 'tst': 0}, {'pst': (56, 17), 'tst': 0}, {'pst': (48, 11), 'tst': 0}]",0.6085325725142567,7.715192171640195
59,11,,"[0, 1, 2, 3, 4, 5, 6, 7, 8, 9, 10, 11, 12, 13, 14, 15, 16, 17, 18, 19]","[{'pst': (48, 11), 'tst': 10}, {'pst': (53, 8), 'tst': 5}, {'pst': (54, 11), 'tst': 4}, {'pst': (56, 11), 'tst': 2}, {'pst': (43, 7), 'tst': 2}, {'pst': (43, 17), 'tst': 1}, {'pst': (58, 11), 'tst': 0}]",0.6153244845836598,8.296834613616072
59,12,,"[0, 1, 2, 3, 4, 5, 6, 7, 8, 9, 10, 11, 12, 13, 14, 15, 16, 17, 18, 19]","[{'pst': (50, 15), 'tst': 5}, {'pst': (43, 19), 'tst': 3}, {'pst': (54, 5), 'tst': 3}, {'pst': (47, 7), 'tst': 2}, {'pst': (52, 0), 'tst': 2}, {'pst': (55, 13), 'tst': 1}, {'pst': (48, 11), 'tst': 1}, {'pst': (40, 11), 'tst': 0}]",0.6165156384342474,8.344182497909522
59,13,,"[0, 1, 2, 3, 4, 5, 6, 7, 8, 9, 10, 11, 12, 13, 14, 15, 16, 17, 18, 19]","[{'pst': (35, 1), 'tst': 6}, {'pst': (40, 0), 'tst': 4}, {'pst': (43, 17), 'tst': 4}, {'pst': (44, 11), 'tst': 2}, {'pst': (25, 3), 'tst': 1}, {'pst': (14, 12), 'tst': 1}, {'pst': (58, 13), 'tst': 0}, {'pst': (42, 13), 'tst': 0}]",0.6353000090674207,6.763134667741413
59,14,,"[0, 1, 2, 3, 4, 5, 6, 7, 8, 9, 10, 11, 12, 13, 14, 15, 16, 17, 18, 19]","[{'pst': (41, 8), 'tst': 6}, {'pst': (54, 5), 'tst': 4}, {'pst': (14, 16), 'tst': 4}, {'pst': (50, 15), 'tst': 3}, {'pst': (52, 11), 'tst': 2}, {'pst': (57, 14), 'tst': 1}, {'pst': (50, 13), 'tst': 1}, {'pst': (56, 17), 'tst': 0}]",0.6132698128058399,8.109427419206073
59,15,"{'text': 'If you want to legalize drugs, then you should also legalize prostitution.'}","[0, 1, 2, 3, 4, 5, 6, 7, 8, 9, 10, 11, 12, 13, 14, 15, 16, 17, 18, 19]","[{'pst': (49, 4), 'tst': 3}, {'pst': (46, 2), 'tst': 3}, {'pst': (43, 17), 'tst': 3}, {'pst': (56, 17), 'tst': 2}, {'pst': (38, 3), 'tst': 0}, {'pst': (58, 13), 'tst': 0}, {'pst': (54, 15), 'tst': 0}, {'pst': (55, 5), 'tst': 0}]",0.6165156384342474,8.344182497909522
59,16,,"[0, 1, 2, 3, 4, 5, 6, 7, 8, 9, 10, 11, 12, 13, 14, 15, 16, 17, 18, 19]","[{'pst': (52, 6), 'tst': 4}, {'pst': (55, 16), 'tst': 3}, {'pst': (52, 11), 'tst': 2}, {'pst': (48, 11), 'tst': 2}, {'pst': (43, 19), 'tst': 1}, {'pst': (44, 11), 'tst': 1}, {'pst': (56, 11), 'tst': 0}, {'pst': (40, 0), 'tst': 0}]",0.6165156384342474,8.344182497909522
59,17,,"[0, 1, 2, 3, 4, 5, 6, 7, 8, 9, 10, 11, 12, 13, 14, 15, 16, 17, 18, 19]","[{'pst': (40, 0), 'tst': 6}, {'pst': (54, 17), 'tst': 4}, {'pst': (48, 11), 'tst': 4}, {'pst': (55, 17), 'tst': 3}, {'pst': (56, 17), 'tst': 2}, {'pst': (57, 4), 'tst': 1}, {'pst': (49, 3), 'tst': 0}, {'pst': (57, 7), 'tst': 0}]",0.6189735610878605,6.941990001749408
59,18,,"[0, 1, 2, 3, 4, 5, 6, 7, 8, 9, 10, 11, 12, 13, 14, 15, 16, 17, 18, 19]","[{'pst': (47, 19), 'tst': 4}, {'pst': (49, 5), 'tst': 2}, {'pst': (34, 3), 'tst': 2}, {'pst': (55, 3), 'tst': 2}, {'pst': (53, 18), 'tst': 2}, {'pst': (35, 9), 'tst': 1}, {'pst': (44, 11), 'tst': 1}, {'pst': (48, 11), 'tst': 0}]",0.5994139301602949,7.6378727009057314
59,19,,"[0, 1, 2, 3, 4, 5, 6, 7, 8, 9, 10, 11, 12, 13, 14, 15, 16, 17, 18, 19]","[{'pst': (51, 19), 'tst': 7}, {'pst': (44, 5), 'tst': 6}, {'pst': (49, 18), 'tst': 5}, {'pst': (20, 8), 'tst': 2}, {'pst': (46, 2), 'tst': 1}, {'pst': (53, 8), 'tst': 1}, {'pst': (49, 3), 'tst': 0}, {'pst': (44, 11), 'tst': 0}]",0.6284516713623356,6.975092701733477
60,0,,"[0, 1, 2, 3, 4, 5, 6, 7, 8, 9, 10, 11, 12, 13, 14, 15, 16, 17, 18, 19]","[{'pst': (33, 14), 'tst': 5}, {'pst': (15, 7), 'tst': 3}, {'pst': (32, 2), 'tst': 3}, {'pst': (40, 0), 'tst': 2}, {'pst': (20, 8), 'tst': 2}, {'pst': (40, 11), 'tst': 1}, {'pst': (59, 15), 'tst': 0}, {'pst': (52, 10), 'tst': 0}]",0.640144044982028,6.884821611429981
60,1,,"[0, 1, 2, 3, 4, 5, 6, 7, 8, 9, 10, 11, 12, 13, 14, 15, 16, 17, 18, 19]","[{'pst': (56, 1), 'tst': 3}, {'pst': (35, 9), 'tst': 3}, {'pst': (54, 11), 'tst': 2}, {'pst': (47, 19), 'tst': 2}, {'pst': (49, 4), 'tst': 1}, {'pst': (55, 6), 'tst': 1}, {'pst': (52, 10), 'tst': 0}, {'pst': (44, 11), 'tst': 0}]",0.6165156384342474,8.344182497909522
60,2,,"[0, 1, 2, 3, 4, 5, 6, 7, 8, 9, 10, 11, 12, 13, 14, 15, 16, 17, 18, 19]","[{'pst': (50, 3), 'tst': 9}, {'pst': (44, 5), 'tst': 4}, {'pst': (32, 2), 'tst': 4}, {'pst': (54, 15), 'tst': 2}, {'pst': (58, 2), 'tst': 1}, {'pst': (49, 18), 'tst': 1}, {'pst': (52, 11), 'tst': 0}, {'pst': (57, 7), 'tst': 0}]",0.6387411810959142,6.905480796321118
60,3,,"[0, 1, 2, 3, 4, 5, 6, 7, 8, 9, 10, 11, 12, 13, 14, 15, 16, 17, 18, 19]","[{'pst': (52, 11), 'tst': 5}, {'pst': (47, 4), 'tst': 3}, {'pst': (54, 5), 'tst': 2}, {'pst': (43, 17), 'tst': 2}, {'pst': (55, 17), 'tst': 1}, {'pst': (4, 12), 'tst': 1}, {'pst': (59, 3), 'tst': 0}, {'pst': (20, 8), 'tst': 0}]",0.6286210454636328,6.3835641627458175
60,4,,"[0, 1, 2, 3, 4, 5, 6, 7, 8, 9, 10, 11, 12, 13, 14, 15, 16, 17, 18, 19]","[{'pst': (34, 3), 'tst': 4}, {'pst': (41, 11), 'tst': 4}, {'pst': (48, 1), 'tst': 3}, {'pst': (57, 4), 'tst': 2}, {'pst': (50, 15), 'tst': 1}, {'pst': (20, 8), 'tst': 1}, {'pst': (58, 2), 'tst': 0}, {'pst': (49, 18), 'tst': 0}]",0.6188541781888378,6.314642163942319
60,5,,"[0, 1, 2, 3, 4, 5, 6, 7, 8, 9, 10, 11, 12, 13, 14, 15, 16, 17, 18, 19]","[{'pst': (16, 14), 'tst': 3}, {'pst': (55, 14), 'tst': 3}, {'pst': (50, 3), 'tst': 2}, {'pst': (35, 9), 'tst': 2}, {'pst': (47, 4), 'tst': 1}, {'pst': (46, 2), 'tst': 0}, {'pst': (57, 4), 'tst': 0}, {'pst': (48, 11), 'tst': 0}]",0.6286205580252502,6.623416313943086
60,6,,"[0, 1, 2, 3, 4, 5, 6, 7, 8, 9, 10, 11, 12, 13, 14, 15, 16, 17, 18, 19]","[{'pst': (52, 6), 'tst': 7}, {'pst': (47, 7), 'tst': 5}, {'pst': (43, 19), 'tst': 1}, {'pst': (49, 3), 'tst': 1}, {'pst': (48, 1), 'tst': 1}, {'pst': (41, 8), 'tst': 1}, {'pst': (57, 8), 'tst': 0}, {'pst': (58, 11), 'tst': 0}]",0.5947988787422483,7.622343471518842
60,7,,"[0, 1, 2, 3, 4, 5, 6, 7, 8, 9, 10, 11, 12, 13, 14, 15, 16, 17, 18, 19]","[{'pst': (40, 0), 'tst': 5}, {'pst': (47, 7), 'tst': 3}, {'pst': (42, 13), 'tst': 3}, {'pst': (57, 7), 'tst': 2}, {'pst': (46, 5), 'tst': 1}, {'pst': (53, 8), 'tst': 1}, {'pst': (47, 4), 'tst': 0}]",0.644195524561088,6.584535468686383
60,8,"{'text': 'If you want to legalize drugs, then you should also legalize prostitution.'}","[0, 1, 2, 3, 4, 5, 6, 7, 8, 9, 10, 11, 12, 13, 14, 15, 16, 17, 18, 19]","[{'pst': (42, 13), 'tst': 6}, {'pst': (48, 1), 'tst': 6}, {'pst': (52, 6), 'tst': 3}, {'pst': (49, 3), 'tst': 2}, {'pst': (52, 16), 'tst': 1}, {'pst': (58, 11), 'tst': 1}, {'pst': (59, 8), 'tst': 0}, {'pst': (40, 11), 'tst': 0}]",0.6034397657486131,7.7033096325632755
60,9,"{'text': 'If you want to legalize drugs, then you should also legalize prostitution.'}","[0, 1, 2, 3, 4, 5, 6, 7, 8, 9, 10, 11, 12, 13, 14, 15, 16, 17, 18, 19]","[{'pst': (43, 19), 'tst': 5}, {'pst': (52, 10), 'tst': 3}, {'pst': (54, 11), 'tst': 0}, {'pst': (49, 4), 'tst': 0}, {'pst': (40, 0), 'tst': 0}, {'pst': (9, 16), 'tst': 0}, {'pst': (55, 5), 'tst': 0}, {'pst': (57, 7), 'tst': 0}]",0.6179787565965962,8.105863978941837
60,10,,"[0, 1, 2, 3, 4, 5, 6, 7, 8, 9, 10, 11, 12, 13, 14, 15, 16, 17, 18, 19]","[{'pst': (55, 6), 'tst': 4}, {'pst': (38, 3), 'tst': 4}, {'pst': (34, 3), 'tst': 2}, {'pst': (57, 4), 'tst': 1}, {'pst': (56, 17), 'tst': 1}, {'pst': (48, 11), 'tst': 1}, {'pst': (41, 11), 'tst': 0}, {'pst': (43, 17), 'tst': 0}]",0.600408157696011,7.6860221971541405
60,11,,"[0, 1, 2, 3, 4, 5, 6, 7, 8, 9, 10, 11, 12, 13, 14, 15, 16, 17, 18, 19]","[{'pst': (48, 11), 'tst': 11}, {'pst': (54, 11), 'tst': 5}, {'pst': (56, 11), 'tst': 3}, {'pst': (43, 17), 'tst': 2}, {'pst': (58, 11), 'tst': 1}, {'pst': (41, 11), 'tst': 0}, {'pst': (40, 0), 'tst': 0}, {'pst': (9, 16), 'tst': 0}]",0.6200825121687392,8.454421724564495
60,12,,"[0, 1, 2, 3, 4, 5, 6, 7, 8, 9, 10, 11, 12, 13, 14, 15, 16, 17, 18, 19]","[{'pst': (50, 15), 'tst': 6}, {'pst': (54, 5), 'tst': 4}, {'pst': (47, 7), 'tst': 3}, {'pst': (55, 13), 'tst': 2}, {'pst': (48, 11), 'tst': 2}, {'pst': (40, 11), 'tst': 1}, {'pst': (58, 13), 'tst': 0}, {'pst': (9, 16), 'tst': 0}]",0.6200825121687392,8.454421724564495
60,13,"{'text': 'If you want to legalize drugs, then you should also legalize prostitution.'}","[0, 1, 2, 3, 4, 5, 6, 7, 8, 9, 10, 11, 12, 13, 14, 15, 16, 17, 18, 19]","[{'pst': (40, 0), 'tst': 5}, {'pst': (44, 11), 'tst': 3}, {'pst': (25, 3), 'tst': 2}, {'pst': (14, 12), 'tst': 2}, {'pst': (58, 13), 'tst': 1}, {'pst': (42, 13), 'tst': 1}, {'pst': (52, 6), 'tst': 0}, {'pst': (55, 13), 'tst': 0}]",0.6388757087905171,6.914916525994277
60,14,,"[0, 1, 2, 3, 4, 5, 6, 7, 8, 9, 10, 11, 12, 13, 14, 15, 16, 17, 18, 19]","[{'pst': (41, 8), 'tst': 7}, {'pst': (54, 5), 'tst': 5}, {'pst': (50, 15), 'tst': 4}, {'pst': (52, 11), 'tst': 3}, {'pst': (57, 14), 'tst': 2}, {'pst': (50, 13), 'tst': 2}, {'pst': (56, 17), 'tst': 1}, {'pst': (55, 16), 'tst': 0}]",0.6165156384342474,8.344182497909522
60,15,,"[0, 1, 2, 3, 4, 5, 6, 7, 8, 9, 10, 11, 12, 13, 14, 15, 16, 17, 18, 19]","[{'pst': (43, 17), 'tst': 4}, {'pst': (56, 17), 'tst': 3}, {'pst': (38, 3), 'tst': 1}, {'pst': (58, 13), 'tst': 1}, {'pst': (54, 15), 'tst': 1}, {'pst': (55, 5), 'tst': 1}, {'pst': (59, 15), 'tst': 0}, {'pst': (46, 5), 'tst': 0}]",0.6165156384342474,8.344182497909522
60,16,"{'text': 'If you want to legalize drugs, then you should also legalize prostitution.'}","[0, 1, 2, 3, 4, 5, 6, 7, 8, 9, 10, 11, 12, 13, 14, 15, 16, 17, 18, 19]","[{'pst': (55, 16), 'tst': 4}, {'pst': (48, 11), 'tst': 3}, {'pst': (43, 19), 'tst': 2}, {'pst': (44, 11), 'tst': 2}, {'pst': (56, 11), 'tst': 1}, {'pst': (40, 0), 'tst': 1}, {'pst': (49, 4), 'tst': 0}, {'pst': (52, 0), 'tst': 0}]",0.6165156384342474,8.344182497909522
60,17,,"[0, 1, 2, 3, 4, 5, 6, 7, 8, 9, 10, 11, 12, 13, 14, 15, 16, 17, 18, 19]","[{'pst': (54, 17), 'tst': 5}, {'pst': (55, 17), 'tst': 4}, {'pst': (56, 17), 'tst': 3}, {'pst': (57, 4), 'tst': 2}, {'pst': (49, 3), 'tst': 1}, {'pst': (57, 7), 'tst': 1}, {'pst': (32, 2), 'tst': 0}]",0.6295206814213097,6.426739006853079
60,18,"{'text': 'If you want to legalize drugs, then you should also legalize prostitution.'}","[0, 1, 2, 3, 4, 5, 6, 7, 8, 9, 10, 11, 12, 13, 14, 15, 16, 17, 18, 19]","[{'pst': (49, 5), 'tst': 3}, {'pst': (55, 3), 'tst': 3}, {'pst': (53, 18), 'tst': 3}, {'pst': (35, 9), 'tst': 2}, {'pst': (44, 11), 'tst': 2}, {'pst': (48, 11), 'tst': 1}, {'pst': (46, 2), 'tst': 0}, {'pst': (55, 13), 'tst': 0}]",0.6165156384342474,8.344182497909522
60,19,,"[0, 1, 2, 3, 4, 5, 6, 7, 8, 9, 10, 11, 12, 13, 14, 15, 16, 17, 18, 19]","[{'pst': (44, 5), 'tst': 7}, {'pst': (49, 18), 'tst': 6}, {'pst': (46, 2), 'tst': 2}, {'pst': (53, 8), 'tst': 2}, {'pst': (49, 3), 'tst': 1}, {'pst': (44, 11), 'tst': 1}, {'pst': (47, 4), 'tst': 0}, {'pst': (58, 13), 'tst': 0}]",0.6438098401018788,6.854697653537269
61,0,,"[0, 1, 2, 3, 4, 5, 6, 7, 8, 9, 10, 11, 12, 13, 14, 15, 16, 17, 18, 19]","[{'pst': (33, 14), 'tst': 6}, {'pst': (32, 2), 'tst': 4}, {'pst': (40, 0), 'tst': 3}, {'pst': (20, 8), 'tst': 3}, {'pst': (40, 11), 'tst': 2}, {'pst': (59, 15), 'tst': 1}, {'pst': (52, 10), 'tst': 1}, {'pst': (41, 8), 'tst': 0}]",0.6392304604161704,6.856424165960648
61,1,,"[0, 1, 2, 3, 4, 5, 6, 7, 8, 9, 10, 11, 12, 13, 14, 15, 16, 17, 18, 19]","[{'pst': (56, 1), 'tst': 4}, {'pst': (35, 9), 'tst': 4}, {'pst': (47, 19), 'tst': 3}, {'pst': (49, 4), 'tst': 2}, {'pst': (52, 10), 'tst': 1}, {'pst': (44, 11), 'tst': 1}, {'pst': (46, 2), 'tst': 0}, {'pst': (46, 5), 'tst': 0}]",0.6165156384342474,8.344182497909522
61,2,,"[0, 1, 2, 3, 4, 5, 6, 7, 8, 9, 10, 11, 12, 13, 14, 15, 16, 17, 18, 19]","[{'pst': (44, 5), 'tst': 5}, {'pst': (32, 2), 'tst': 5}, {'pst': (54, 15), 'tst': 3}, {'pst': (58, 2), 'tst': 2}, {'pst': (52, 11), 'tst': 1}, {'pst': (57, 7), 'tst': 1}, {'pst': (47, 7), 'tst': 0}, {'pst': (52, 6), 'tst': 0}]",0.6376623070446689,7.1315688727055075
61,3,,"[0, 1, 2, 3, 4, 5, 6, 7, 8, 9, 10, 11, 12, 13, 14, 15, 16, 17, 18, 19]","[{'pst': (52, 11), 'tst': 6}, {'pst': (54, 5), 'tst': 3}, {'pst': (43, 17), 'tst': 3}, {'pst': (4, 12), 'tst': 2}, {'pst': (59, 3), 'tst': 1}, {'pst': (20, 8), 'tst': 1}]",0.6064372397969119,6.863868367059128
61,4,,"[0, 1, 2, 3, 4, 5, 6, 7, 8, 9, 10, 11, 12, 13, 14, 15, 16, 17, 18, 19]","[{'pst': (41, 11), 'tst': 5}, {'pst': (48, 1), 'tst': 4}, {'pst': (50, 15), 'tst': 2}, {'pst': (20, 8), 'tst': 2}, {'pst': (58, 2), 'tst': 1}, {'pst': (49, 18), 'tst': 1}, {'pst': (16, 14), 'tst': 0}, {'pst': (33, 14), 'tst': 0}]",0.6670820854759825,7.086778602962591
61,5,,"[0, 1, 2, 3, 4, 5, 6, 7, 8, 9, 10, 11, 12, 13, 14, 15, 16, 17, 18, 19]","[{'pst': (16, 14), 'tst': 4}, {'pst': (55, 14), 'tst': 4}, {'pst': (35, 9), 'tst': 3}, {'pst': (47, 4), 'tst': 2}, {'pst': (46, 2), 'tst': 1}, {'pst': (57, 4), 'tst': 1}, {'pst': (48, 11), 'tst': 1}, {'pst': (9, 16), 'tst': 0}]",0.638192254350655,6.842685980467516
61,6,"{'text': 'If you want to legalize drugs, then you should also legalize prostitution.'}","[0, 1, 2, 3, 4, 5, 6, 7, 8, 9, 10, 11, 12, 13, 14, 15, 16, 17, 18, 19]","[{'pst': (47, 7), 'tst': 6}, {'pst': (43, 19), 'tst': 2}, {'pst': (49, 3), 'tst': 2}, {'pst': (48, 1), 'tst': 2}, {'pst': (41, 8), 'tst': 2}, {'pst': (57, 8), 'tst': 1}, {'pst': (58, 11), 'tst': 1}, {'pst': (49, 5), 'tst': 0}]",0.595956721091278,7.659133887511171
61,7,,"[0, 1, 2, 3, 4, 5, 6, 7, 8, 9, 10, 11, 12, 13, 14, 15, 16, 17, 18, 19]","[{'pst': (40, 0), 'tst': 6}, {'pst': (42, 13), 'tst': 4}, {'pst': (57, 7), 'tst': 3}, {'pst': (46, 5), 'tst': 2}, {'pst': (53, 8), 'tst': 2}, {'pst': (47, 4), 'tst': 1}, {'pst': (55, 17), 'tst': 0}, {'pst': (35, 9), 'tst': 0}]",0.6302338536415125,6.719060004525625
61,8,,"[0, 1, 2, 3, 4, 5, 6, 7, 8, 9, 10, 11, 12, 13, 14, 15, 16, 17, 18, 19]","[{'pst': (48, 1), 'tst': 7}, {'pst': (52, 6), 'tst': 4}, {'pst': (52, 16), 'tst': 2}, {'pst': (58, 11), 'tst': 2}, {'pst': (59, 8), 'tst': 1}, {'pst': (40, 11), 'tst': 1}, {'pst': (60, 8), 'tst': 0}, {'pst': (20, 8), 'tst': 0}]",0.5970290389958974,7.279248816617369
61,9,,"[0, 1, 2, 3, 4, 5, 6, 7, 8, 9, 10, 11, 12, 13, 14, 15, 16, 17, 18, 19]","[{'pst': (52, 10), 'tst': 4}, {'pst': (54, 11), 'tst': 1}, {'pst': (49, 4), 'tst': 1}, {'pst': (40, 0), 'tst': 1}, {'pst': (9, 16), 'tst': 1}, {'pst': (55, 5), 'tst': 1}, {'pst': (57, 7), 'tst': 1}, {'pst': (60, 9), 'tst': 0}]",0.6166585942003346,8.048317148506746
61,10,"{'text': 'If you want to legalize drugs, then you should also legalize prostitution.'}","[0, 1, 2, 3, 4, 5, 6, 7, 8, 9, 10, 11, 12, 13, 14, 15, 16, 17, 18, 19]","[{'pst': (38, 3), 'tst': 5}, {'pst': (34, 3), 'tst': 3}, {'pst': (57, 4), 'tst': 2}, {'pst': (48, 11), 'tst': 2}, {'pst': (41, 11), 'tst': 1}, {'pst': (43, 17), 'tst': 1}, {'pst': (55, 5), 'tst': 0}, {'pst': (55, 14), 'tst': 0}]",0.60105535587098,7.742755732530279
61,11,"{'text': 'If you want to legalize drugs, then you should also legalize prostitution.'}","[0, 1, 2, 3, 4, 5, 6, 7, 8, 9, 10, 11, 12, 13, 14, 15, 16, 17, 18, 19]","[{'pst': (54, 11), 'tst': 6}, {'pst': (43, 17), 'tst': 3}, {'pst': (58, 11), 'tst': 2}, {'pst': (41, 11), 'tst': 1}, {'pst': (40, 0), 'tst': 1}, {'pst': (9, 16), 'tst': 1}, {'pst': (56, 1), 'tst': 0}, {'pst': (47, 4), 'tst': 0}]",0.6506359120456157,6.552478823052326
61,12,,"[0, 1, 2, 3, 4, 5, 6, 7, 8, 9, 10, 11, 12, 13, 14, 15, 16, 17, 18, 19]","[{'pst': (54, 5), 'tst': 5}, {'pst': (47, 7), 'tst': 4}, {'pst': (55, 13), 'tst': 3}, {'pst': (48, 11), 'tst': 3}, {'pst': (58, 13), 'tst': 1}, {'pst': (9, 16), 'tst': 1}, {'pst': (52, 6), 'tst': 0}, {'pst': (41, 8), 'tst': 0}]",0.6179787565965962,8.105863978941837
61,13,"{'text': 'If you want to legalize drugs, then you should also legalize prostitution.'}","[0, 1, 2, 3, 4, 5, 6, 7, 8, 9, 10, 11, 12, 13, 14, 15, 16, 17, 18, 19]","[{'pst': (40, 0), 'tst': 6}, {'pst': (25, 3), 'tst': 3}, {'pst': (14, 12), 'tst': 3}, {'pst': (42, 13), 'tst': 2}, {'pst': (52, 6), 'tst': 1}, {'pst': (55, 13), 'tst': 1}, {'pst': (60, 13), 'tst': 0}, {'pst': (54, 15), 'tst': 0}]",0.6390241300228588,7.100098392116701
61,14,,"[0, 1, 2, 3, 4, 5, 6, 7, 8, 9, 10, 11, 12, 13, 14, 15, 16, 17, 18, 19]","[{'pst': (54, 5), 'tst': 6}, {'pst': (50, 15), 'tst': 5}, {'pst': (52, 11), 'tst': 4}, {'pst': (57, 14), 'tst': 3}, {'pst': (50, 13), 'tst': 3}, {'pst': (55, 16), 'tst': 1}, {'pst': (55, 6), 'tst': 0}, {'pst': (57, 7), 'tst': 0}]",0.6165156384342474,8.344182497909522
61,15,,"[0, 1, 2, 3, 4, 5, 6, 7, 8, 9, 10, 11, 12, 13, 14, 15, 16, 17, 18, 19]","[{'pst': (56, 17), 'tst': 4}, {'pst': (38, 3), 'tst': 2}, {'pst': (54, 15), 'tst': 2}, {'pst': (55, 5), 'tst': 2}, {'pst': (59, 15), 'tst': 1}, {'pst': (46, 5), 'tst': 1}, {'pst': (44, 11), 'tst': 0}, {'pst': (41, 8), 'tst': 0}]",0.6165156384342474,8.344182497909522
61,16,,"[0, 1, 2, 3, 4, 5, 6, 7, 8, 9, 10, 11, 12, 13, 14, 15, 16, 17, 18, 19]","[{'pst': (48, 11), 'tst': 4}, {'pst': (43, 19), 'tst': 3}, {'pst': (56, 11), 'tst': 2}, {'pst': (40, 0), 'tst': 2}, {'pst': (49, 4), 'tst': 1}, {'pst': (52, 0), 'tst': 1}, {'pst': (60, 16), 'tst': 0}, {'pst': (52, 11), 'tst': 0}]",0.6165156384342474,8.344182497909522
61,17,,"[0, 1, 2, 3, 4, 5, 6, 7, 8, 9, 10, 11, 12, 13, 14, 15, 16, 17, 18, 19]","[{'pst': (56, 17), 'tst': 4}, {'pst': (57, 4), 'tst': 3}, {'pst': (49, 3), 'tst': 2}, {'pst': (57, 7), 'tst': 2}, {'pst': (32, 2), 'tst': 1}, {'pst': (38, 3), 'tst': 0}, {'pst': (58, 13), 'tst': 0}, {'pst': (41, 8), 'tst': 0}]",0.6202508993014493,6.47038969989484
61,18,,"[0, 1, 2, 3, 4, 5, 6, 7, 8, 9, 10, 11, 12, 13, 14, 15, 16, 17, 18, 19]","[{'pst': (49, 5), 'tst': 4}, {'pst': (55, 3), 'tst': 4}, {'pst': (53, 18), 'tst': 4}, {'pst': (44, 11), 'tst': 3}, {'pst': (48, 11), 'tst': 2}, {'pst': (46, 2), 'tst': 1}, {'pst': (55, 13), 'tst': 1}, {'pst': (60, 18), 'tst': 0}]",0.6165156384342474,8.344182497909522
61,19,,"[0, 1, 2, 3, 4, 5, 6, 7, 8, 9, 10, 11, 12, 13, 14, 15, 16, 17, 18, 19]","[{'pst': (44, 5), 'tst': 8}, {'pst': (46, 2), 'tst': 3}, {'pst': (53, 8), 'tst': 3}, {'pst': (49, 3), 'tst': 2}, {'pst': (44, 11), 'tst': 2}, {'pst': (47, 4), 'tst': 1}, {'pst': (58, 13), 'tst': 1}, {'pst': (55, 17), 'tst': 0}]",0.6302338536415125,6.719060004525625
62,0,,"[0, 1, 2, 3, 4, 5, 6, 7, 8, 9, 10, 11, 12, 13, 14, 15, 16, 17, 18, 19]","[{'pst': (32, 2), 'tst': 5}, {'pst': (40, 0), 'tst': 4}, {'pst': (20, 8), 'tst': 4}, {'pst': (40, 11), 'tst': 3}, {'pst': (59, 15), 'tst': 2}, {'pst': (52, 10), 'tst': 2}, {'pst': (41, 8), 'tst': 1}, {'pst': (47, 7), 'tst': 0}]",0.6232836627721722,6.855741155374525
62,1,,"[0, 1, 2, 3, 4, 5, 6, 7, 8, 9, 10, 11, 12, 13, 14, 15, 16, 17, 18, 19]","[{'pst': (56, 1), 'tst': 5}, {'pst': (47, 19), 'tst': 4}, {'pst': (49, 4), 'tst': 3}, {'pst': (44, 11), 'tst': 2}, {'pst': (46, 2), 'tst': 1}, {'pst': (46, 5), 'tst': 1}, {'pst': (49, 5), 'tst': 0}, {'pst': (60, 9), 'tst': 0}]",0.6165156384342474,8.344182497909522
62,2,,"[0, 1, 2, 3, 4, 5, 6, 7, 8, 9, 10, 11, 12, 13, 14, 15, 16, 17, 18, 19]","[{'pst': (44, 5), 'tst': 6}, {'pst': (32, 2), 'tst': 6}, {'pst': (54, 15), 'tst': 4}, {'pst': (52, 11), 'tst': 2}, {'pst': (57, 7), 'tst': 2}, {'pst': (47, 7), 'tst': 1}, {'pst': (52, 6), 'tst': 1}, {'pst': (60, 8), 'tst': 0}]",0.6376623070446689,7.1315688727055075
62,3,,"[0, 1, 2, 3, 4, 5, 6, 7, 8, 9, 10, 11, 12, 13, 14, 15, 16, 17, 18, 19]","[{'pst': (54, 5), 'tst': 4}, {'pst': (43, 17), 'tst': 4}, {'pst': (4, 12), 'tst': 3}, {'pst': (20, 8), 'tst': 2}, {'pst': (56, 1), 'tst': 0}, {'pst': (47, 7), 'tst': 0}, {'pst': (42, 13), 'tst': 0}, {'pst': (53, 18), 'tst': 0}]",0.603914635129916,7.175846690769726
62,4,,"[0, 1, 2, 3, 4, 5, 6, 7, 8, 9, 10, 11, 12, 13, 14, 15, 16, 17, 18, 19]","[{'pst': (41, 11), 'tst': 6}, {'pst': (48, 1), 'tst': 5}, {'pst': (20, 8), 'tst': 3}, {'pst': (58, 2), 'tst': 2}, {'pst': (16, 14), 'tst': 1}, {'pst': (33, 14), 'tst': 1}, {'pst': (42, 13), 'tst': 0}, {'pst': (50, 13), 'tst': 0}]",0.6249107597218955,7.631738774852307
62,5,,"[0, 1, 2, 3, 4, 5, 6, 7, 8, 9, 10, 11, 12, 13, 14, 15, 16, 17, 18, 19]","[{'pst': (55, 14), 'tst': 5}, {'pst': (35, 9), 'tst': 4}, {'pst': (47, 4), 'tst': 3}, {'pst': (46, 2), 'tst': 2}, {'pst': (48, 11), 'tst': 2}, {'pst': (9, 16), 'tst': 1}, {'pst': (50, 13), 'tst': 0}, {'pst': (32, 2), 'tst': 0}]",0.6536778867448055,6.688869698887945
62,6,,"[0, 1, 2, 3, 4, 5, 6, 7, 8, 9, 10, 11, 12, 13, 14, 15, 16, 17, 18, 19]","[{'pst': (49, 3), 'tst': 3}, {'pst': (48, 1), 'tst': 3}, {'pst': (41, 8), 'tst': 3}, {'pst': (57, 8), 'tst': 2}, {'pst': (58, 11), 'tst': 2}, {'pst': (49, 5), 'tst': 1}, {'pst': (61, 6), 'tst': 0}, {'pst': (59, 15), 'tst': 0}]",0.6027411900685876,7.7510484997532165
62,7,"{'text': 'If you want to legalize drugs, then you should also legalize prostitution.'}","[0, 1, 2, 3, 4, 5, 6, 7, 8, 9, 10, 11, 12, 13, 14, 15, 16, 17, 18, 19]","[{'pst': (42, 13), 'tst': 5}, {'pst': (46, 5), 'tst': 3}, {'pst': (53, 8), 'tst': 3}, {'pst': (47, 4), 'tst': 2}, {'pst': (55, 17), 'tst': 1}, {'pst': (35, 9), 'tst': 1}, {'pst': (53, 18), 'tst': 0}, {'pst': (4, 12), 'tst': 0}]",0.629388663446958,6.608000695769624
62,8,,"[0, 1, 2, 3, 4, 5, 6, 7, 8, 9, 10, 11, 12, 13, 14, 15, 16, 17, 18, 19]","[{'pst': (52, 6), 'tst': 5}, {'pst': (52, 16), 'tst': 3}, {'pst': (58, 11), 'tst': 3}, {'pst': (59, 8), 'tst': 2}, {'pst': (40, 11), 'tst': 2}, {'pst': (60, 8), 'tst': 1}, {'pst': (20, 8), 'tst': 1}, {'pst': (55, 5), 'tst': 0}]",0.6030824493319097,8.090897133224482
62,9,"{'text': 'If you want to legalize drugs, then you should also legalize prostitution.'}","[0, 1, 2, 3, 4, 5, 6, 7, 8, 9, 10, 11, 12, 13, 14, 15, 16, 17, 18, 19]","[{'pst': (54, 11), 'tst': 2}, {'pst': (49, 4), 'tst': 2}, {'pst': (40, 0), 'tst': 2}, {'pst': (9, 16), 'tst': 2}, {'pst': (55, 5), 'tst': 2}, {'pst': (57, 7), 'tst': 2}, {'pst': (60, 9), 'tst': 1}, {'pst': (61, 10), 'tst': 0}]",0.616821580302626,8.008218848640023
62,10,"{'text': 'If you want to legalize drugs, then you should also legalize prostitution.'}","[0, 1, 2, 3, 4, 5, 6, 7, 8, 9, 10, 11, 12, 13, 14, 15, 16, 17, 18, 19]","[{'pst': (38, 3), 'tst': 6}, {'pst': (34, 3), 'tst': 4}, {'pst': (57, 4), 'tst': 3}, {'pst': (41, 11), 'tst': 2}, {'pst': (55, 5), 'tst': 1}, {'pst': (55, 14), 'tst': 1}, {'pst': (61, 10), 'tst': 0}, {'pst': (53, 18), 'tst': 0}]",0.60105535587098,7.742755732530279
62,11,"{'text': 'If you want to legalize drugs, then you should also legalize prostitution.'}","[0, 1, 2, 3, 4, 5, 6, 7, 8, 9, 10, 11, 12, 13, 14, 15, 16, 17, 18, 19]","[{'pst': (54, 11), 'tst': 7}, {'pst': (58, 11), 'tst': 3}, {'pst': (41, 11), 'tst': 2}, {'pst': (9, 16), 'tst': 2}, {'pst': (56, 1), 'tst': 1}, {'pst': (47, 4), 'tst': 1}, {'pst': (61, 11), 'tst': 0}, {'pst': (54, 15), 'tst': 0}]",0.6362190134066533,6.674447678116161
62,12,,"[0, 1, 2, 3, 4, 5, 6, 7, 8, 9, 10, 11, 12, 13, 14, 15, 16, 17, 18, 19]","[{'pst': (47, 7), 'tst': 5}, {'pst': (48, 11), 'tst': 4}, {'pst': (58, 13), 'tst': 2}, {'pst': (9, 16), 'tst': 2}, {'pst': (52, 6), 'tst': 1}, {'pst': (41, 8), 'tst': 1}, {'pst': (54, 11), 'tst': 0}, {'pst': (55, 16), 'tst': 0}]",0.616821580302626,8.008218848640023
62,13,,"[0, 1, 2, 3, 4, 5, 6, 7, 8, 9, 10, 11, 12, 13, 14, 15, 16, 17, 18, 19]","[{'pst': (40, 0), 'tst': 7}, {'pst': (42, 13), 'tst': 3}, {'pst': (52, 6), 'tst': 2}, {'pst': (55, 13), 'tst': 2}, {'pst': (60, 13), 'tst': 1}, {'pst': (54, 15), 'tst': 1}, {'pst': (61, 13), 'tst': 0}]",0.6153244845836598,8.296834613616072
62,14,,"[0, 1, 2, 3, 4, 5, 6, 7, 8, 9, 10, 11, 12, 13, 14, 15, 16, 17, 18, 19]","[{'pst': (54, 5), 'tst': 7}, {'pst': (52, 11), 'tst': 5}, {'pst': (57, 14), 'tst': 4}, {'pst': (55, 16), 'tst': 2}, {'pst': (55, 6), 'tst': 1}, {'pst': (57, 7), 'tst': 1}, {'pst': (59, 15), 'tst': 0}, {'pst': (58, 11), 'tst': 0}]",0.6165156384342474,8.344182497909522
62,15,,"[0, 1, 2, 3, 4, 5, 6, 7, 8, 9, 10, 11, 12, 13, 14, 15, 16, 17, 18, 19]","[{'pst': (56, 17), 'tst': 5}, {'pst': (38, 3), 'tst': 3}, {'pst': (54, 15), 'tst': 3}, {'pst': (59, 15), 'tst': 2}, {'pst': (44, 11), 'tst': 1}, {'pst': (41, 8), 'tst': 1}, {'pst': (47, 19), 'tst': 0}, {'pst': (43, 17), 'tst': 0}]",0.6165156384342474,8.344182497909522
62,16,,"[0, 1, 2, 3, 4, 5, 6, 7, 8, 9, 10, 11, 12, 13, 14, 15, 16, 17, 18, 19]","[{'pst': (43, 19), 'tst': 4}, {'pst': (40, 0), 'tst': 3}, {'pst': (49, 4), 'tst': 2}, {'pst': (52, 0), 'tst': 2}, {'pst': (60, 16), 'tst': 1}, {'pst': (52, 11), 'tst': 1}, {'pst': (60, 8), 'tst': 0}, {'pst': (56, 11), 'tst': 0}]",0.6165156384342474,8.344182497909522
62,17,,"[0, 1, 2, 3, 4, 5, 6, 7, 8, 9, 10, 11, 12, 13, 14, 15, 16, 17, 18, 19]","[{'pst': (56, 17), 'tst': 5}, {'pst': (57, 4), 'tst': 4}, {'pst': (57, 7), 'tst': 3}, {'pst': (38, 3), 'tst': 1}, {'pst': (58, 13), 'tst': 1}, {'pst': (41, 8), 'tst': 1}]",0.5981749434781848,7.674785956750901
62,18,,"[0, 1, 2, 3, 4, 5, 6, 7, 8, 9, 10, 11, 12, 13, 14, 15, 16, 17, 18, 19]","[{'pst': (49, 5), 'tst': 5}, {'pst': (44, 11), 'tst': 4}, {'pst': (48, 11), 'tst': 3}, {'pst': (46, 2), 'tst': 2}, {'pst': (55, 13), 'tst': 2}, {'pst': (60, 18), 'tst': 1}, {'pst': (55, 17), 'tst': 0}, {'pst': (43, 19), 'tst': 0}]",0.6165156384342474,8.344182497909522
62,19,,"[0, 1, 2, 3, 4, 5, 6, 7, 8, 9, 10, 11, 12, 13, 14, 15, 16, 17, 18, 19]","[{'pst': (46, 2), 'tst': 4}, {'pst': (53, 8), 'tst': 4}, {'pst': (49, 3), 'tst': 3}, {'pst': (44, 11), 'tst': 3}, {'pst': (47, 4), 'tst': 2}, {'pst': (58, 13), 'tst': 2}, {'pst': (55, 17), 'tst': 1}, {'pst': (16, 14), 'tst': 0}]",0.6364804615213463,6.661000929333983
63,0,,"[0, 1, 2, 3, 4, 5, 6, 7, 8, 9, 10, 11, 12, 13, 14, 15, 16, 17, 18, 19]","[{'pst': (32, 2), 'tst': 6}, {'pst': (20, 8), 'tst': 5}, {'pst': (40, 11), 'tst': 4}, {'pst': (59, 15), 'tst': 3}, {'pst': (41, 8), 'tst': 2}, {'pst': (47, 7), 'tst': 1}, {'pst': (49, 3), 'tst': 0}, {'pst': (54, 15), 'tst': 0}]",0.6203502968733,6.818269355628134
63,1,,"[0, 1, 2, 3, 4, 5, 6, 7, 8, 9, 10, 11, 12, 13, 14, 15, 16, 17, 18, 19]","[{'pst': (49, 4), 'tst': 4}, {'pst': (44, 11), 'tst': 3}, {'pst': (46, 2), 'tst': 2}, {'pst': (46, 5), 'tst': 2}, {'pst': (49, 5), 'tst': 1}, {'pst': (60, 9), 'tst': 1}, {'pst': (53, 8), 'tst': 0}, {'pst': (56, 1), 'tst': 0}]",0.6165156384342474,8.344182497909522
63,2,,"[0, 1, 2, 3, 4, 5, 6, 7, 8, 9, 10, 11, 12, 13, 14, 15, 16, 17, 18, 19]","[{'pst': (32, 2), 'tst': 7}, {'pst': (54, 15), 'tst': 5}, {'pst': (52, 11), 'tst': 3}, {'pst': (47, 7), 'tst': 2}, {'pst': (52, 6), 'tst': 2}, {'pst': (60, 8), 'tst': 1}, {'pst': (52, 10), 'tst': 0}, {'pst': (61, 13), 'tst': 0}]",0.6279454834381395,6.853438044208709
63,3,,"[0, 1, 2, 3, 4, 5, 6, 7, 8, 9, 10, 11, 12, 13, 14, 15, 16, 17, 18, 19]","[{'pst': (54, 5), 'tst': 5}, {'pst': (20, 8), 'tst': 3}, {'pst': (56, 1), 'tst': 1}, {'pst': (47, 7), 'tst': 1}, {'pst': (42, 13), 'tst': 1}, {'pst': (53, 18), 'tst': 1}, {'pst': (55, 6), 'tst': 0}, {'pst': (55, 14), 'tst': 0}]",0.6091563271394277,8.120413307104341
63,4,,"[0, 1, 2, 3, 4, 5, 6, 7, 8, 9, 10, 11, 12, 13, 14, 15, 16, 17, 18, 19]","[{'pst': (48, 1), 'tst': 6}, {'pst': (20, 8), 'tst': 4}, {'pst': (16, 14), 'tst': 2}, {'pst': (33, 14), 'tst': 2}, {'pst': (42, 13), 'tst': 1}, {'pst': (50, 13), 'tst': 1}]",0.6176004576469842,7.6274102861416395
63,5,,"[0, 1, 2, 3, 4, 5, 6, 7, 8, 9, 10, 11, 12, 13, 14, 15, 16, 17, 18, 19]","[{'pst': (55, 14), 'tst': 6}, {'pst': (35, 9), 'tst': 5}, {'pst': (46, 2), 'tst': 3}, {'pst': (48, 11), 'tst': 3}, {'pst': (50, 13), 'tst': 1}, {'pst': (32, 2), 'tst': 1}, {'pst': (55, 13), 'tst': 0}, {'pst': (57, 7), 'tst': 0}]",0.6302338536415125,6.719060004525625
63,6,"{'text': 'If you want to legalize drugs, then you should also legalize prostitution.'}","[0, 1, 2, 3, 4, 5, 6, 7, 8, 9, 10, 11, 12, 13, 14, 15, 16, 17, 18, 19]","[{'pst': (49, 3), 'tst': 4}, {'pst': (41, 8), 'tst': 4}, {'pst': (58, 11), 'tst': 3}, {'pst': (49, 5), 'tst': 2}, {'pst': (61, 6), 'tst': 1}, {'pst': (59, 15), 'tst': 1}, {'pst': (52, 11), 'tst': 0}, {'pst': (40, 11), 'tst': 0}]",0.6165156384342474,8.344182497909522
63,7,"{'text': 'If you want to legalize drugs, then you should also legalize prostitution.'}","[0, 1, 2, 3, 4, 5, 6, 7, 8, 9, 10, 11, 12, 13, 14, 15, 16, 17, 18, 19]","[{'pst': (42, 13), 'tst': 6}, {'pst': (47, 4), 'tst': 3}, {'pst': (55, 17), 'tst': 2}, {'pst': (35, 9), 'tst': 2}, {'pst': (53, 18), 'tst': 1}, {'pst': (4, 12), 'tst': 1}, {'pst': (62, 7), 'tst': 0}, {'pst': (57, 14), 'tst': 0}]",0.6295089142928119,6.585691833324523
63,8,"{'text': 'If you want to legalize drugs, then you should also legalize prostitution.'}","[0, 1, 2, 3, 4, 5, 6, 7, 8, 9, 10, 11, 12, 13, 14, 15, 16, 17, 18, 19]","[{'pst': (52, 6), 'tst': 6}, {'pst': (52, 16), 'tst': 4}, {'pst': (58, 11), 'tst': 4}, {'pst': (59, 8), 'tst': 3}, {'pst': (60, 8), 'tst': 2}, {'pst': (20, 8), 'tst': 2}, {'pst': (55, 5), 'tst': 1}, {'pst': (61, 13), 'tst': 0}]",0.5995571728742716,8.17015841909731
63,9,,"[0, 1, 2, 3, 4, 5, 6, 7, 8, 9, 10, 11, 12, 13, 14, 15, 16, 17, 18, 19]","[{'pst': (49, 4), 'tst': 3}, {'pst': (40, 0), 'tst': 3}, {'pst': (9, 16), 'tst': 3}, {'pst': (57, 7), 'tst': 3}, {'pst': (60, 9), 'tst': 2}, {'pst': (61, 10), 'tst': 1}, {'pst': (62, 9), 'tst': 0}, {'pst': (43, 17), 'tst': 0}]",0.6174709512610035,8.013298264558843
63,10,,"[0, 1, 2, 3, 4, 5, 6, 7, 8, 9, 10, 11, 12, 13, 14, 15, 16, 17, 18, 19]","[{'pst': (34, 3), 'tst': 5}, {'pst': (57, 4), 'tst': 4}, {'pst': (41, 11), 'tst': 3}, {'pst': (55, 5), 'tst': 2}, {'pst': (55, 14), 'tst': 2}, {'pst': (61, 10), 'tst': 1}, {'pst': (53, 18), 'tst': 1}, {'pst': (62, 10), 'tst': 0}]",0.6001509467998654,7.793528517786604
63,11,,"[0, 1, 2, 3, 4, 5, 6, 7, 8, 9, 10, 11, 12, 13, 14, 15, 16, 17, 18, 19]","[{'pst': (58, 11), 'tst': 4}, {'pst': (9, 16), 'tst': 3}, {'pst': (56, 1), 'tst': 2}, {'pst': (47, 4), 'tst': 2}, {'pst': (61, 11), 'tst': 1}, {'pst': (54, 15), 'tst': 1}, {'pst': (62, 11), 'tst': 0}, {'pst': (52, 16), 'tst': 0}]",0.6387506086713753,6.902375905148276
63,12,,"[0, 1, 2, 3, 4, 5, 6, 7, 8, 9, 10, 11, 12, 13, 14, 15, 16, 17, 18, 19]","[{'pst': (48, 11), 'tst': 5}, {'pst': (9, 16), 'tst': 3}, {'pst': (52, 6), 'tst': 2}, {'pst': (41, 8), 'tst': 2}, {'pst': (54, 11), 'tst': 1}, {'pst': (55, 16), 'tst': 1}, {'pst': (60, 9), 'tst': 0}, {'pst': (61, 13), 'tst': 0}]",0.6181408627998717,8.123890842458094
63,13,,"[0, 1, 2, 3, 4, 5, 6, 7, 8, 9, 10, 11, 12, 13, 14, 15, 16, 17, 18, 19]","[{'pst': (40, 0), 'tst': 8}, {'pst': (55, 13), 'tst': 3}, {'pst': (60, 13), 'tst': 2}, {'pst': (54, 15), 'tst': 2}, {'pst': (61, 13), 'tst': 1}, {'pst': (62, 9), 'tst': 0}, {'pst': (40, 11), 'tst': 0}, {'pst': (57, 7), 'tst': 0}]",0.6165156384342474,8.344182497909522
63,14,"{'text': 'If you want to legalize drugs, then you should also legalize prostitution.'}","[0, 1, 2, 3, 4, 5, 6, 7, 8, 9, 10, 11, 12, 13, 14, 15, 16, 17, 18, 19]","[{'pst': (52, 11), 'tst': 6}, {'pst': (57, 14), 'tst': 5}, {'pst': (55, 16), 'tst': 3}, {'pst': (55, 6), 'tst': 2}, {'pst': (57, 7), 'tst': 2}, {'pst': (59, 15), 'tst': 1}, {'pst': (58, 11), 'tst': 1}, {'pst': (46, 5), 'tst': 0}]",0.6165156384342474,8.344182497909522
63,15,,"[0, 1, 2, 3, 4, 5, 6, 7, 8, 9, 10, 11, 12, 13, 14, 15, 16, 17, 18, 19]","[{'pst': (56, 17), 'tst': 6}, {'pst': (38, 3), 'tst': 4}, {'pst': (59, 15), 'tst': 3}, {'pst': (41, 8), 'tst': 2}, {'pst': (47, 19), 'tst': 1}, {'pst': (43, 17), 'tst': 1}, {'pst': (34, 3), 'tst': 0}, {'pst': (60, 18), 'tst': 0}]",0.5953574210826224,7.508224449897318
63,16,"{'text': 'If you want to legalize drugs, then you should also legalize prostitution.'}","[0, 1, 2, 3, 4, 5, 6, 7, 8, 9, 10, 11, 12, 13, 14, 15, 16, 17, 18, 19]","[{'pst': (40, 0), 'tst': 4}, {'pst': (49, 4), 'tst': 3}, {'pst': (60, 16), 'tst': 2}, {'pst': (52, 11), 'tst': 2}, {'pst': (60, 8), 'tst': 1}, {'pst': (56, 11), 'tst': 1}, {'pst': (55, 17), 'tst': 0}, {'pst': (60, 18), 'tst': 0}]",0.6165156384342474,8.344182497909522
63,17,,"[0, 1, 2, 3, 4, 5, 6, 7, 8, 9, 10, 11, 12, 13, 14, 15, 16, 17, 18, 19]","[{'pst': (56, 17), 'tst': 6}, {'pst': (57, 7), 'tst': 4}, {'pst': (38, 3), 'tst': 2}, {'pst': (58, 13), 'tst': 2}, {'pst': (41, 8), 'tst': 2}, {'pst': (62, 9), 'tst': 0}, {'pst': (48, 11), 'tst': 0}, {'pst': (55, 14), 'tst': 0}]",0.6165156384342474,8.344182497909522
63,18,,"[0, 1, 2, 3, 4, 5, 6, 7, 8, 9, 10, 11, 12, 13, 14, 15, 16, 17, 18, 19]","[{'pst': (49, 5), 'tst': 6}, {'pst': (44, 11), 'tst': 5}, {'pst': (48, 11), 'tst': 4}, {'pst': (46, 2), 'tst': 3}, {'pst': (60, 18), 'tst': 2}, {'pst': (55, 17), 'tst': 1}, {'pst': (43, 19), 'tst': 1}, {'pst': (50, 13), 'tst': 0}]",0.6165156384342474,8.344182497909522
63,19,,"[0, 1, 2, 3, 4, 5, 6, 7, 8, 9, 10, 11, 12, 13, 14, 15, 16, 17, 18, 19]","[{'pst': (53, 8), 'tst': 5}, {'pst': (49, 3), 'tst': 4}, {'pst': (44, 11), 'tst': 4}, {'pst': (47, 4), 'tst': 3}, {'pst': (58, 13), 'tst': 3}, {'pst': (55, 17), 'tst': 2}, {'pst': (16, 14), 'tst': 1}, {'pst': (32, 2), 'tst': 0}]",0.6413503766145007,6.353165189456166
64,0,,"[0, 1, 2, 3, 4, 5, 6, 7, 8, 9, 10, 11, 12, 13, 14, 15, 16, 17, 18, 19]","[{'pst': (32, 2), 'tst': 7}, {'pst': (20, 8), 'tst': 6}, {'pst': (59, 15), 'tst': 4}, {'pst': (41, 8), 'tst': 3}, {'pst': (47, 7), 'tst': 2}, {'pst': (49, 3), 'tst': 1}, {'pst': (54, 15), 'tst': 1}, {'pst': (52, 10), 'tst': 0}]",0.6203502968733,6.818269355628134
64,1,,"[0, 1, 2, 3, 4, 5, 6, 7, 8, 9, 10, 11, 12, 13, 14, 15, 16, 17, 18, 19]","[{'pst': (49, 4), 'tst': 5}, {'pst': (44, 11), 'tst': 4}, {'pst': (46, 5), 'tst': 3}, {'pst': (60, 9), 'tst': 2}, {'pst': (53, 8), 'tst': 1}, {'pst': (56, 1), 'tst': 1}, {'pst': (55, 13), 'tst': 0}, {'pst': (53, 18), 'tst': 0}]",0.6165156384342474,8.344182497909522
64,2,,"[0, 1, 2, 3, 4, 5, 6, 7, 8, 9, 10, 11, 12, 13, 14, 15, 16, 17, 18, 19]","[{'pst': (52, 11), 'tst': 4}, {'pst': (47, 7), 'tst': 3}, {'pst': (52, 6), 'tst': 3}, {'pst': (60, 8), 'tst': 2}, {'pst': (52, 10), 'tst': 1}, {'pst': (61, 13), 'tst': 1}]",0.6135901410960284,8.267867965468785
64,3,"{'text': 'If you want to legalize drugs, then you should also legalize prostitution.'}","[0, 1, 2, 3, 4, 5, 6, 7, 8, 9, 10, 11, 12, 13, 14, 15, 16, 17, 18, 19]","[{'pst': (20, 8), 'tst': 4}, {'pst': (56, 1), 'tst': 2}, {'pst': (42, 13), 'tst': 2}, {'pst': (53, 18), 'tst': 2}, {'pst': (55, 6), 'tst': 1}, {'pst': (55, 14), 'tst': 1}, {'pst': (49, 3), 'tst': 0}, {'pst': (38, 3), 'tst': 0}]",0.6059854040092377,7.915764049037844
64,4,"{'text': 'If you want to legalize drugs, then you should also legalize prostitution.'}","[0, 1, 2, 3, 4, 5, 6, 7, 8, 9, 10, 11, 12, 13, 14, 15, 16, 17, 18, 19]","[{'pst': (48, 1), 'tst': 7}, {'pst': (16, 14), 'tst': 3}, {'pst': (42, 13), 'tst': 2}, {'pst': (50, 13), 'tst': 2}, {'pst': (62, 9), 'tst': 0}, {'pst': (54, 11), 'tst': 0}, {'pst': (60, 8), 'tst': 0}, {'pst': (55, 13), 'tst': 0}]",0.6072703102590639,7.56738053609794
64,5,,"[0, 1, 2, 3, 4, 5, 6, 7, 8, 9, 10, 11, 12, 13, 14, 15, 16, 17, 18, 19]","[{'pst': (55, 14), 'tst': 7}, {'pst': (46, 2), 'tst': 4}, {'pst': (50, 13), 'tst': 2}, {'pst': (32, 2), 'tst': 2}, {'pst': (55, 13), 'tst': 1}, {'pst': (57, 7), 'tst': 1}, {'pst': (52, 6), 'tst': 0}, {'pst': (62, 11), 'tst': 0}]",0.6341430089891228,6.839601431039475
64,6,,"[0, 1, 2, 3, 4, 5, 6, 7, 8, 9, 10, 11, 12, 13, 14, 15, 16, 17, 18, 19]","[{'pst': (41, 8), 'tst': 5}, {'pst': (58, 11), 'tst': 4}, {'pst': (49, 5), 'tst': 3}, {'pst': (59, 15), 'tst': 2}, {'pst': (52, 11), 'tst': 1}, {'pst': (40, 11), 'tst': 1}, {'pst': (63, 6), 'tst': 0}, {'pst': (57, 4), 'tst': 0}]",0.5869730431339416,7.4467967542349776
64,7,,"[0, 1, 2, 3, 4, 5, 6, 7, 8, 9, 10, 11, 12, 13, 14, 15, 16, 17, 18, 19]","[{'pst': (42, 13), 'tst': 7}, {'pst': (47, 4), 'tst': 4}, {'pst': (55, 17), 'tst': 3}, {'pst': (35, 9), 'tst': 3}, {'pst': (62, 7), 'tst': 1}, {'pst': (57, 14), 'tst': 1}, {'pst': (63, 7), 'tst': 0}, {'pst': (61, 10), 'tst': 0}]",0.6376623070446689,7.1315688727055075
64,8,,"[0, 1, 2, 3, 4, 5, 6, 7, 8, 9, 10, 11, 12, 13, 14, 15, 16, 17, 18, 19]","[{'pst': (52, 6), 'tst': 7}, {'pst': (58, 11), 'tst': 5}, {'pst': (60, 8), 'tst': 3}, {'pst': (20, 8), 'tst': 3}, {'pst': (55, 5), 'tst': 2}, {'pst': (61, 13), 'tst': 1}, {'pst': (63, 8), 'tst': 0}, {'pst': (55, 17), 'tst': 0}]",0.6008318238064116,8.113078855830857
64,9,,"[0, 1, 2, 3, 4, 5, 6, 7, 8, 9, 10, 11, 12, 13, 14, 15, 16, 17, 18, 19]","[{'pst': (49, 4), 'tst': 4}, {'pst': (40, 0), 'tst': 4}, {'pst': (60, 9), 'tst': 3}, {'pst': (61, 10), 'tst': 2}, {'pst': (62, 9), 'tst': 1}, {'pst': (43, 17), 'tst': 1}, {'pst': (54, 11), 'tst': 0}, {'pst': (63, 8), 'tst': 0}]",0.6165156384342474,8.344182497909522
64,10,,"[0, 1, 2, 3, 4, 5, 6, 7, 8, 9, 10, 11, 12, 13, 14, 15, 16, 17, 18, 19]","[{'pst': (34, 3), 'tst': 6}, {'pst': (57, 4), 'tst': 5}, {'pst': (55, 14), 'tst': 3}, {'pst': (61, 10), 'tst': 2}, {'pst': (53, 18), 'tst': 2}, {'pst': (62, 10), 'tst': 1}, {'pst': (47, 7), 'tst': 0}, {'pst': (63, 14), 'tst': 0}]",0.6001509467998654,7.793528517786604
64,11,,"[0, 1, 2, 3, 4, 5, 6, 7, 8, 9, 10, 11, 12, 13, 14, 15, 16, 17, 18, 19]","[{'pst': (58, 11), 'tst': 5}, {'pst': (47, 4), 'tst': 3}, {'pst': (61, 11), 'tst': 2}, {'pst': (54, 15), 'tst': 2}, {'pst': (62, 11), 'tst': 1}, {'pst': (52, 16), 'tst': 1}, {'pst': (49, 3), 'tst': 0}, {'pst': (33, 14), 'tst': 0}]",0.6735036623407281,7.402808091134083
64,12,"{'text': 'If you want to legalize drugs, then you should also legalize prostitution.'}","[0, 1, 2, 3, 4, 5, 6, 7, 8, 9, 10, 11, 12, 13, 14, 15, 16, 17, 18, 19]","[{'pst': (52, 6), 'tst': 3}, {'pst': (41, 8), 'tst': 3}, {'pst': (54, 11), 'tst': 2}, {'pst': (55, 16), 'tst': 2}, {'pst': (60, 9), 'tst': 1}, {'pst': (61, 13), 'tst': 1}, {'pst': (61, 10), 'tst': 0}, {'pst': (62, 9), 'tst': 0}]",0.6165156384342474,8.344182497909522
64,13,,"[0, 1, 2, 3, 4, 5, 6, 7, 8, 9, 10, 11, 12, 13, 14, 15, 16, 17, 18, 19]","[{'pst': (60, 13), 'tst': 3}, {'pst': (54, 15), 'tst': 3}, {'pst': (61, 13), 'tst': 2}, {'pst': (62, 9), 'tst': 1}, {'pst': (40, 11), 'tst': 1}, {'pst': (57, 7), 'tst': 1}, {'pst': (60, 9), 'tst': 0}, {'pst': (44, 11), 'tst': 0}]",0.6165156384342474,8.344182497909522
64,14,,"[0, 1, 2, 3, 4, 5, 6, 7, 8, 9, 10, 11, 12, 13, 14, 15, 16, 17, 18, 19]","[{'pst': (52, 11), 'tst': 7}, {'pst': (55, 16), 'tst': 4}, {'pst': (55, 6), 'tst': 3}, {'pst': (57, 7), 'tst': 3}, {'pst': (59, 15), 'tst': 2}, {'pst': (58, 11), 'tst': 2}, {'pst': (46, 5), 'tst': 1}, {'pst': (63, 14), 'tst': 0}]",0.6165156384342474,8.344182497909522
64,15,,"[0, 1, 2, 3, 4, 5, 6, 7, 8, 9, 10, 11, 12, 13, 14, 15, 16, 17, 18, 19]","[{'pst': (56, 17), 'tst': 7}, {'pst': (59, 15), 'tst': 4}, {'pst': (41, 8), 'tst': 3}, {'pst': (43, 17), 'tst': 2}, {'pst': (34, 3), 'tst': 1}, {'pst': (60, 18), 'tst': 1}, {'pst': (63, 7), 'tst': 0}, {'pst': (58, 13), 'tst': 0}]",0.5942386631469825,7.625391679214867
64,16,,"[0, 1, 2, 3, 4, 5, 6, 7, 8, 9, 10, 11, 12, 13, 14, 15, 16, 17, 18, 19]","[{'pst': (49, 4), 'tst': 4}, {'pst': (60, 16), 'tst': 3}, {'pst': (52, 11), 'tst': 3}, {'pst': (60, 8), 'tst': 2}, {'pst': (56, 11), 'tst': 2}, {'pst': (55, 17), 'tst': 1}, {'pst': (60, 18), 'tst': 1}, {'pst': (63, 16), 'tst': 0}]",0.6165156384342474,8.344182497909522
64,17,,"[0, 1, 2, 3, 4, 5, 6, 7, 8, 9, 10, 11, 12, 13, 14, 15, 16, 17, 18, 19]","[{'pst': (56, 17), 'tst': 7}, {'pst': (57, 7), 'tst': 5}, {'pst': (58, 13), 'tst': 3}, {'pst': (62, 9), 'tst': 1}, {'pst': (48, 11), 'tst': 1}, {'pst': (55, 14), 'tst': 1}, {'pst': (60, 16), 'tst': 0}, {'pst': (63, 8), 'tst': 0}]",0.6165156384342474,8.344182497909522
64,18,,"[0, 1, 2, 3, 4, 5, 6, 7, 8, 9, 10, 11, 12, 13, 14, 15, 16, 17, 18, 19]","[{'pst': (49, 5), 'tst': 7}, {'pst': (48, 11), 'tst': 5}, {'pst': (60, 18), 'tst': 3}, {'pst': (55, 17), 'tst': 2}, {'pst': (43, 19), 'tst': 2}, {'pst': (50, 13), 'tst': 1}, {'pst': (42, 13), 'tst': 0}, {'pst': (60, 13), 'tst': 0}]",0.6165156384342474,8.344182497909522
64,19,,"[0, 1, 2, 3, 4, 5, 6, 7, 8, 9, 10, 11, 12, 13, 14, 15, 16, 17, 18, 19]","[{'pst': (49, 3), 'tst': 5}, {'pst': (47, 4), 'tst': 4}, {'pst': (58, 13), 'tst': 4}, {'pst': (55, 17), 'tst': 3}, {'pst': (16, 14), 'tst': 2}, {'pst': (32, 2), 'tst': 1}, {'pst': (60, 8), 'tst': 0}, {'pst': (50, 13), 'tst': 0}]",0.6328568741144853,6.510564993847925
65,0,,"[0, 1, 2, 3, 4, 5, 6, 7, 8, 9, 10, 11, 12, 13, 14, 15, 16, 17, 18, 19]","[{'pst': (32, 2), 'tst': 8}, {'pst': (20, 8), 'tst': 7}, {'pst': (47, 7), 'tst': 3}, {'pst': (49, 3), 'tst': 2}, {'pst': (54, 15), 'tst': 2}, {'pst': (52, 10), 'tst': 1}, {'pst': (46, 2), 'tst': 0}, {'pst': (52, 6), 'tst': 0}]",0.6203502968733,6.818269355628134
65,1,,"[0, 1, 2, 3, 4, 5, 6, 7, 8, 9, 10, 11, 12, 13, 14, 15, 16, 17, 18, 19]","[{'pst': (49, 4), 'tst': 6}, {'pst': (46, 5), 'tst': 4}, {'pst': (60, 9), 'tst': 3}, {'pst': (53, 8), 'tst': 2}, {'pst': (55, 13), 'tst': 1}, {'pst': (53, 18), 'tst': 1}, {'pst': (34, 3), 'tst': 0}, {'pst': (58, 13), 'tst': 0}]",0.5953574210826224,7.508224449897318
65,2,"{'text': 'If you want to legalize drugs, then you should also legalize prostitution.'}","[0, 1, 2, 3, 4, 5, 6, 7, 8, 9, 10, 11, 12, 13, 14, 15, 16, 17, 18, 19]","[{'pst': (47, 7), 'tst': 4}, {'pst': (52, 6), 'tst': 4}, {'pst': (60, 8), 'tst': 3}, {'pst': (52, 10), 'tst': 2}, {'pst': (49, 4), 'tst': 0}, {'pst': (64, 4), 'tst': 0}, {'pst': (58, 13), 'tst': 0}, {'pst': (50, 13), 'tst': 0}]",0.6165156384342474,8.344182497909522
65,3,,"[0, 1, 2, 3, 4, 5, 6, 7, 8, 9, 10, 11, 12, 13, 14, 15, 16, 17, 18, 19]","[{'pst': (56, 1), 'tst': 3}, {'pst': (42, 13), 'tst': 3}, {'pst': (53, 18), 'tst': 3}, {'pst': (55, 6), 'tst': 2}, {'pst': (55, 14), 'tst': 2}, {'pst': (49, 3), 'tst': 1}, {'pst': (38, 3), 'tst': 1}, {'pst': (64, 3), 'tst': 0}]",0.6165156384342474,8.344182497909522
65,4,"{'text': 'If you want to legalize drugs, then you should also legalize prostitution.'}","[0, 1, 2, 3, 4, 5, 6, 7, 8, 9, 10, 11, 12, 13, 14, 15, 16, 17, 18, 19]","[{'pst': (16, 14), 'tst': 4}, {'pst': (42, 13), 'tst': 3}, {'pst': (50, 13), 'tst': 3}, {'pst': (62, 9), 'tst': 1}, {'pst': (54, 11), 'tst': 1}, {'pst': (60, 8), 'tst': 1}, {'pst': (55, 13), 'tst': 1}, {'pst': (64, 4), 'tst': 0}]",0.6239406969984932,7.678406921167499
65,5,"{'text': 'If you want to legalize drugs, then you should also legalize prostitution.'}","[0, 1, 2, 3, 4, 5, 6, 7, 8, 9, 10, 11, 12, 13, 14, 15, 16, 17, 18, 19]","[{'pst': (46, 2), 'tst': 5}, {'pst': (50, 13), 'tst': 3}, {'pst': (32, 2), 'tst': 3}, {'pst': (55, 13), 'tst': 2}, {'pst': (52, 6), 'tst': 1}, {'pst': (62, 11), 'tst': 1}, {'pst': (60, 8), 'tst': 0}, {'pst': (38, 3), 'tst': 0}]",0.6379033608000546,6.95549384613743
65,6,,"[0, 1, 2, 3, 4, 5, 6, 7, 8, 9, 10, 11, 12, 13, 14, 15, 16, 17, 18, 19]","[{'pst': (41, 8), 'tst': 6}, {'pst': (58, 11), 'tst': 5}, {'pst': (59, 15), 'tst': 3}, {'pst': (52, 11), 'tst': 2}, {'pst': (40, 11), 'tst': 2}, {'pst': (63, 6), 'tst': 1}, {'pst': (57, 4), 'tst': 1}, {'pst': (63, 7), 'tst': 0}]",0.5953574210826224,7.508224449897318
65,7,,"[0, 1, 2, 3, 4, 5, 6, 7, 8, 9, 10, 11, 12, 13, 14, 15, 16, 17, 18, 19]","[{'pst': (47, 4), 'tst': 5}, {'pst': (55, 17), 'tst': 4}, {'pst': (35, 9), 'tst': 4}, {'pst': (62, 7), 'tst': 2}, {'pst': (57, 14), 'tst': 2}, {'pst': (63, 7), 'tst': 1}, {'pst': (61, 10), 'tst': 1}, {'pst': (55, 14), 'tst': 0}]",0.6279454834381395,6.853438044208709
65,8,,"[0, 1, 2, 3, 4, 5, 6, 7, 8, 9, 10, 11, 12, 13, 14, 15, 16, 17, 18, 19]","[{'pst': (52, 6), 'tst': 8}, {'pst': (60, 8), 'tst': 4}, {'pst': (20, 8), 'tst': 4}, {'pst': (61, 13), 'tst': 2}, {'pst': (63, 8), 'tst': 1}, {'pst': (55, 17), 'tst': 1}, {'pst': (46, 5), 'tst': 0}, {'pst': (50, 13), 'tst': 0}]",0.6038078398652693,8.102273919042998
65,9,,"[0, 1, 2, 3, 4, 5, 6, 7, 8, 9, 10, 11, 12, 13, 14, 15, 16, 17, 18, 19]","[{'pst': (40, 0), 'tst': 5}, {'pst': (61, 10), 'tst': 3}, {'pst': (62, 9), 'tst': 2}, {'pst': (43, 17), 'tst': 2}, {'pst': (54, 11), 'tst': 1}, {'pst': (63, 8), 'tst': 1}, {'pst': (49, 3), 'tst': 0}, {'pst': (57, 4), 'tst': 0}]",0.5869730431339416,7.4467967542349776
65,10,"{'text': 'If you want to legalize drugs, then you should also legalize prostitution.'}","[0, 1, 2, 3, 4, 5, 6, 7, 8, 9, 10, 11, 12, 13, 14, 15, 16, 17, 18, 19]","[{'pst': (34, 3), 'tst': 7}, {'pst': (55, 14), 'tst': 4}, {'pst': (61, 10), 'tst': 3}, {'pst': (62, 10), 'tst': 2}, {'pst': (47, 7), 'tst': 1}, {'pst': (63, 14), 'tst': 1}, {'pst': (62, 9), 'tst': 0}, {'pst': (60, 16), 'tst': 0}]",0.6070071930731191,7.635249400128382
65,11,,"[0, 1, 2, 3, 4, 5, 6, 7, 8, 9, 10, 11, 12, 13, 14, 15, 16, 17, 18, 19]","[{'pst': (47, 4), 'tst': 4}, {'pst': (61, 11), 'tst': 3}, {'pst': (54, 15), 'tst': 3}, {'pst': (62, 11), 'tst': 2}, {'pst': (52, 16), 'tst': 2}, {'pst': (49, 3), 'tst': 1}, {'pst': (33, 14), 'tst': 1}, {'pst': (44, 11), 'tst': 0}]",0.6570430006386418,6.923405665766171
65,12,,"[0, 1, 2, 3, 4, 5, 6, 7, 8, 9, 10, 11, 12, 13, 14, 15, 16, 17, 18, 19]","[{'pst': (52, 6), 'tst': 4}, {'pst': (54, 11), 'tst': 3}, {'pst': (60, 9), 'tst': 2}, {'pst': (61, 13), 'tst': 2}, {'pst': (61, 10), 'tst': 1}, {'pst': (62, 9), 'tst': 1}, {'pst': (64, 12), 'tst': 0}, {'pst': (60, 18), 'tst': 0}]",0.6165156384342474,8.344182497909522
65,13,,"[0, 1, 2, 3, 4, 5, 6, 7, 8, 9, 10, 11, 12, 13, 14, 15, 16, 17, 18, 19]","[{'pst': (61, 13), 'tst': 3}, {'pst': (62, 9), 'tst': 2}, {'pst': (40, 11), 'tst': 2}, {'pst': (57, 7), 'tst': 2}, {'pst': (60, 9), 'tst': 1}, {'pst': (44, 11), 'tst': 1}, {'pst': (63, 7), 'tst': 0}, {'pst': (53, 18), 'tst': 0}]",0.6165156384342474,8.344182497909522
65,14,,"[0, 1, 2, 3, 4, 5, 6, 7, 8, 9, 10, 11, 12, 13, 14, 15, 16, 17, 18, 19]","[{'pst': (55, 16), 'tst': 5}, {'pst': (55, 6), 'tst': 4}, {'pst': (57, 7), 'tst': 4}, {'pst': (59, 15), 'tst': 3}, {'pst': (46, 5), 'tst': 2}, {'pst': (63, 14), 'tst': 1}, {'pst': (61, 10), 'tst': 0}, {'pst': (38, 3), 'tst': 0}]",0.6165156384342474,8.344182497909522
65,15,,"[0, 1, 2, 3, 4, 5, 6, 7, 8, 9, 10, 11, 12, 13, 14, 15, 16, 17, 18, 19]","[{'pst': (56, 17), 'tst': 8}, {'pst': (43, 17), 'tst': 3}, {'pst': (34, 3), 'tst': 2}, {'pst': (60, 18), 'tst': 2}, {'pst': (63, 7), 'tst': 1}, {'pst': (58, 13), 'tst': 1}, {'pst': (59, 15), 'tst': 0}, {'pst': (53, 8), 'tst': 0}]",0.5994139301602949,7.6378727009057314
65,16,,"[0, 1, 2, 3, 4, 5, 6, 7, 8, 9, 10, 11, 12, 13, 14, 15, 16, 17, 18, 19]","[{'pst': (60, 16), 'tst': 4}, {'pst': (52, 11), 'tst': 4}, {'pst': (60, 8), 'tst': 3}, {'pst': (56, 11), 'tst': 3}, {'pst': (60, 18), 'tst': 2}, {'pst': (63, 16), 'tst': 1}, {'pst': (20, 8), 'tst': 0}, {'pst': (44, 11), 'tst': 0}]",0.6030824493319097,8.090897133224482
65,17,,"[0, 1, 2, 3, 4, 5, 6, 7, 8, 9, 10, 11, 12, 13, 14, 15, 16, 17, 18, 19]","[{'pst': (57, 7), 'tst': 6}, {'pst': (58, 13), 'tst': 4}, {'pst': (62, 9), 'tst': 2}, {'pst': (48, 11), 'tst': 2}, {'pst': (55, 14), 'tst': 2}, {'pst': (60, 16), 'tst': 1}, {'pst': (63, 8), 'tst': 1}, {'pst': (48, 1), 'tst': 0}]",0.5869730431339416,7.4467967542349776
65,18,,"[0, 1, 2, 3, 4, 5, 6, 7, 8, 9, 10, 11, 12, 13, 14, 15, 16, 17, 18, 19]","[{'pst': (49, 5), 'tst': 8}, {'pst': (55, 17), 'tst': 3}, {'pst': (43, 19), 'tst': 3}, {'pst': (50, 13), 'tst': 2}, {'pst': (42, 13), 'tst': 1}, {'pst': (60, 13), 'tst': 1}, {'pst': (49, 3), 'tst': 0}, {'pst': (55, 13), 'tst': 0}]",0.6165156384342474,8.344182497909522
65,19,,"[0, 1, 2, 3, 4, 5, 6, 7, 8, 9, 10, 11, 12, 13, 14, 15, 16, 17, 18, 19]","[{'pst': (47, 4), 'tst': 5}, {'pst': (55, 17), 'tst': 4}, {'pst': (16, 14), 'tst': 3}, {'pst': (32, 2), 'tst': 2}, {'pst': (60, 8), 'tst': 1}, {'pst': (50, 13), 'tst': 1}, {'pst': (43, 19), 'tst': 0}, {'pst': (46, 2), 'tst': 0}]",0.6293949872782455,6.493425311216401
66,0,,"[0, 1, 2, 3, 4, 5, 6, 7, 8, 9, 10, 11, 12, 13, 14, 15, 16, 17, 18, 19]","[{'pst': (47, 7), 'tst': 4}, {'pst': (49, 3), 'tst': 3}, {'pst': (54, 15), 'tst': 3}, {'pst': (52, 10), 'tst': 2}, {'pst': (46, 2), 'tst': 1}, {'pst': (52, 6), 'tst': 1}]",0.6135901410960284,8.267867965468785
66,1,,"[0, 1, 2, 3, 4, 5, 6, 7, 8, 9, 10, 11, 12, 13, 14, 15, 16, 17, 18, 19]","[{'pst': (46, 5), 'tst': 5}, {'pst': (53, 8), 'tst': 3}, {'pst': (55, 13), 'tst': 2}, {'pst': (53, 18), 'tst': 2}, {'pst': (34, 3), 'tst': 1}, {'pst': (58, 13), 'tst': 1}, {'pst': (61, 10), 'tst': 0}, {'pst': (62, 10), 'tst': 0}]",0.5942386631469825,7.625391679214867
66,2,,"[0, 1, 2, 3, 4, 5, 6, 7, 8, 9, 10, 11, 12, 13, 14, 15, 16, 17, 18, 19]","[{'pst': (52, 6), 'tst': 5}, {'pst': (60, 8), 'tst': 4}, {'pst': (52, 10), 'tst': 3}, {'pst': (49, 4), 'tst': 1}, {'pst': (64, 4), 'tst': 1}, {'pst': (58, 13), 'tst': 1}, {'pst': (50, 13), 'tst': 1}, {'pst': (65, 2), 'tst': 0}]",0.6165156384342474,8.344182497909522
66,3,,"[0, 1, 2, 3, 4, 5, 6, 7, 8, 9, 10, 11, 12, 13, 14, 15, 16, 17, 18, 19]","[{'pst': (56, 1), 'tst': 4}, {'pst': (42, 13), 'tst': 4}, {'pst': (53, 18), 'tst': 4}, {'pst': (49, 3), 'tst': 2}, {'pst': (38, 3), 'tst': 2}, {'pst': (64, 3), 'tst': 1}, {'pst': (65, 5), 'tst': 0}, {'pst': (56, 11), 'tst': 0}]",0.6165156384342474,8.344182497909522
66,4,,"[0, 1, 2, 3, 4, 5, 6, 7, 8, 9, 10, 11, 12, 13, 14, 15, 16, 17, 18, 19]","[{'pst': (16, 14), 'tst': 5}, {'pst': (50, 13), 'tst': 4}, {'pst': (62, 9), 'tst': 2}, {'pst': (54, 11), 'tst': 2}, {'pst': (55, 13), 'tst': 2}, {'pst': (64, 4), 'tst': 1}, {'pst': (65, 4), 'tst': 0}, {'pst': (53, 18), 'tst': 0}]",0.6239406969984932,7.678406921167499
66,5,,"[0, 1, 2, 3, 4, 5, 6, 7, 8, 9, 10, 11, 12, 13, 14, 15, 16, 17, 18, 19]","[{'pst': (50, 13), 'tst': 4}, {'pst': (32, 2), 'tst': 4}, {'pst': (52, 6), 'tst': 2}, {'pst': (62, 11), 'tst': 2}, {'pst': (60, 8), 'tst': 1}, {'pst': (38, 3), 'tst': 1}, {'pst': (65, 5), 'tst': 0}, {'pst': (57, 14), 'tst': 0}]",0.6376623070446689,7.1315688727055075
66,6,"{'text': 'If you want to legalize drugs, then you should also legalize prostitution.'}","[0, 1, 2, 3, 4, 5, 6, 7, 8, 9, 10, 11, 12, 13, 14, 15, 16, 17, 18, 19]","[{'pst': (41, 8), 'tst': 7}, {'pst': (59, 15), 'tst': 4}, {'pst': (40, 11), 'tst': 3}, {'pst': (63, 6), 'tst': 2}, {'pst': (57, 4), 'tst': 2}, {'pst': (63, 7), 'tst': 1}, {'pst': (62, 7), 'tst': 0}, {'pst': (52, 16), 'tst': 0}]",0.5942386631469825,7.625391679214867
66,7,,"[0, 1, 2, 3, 4, 5, 6, 7, 8, 9, 10, 11, 12, 13, 14, 15, 16, 17, 18, 19]","[{'pst': (47, 4), 'tst': 6}, {'pst': (62, 7), 'tst': 3}, {'pst': (57, 14), 'tst': 3}, {'pst': (63, 7), 'tst': 2}, {'pst': (61, 10), 'tst': 2}, {'pst': (55, 14), 'tst': 1}, {'pst': (65, 10), 'tst': 0}, {'pst': (62, 10), 'tst': 0}]",0.6279454834381395,6.853438044208709
66,8,,"[0, 1, 2, 3, 4, 5, 6, 7, 8, 9, 10, 11, 12, 13, 14, 15, 16, 17, 18, 19]","[{'pst': (52, 6), 'tst': 9}, {'pst': (60, 8), 'tst': 5}, {'pst': (61, 13), 'tst': 3}, {'pst': (63, 8), 'tst': 2}, {'pst': (46, 5), 'tst': 1}, {'pst': (50, 13), 'tst': 1}, {'pst': (62, 7), 'tst': 0}, {'pst': (20, 8), 'tst': 0}]",0.6055573292923172,8.03143393718483
66,9,,"[0, 1, 2, 3, 4, 5, 6, 7, 8, 9, 10, 11, 12, 13, 14, 15, 16, 17, 18, 19]","[{'pst': (40, 0), 'tst': 6}, {'pst': (61, 10), 'tst': 4}, {'pst': (62, 9), 'tst': 3}, {'pst': (54, 11), 'tst': 2}, {'pst': (63, 8), 'tst': 2}, {'pst': (49, 3), 'tst': 1}, {'pst': (57, 4), 'tst': 1}, {'pst': (34, 3), 'tst': 0}]",0.5883868567846786,7.73438798153958
66,10,,"[0, 1, 2, 3, 4, 5, 6, 7, 8, 9, 10, 11, 12, 13, 14, 15, 16, 17, 18, 19]","[{'pst': (61, 10), 'tst': 4}, {'pst': (62, 10), 'tst': 3}, {'pst': (47, 7), 'tst': 2}, {'pst': (63, 14), 'tst': 2}, {'pst': (62, 9), 'tst': 1}, {'pst': (60, 16), 'tst': 1}, {'pst': (65, 10), 'tst': 0}, {'pst': (60, 9), 'tst': 0}]",0.6165156384342474,8.344182497909522
66,11,,"[0, 1, 2, 3, 4, 5, 6, 7, 8, 9, 10, 11, 12, 13, 14, 15, 16, 17, 18, 19]","[{'pst': (61, 11), 'tst': 4}, {'pst': (54, 15), 'tst': 4}, {'pst': (52, 16), 'tst': 3}, {'pst': (49, 3), 'tst': 2}, {'pst': (33, 14), 'tst': 2}, {'pst': (44, 11), 'tst': 1}, {'pst': (62, 9), 'tst': 0}, {'pst': (55, 16), 'tst': 0}]",0.6193444828176615,8.318880537908722
66,12,,"[0, 1, 2, 3, 4, 5, 6, 7, 8, 9, 10, 11, 12, 13, 14, 15, 16, 17, 18, 19]","[{'pst': (52, 6), 'tst': 5}, {'pst': (60, 9), 'tst': 3}, {'pst': (61, 13), 'tst': 3}, {'pst': (61, 10), 'tst': 2}, {'pst': (64, 12), 'tst': 1}, {'pst': (60, 18), 'tst': 1}, {'pst': (46, 2), 'tst': 0}, {'pst': (63, 6), 'tst': 0}]",0.6165156384342474,8.344182497909522
66,13,,"[0, 1, 2, 3, 4, 5, 6, 7, 8, 9, 10, 11, 12, 13, 14, 15, 16, 17, 18, 19]","[{'pst': (62, 9), 'tst': 3}, {'pst': (40, 11), 'tst': 3}, {'pst': (57, 7), 'tst': 3}, {'pst': (60, 9), 'tst': 2}, {'pst': (63, 7), 'tst': 1}, {'pst': (53, 18), 'tst': 1}, {'pst': (46, 2), 'tst': 0}, {'pst': (60, 16), 'tst': 0}]",0.6165156384342474,8.344182497909522
66,14,,"[0, 1, 2, 3, 4, 5, 6, 7, 8, 9, 10, 11, 12, 13, 14, 15, 16, 17, 18, 19]","[{'pst': (55, 6), 'tst': 5}, {'pst': (57, 7), 'tst': 5}, {'pst': (59, 15), 'tst': 4}, {'pst': (46, 5), 'tst': 3}, {'pst': (63, 14), 'tst': 2}, {'pst': (61, 10), 'tst': 1}, {'pst': (38, 3), 'tst': 1}, {'pst': (52, 11), 'tst': 0}]",0.6165156384342474,8.344182497909522
66,15,,"[0, 1, 2, 3, 4, 5, 6, 7, 8, 9, 10, 11, 12, 13, 14, 15, 16, 17, 18, 19]","[{'pst': (43, 17), 'tst': 4}, {'pst': (34, 3), 'tst': 3}, {'pst': (63, 7), 'tst': 2}, {'pst': (58, 13), 'tst': 2}, {'pst': (59, 15), 'tst': 1}, {'pst': (53, 8), 'tst': 1}, {'pst': (63, 16), 'tst': 0}, {'pst': (49, 3), 'tst': 0}]",0.6034397657486131,7.7033096325632755
66,16,"{'text': 'If you want to legalize drugs, then you should also legalize prostitution.'}","[0, 1, 2, 3, 4, 5, 6, 7, 8, 9, 10, 11, 12, 13, 14, 15, 16, 17, 18, 19]","[{'pst': (52, 11), 'tst': 5}, {'pst': (56, 11), 'tst': 4}, {'pst': (60, 18), 'tst': 3}, {'pst': (63, 16), 'tst': 2}, {'pst': (20, 8), 'tst': 1}, {'pst': (44, 11), 'tst': 1}, {'pst': (52, 10), 'tst': 0}, {'pst': (53, 8), 'tst': 0}]",0.5992353165332608,8.141999156069968
66,17,,"[0, 1, 2, 3, 4, 5, 6, 7, 8, 9, 10, 11, 12, 13, 14, 15, 16, 17, 18, 19]","[{'pst': (57, 7), 'tst': 7}, {'pst': (62, 9), 'tst': 3}, {'pst': (48, 11), 'tst': 3}, {'pst': (55, 14), 'tst': 3}, {'pst': (60, 16), 'tst': 2}, {'pst': (63, 8), 'tst': 2}, {'pst': (48, 1), 'tst': 1}, {'pst': (61, 10), 'tst': 0}]",0.5953574210826224,7.508224449897318
66,18,"{'text': 'If you want to legalize drugs, then you should also legalize prostitution.'}","[0, 1, 2, 3, 4, 5, 6, 7, 8, 9, 10, 11, 12, 13, 14, 15, 16, 17, 18, 19]","[{'pst': (49, 5), 'tst': 9}, {'pst': (43, 19), 'tst': 4}, {'pst': (42, 13), 'tst': 2}, {'pst': (60, 13), 'tst': 2}, {'pst': (49, 3), 'tst': 1}, {'pst': (55, 13), 'tst': 1}, {'pst': (55, 17), 'tst': 0}, {'pst': (48, 1), 'tst': 0}]",0.5869730431339416,7.4467967542349776
66,19,"{'text': 'If you want to legalize drugs, then you should also legalize prostitution.'}","[0, 1, 2, 3, 4, 5, 6, 7, 8, 9, 10, 11, 12, 13, 14, 15, 16, 17, 18, 19]","[{'pst': (47, 4), 'tst': 6}, {'pst': (16, 14), 'tst': 4}, {'pst': (60, 8), 'tst': 2}, {'pst': (50, 13), 'tst': 2}, {'pst': (43, 19), 'tst': 1}, {'pst': (46, 2), 'tst': 1}, {'pst': (61, 10), 'tst': 0}, {'pst': (65, 4), 'tst': 0}]",0.6293587444701061,6.644432269634578
67,0,,"[0, 1, 2, 3, 4, 5, 6, 7, 8, 9, 10, 11, 12, 13, 14, 15, 16, 17, 18, 19]","[{'pst': (49, 3), 'tst': 4}, {'pst': (54, 15), 'tst': 4}, {'pst': (52, 10), 'tst': 3}, {'pst': (46, 2), 'tst': 2}, {'pst': (52, 6), 'tst': 2}, {'pst': (52, 16), 'tst': 0}, {'pst': (65, 5), 'tst': 0}, {'pst': (48, 1), 'tst': 0}]",0.5869730431339416,7.4467967542349776
67,1,,"[0, 1, 2, 3, 4, 5, 6, 7, 8, 9, 10, 11, 12, 13, 14, 15, 16, 17, 18, 19]","[{'pst': (55, 13), 'tst': 3}, {'pst': (53, 18), 'tst': 3}, {'pst': (34, 3), 'tst': 2}, {'pst': (58, 13), 'tst': 2}, {'pst': (61, 10), 'tst': 1}, {'pst': (62, 10), 'tst': 1}, {'pst': (63, 7), 'tst': 0}, {'pst': (56, 1), 'tst': 0}]",0.5994139301602949,7.6378727009057314
67,2,"{'text': 'If you want to legalize drugs, then you should also legalize prostitution.'}","[0, 1, 2, 3, 4, 5, 6, 7, 8, 9, 10, 11, 12, 13, 14, 15, 16, 17, 18, 19]","[{'pst': (52, 6), 'tst': 6}, {'pst': (60, 8), 'tst': 5}, {'pst': (52, 10), 'tst': 4}, {'pst': (49, 4), 'tst': 2}, {'pst': (64, 4), 'tst': 2}, {'pst': (65, 2), 'tst': 1}, {'pst': (55, 17), 'tst': 0}, {'pst': (56, 11), 'tst': 0}]",0.6165156384342474,8.344182497909522
67,3,"{'text': 'If you want to legalize drugs, then you should also legalize prostitution.'}","[0, 1, 2, 3, 4, 5, 6, 7, 8, 9, 10, 11, 12, 13, 14, 15, 16, 17, 18, 19]","[{'pst': (56, 1), 'tst': 5}, {'pst': (42, 13), 'tst': 5}, {'pst': (53, 18), 'tst': 5}, {'pst': (49, 3), 'tst': 3}, {'pst': (38, 3), 'tst': 3}, {'pst': (65, 5), 'tst': 1}, {'pst': (56, 11), 'tst': 1}, {'pst': (47, 7), 'tst': 0}]",0.6165156384342474,8.344182497909522
67,4,"{'text': 'If you want to legalize drugs, then you should also legalize prostitution.'}","[0, 1, 2, 3, 4, 5, 6, 7, 8, 9, 10, 11, 12, 13, 14, 15, 16, 17, 18, 19]","[{'pst': (50, 13), 'tst': 5}, {'pst': (62, 9), 'tst': 3}, {'pst': (54, 11), 'tst': 3}, {'pst': (64, 4), 'tst': 2}, {'pst': (65, 4), 'tst': 1}, {'pst': (53, 18), 'tst': 1}]",0.6135901410960284,8.267867965468785
67,5,,"[0, 1, 2, 3, 4, 5, 6, 7, 8, 9, 10, 11, 12, 13, 14, 15, 16, 17, 18, 19]","[{'pst': (50, 13), 'tst': 5}, {'pst': (32, 2), 'tst': 5}, {'pst': (52, 6), 'tst': 3}, {'pst': (60, 8), 'tst': 2}, {'pst': (65, 5), 'tst': 1}, {'pst': (57, 14), 'tst': 1}, {'pst': (54, 11), 'tst': 0}, {'pst': (48, 11), 'tst': 0}]",0.6376623070446689,7.1315688727055075
67,6,"{'text': 'If you want to legalize drugs, then you should also legalize prostitution.'}","[0, 1, 2, 3, 4, 5, 6, 7, 8, 9, 10, 11, 12, 13, 14, 15, 16, 17, 18, 19]","[{'pst': (40, 11), 'tst': 4}, {'pst': (63, 6), 'tst': 3}, {'pst': (57, 4), 'tst': 3}, {'pst': (63, 7), 'tst': 2}, {'pst': (62, 7), 'tst': 1}, {'pst': (52, 16), 'tst': 1}, {'pst': (66, 6), 'tst': 0}, {'pst': (52, 6), 'tst': 0}]",0.5994139301602949,7.6378727009057314
67,7,"{'text': ""It's not that I don't think it's a good idea to legalize drugs.""}","[0, 1, 2, 3, 4, 5, 6, 7, 8, 9, 10, 11, 12, 13, 14, 15, 16, 17, 18, 19]","[{'pst': (47, 4), 'tst': 7}, {'pst': (62, 7), 'tst': 4}, {'pst': (63, 7), 'tst': 3}, {'pst': (61, 10), 'tst': 3}, {'pst': (65, 10), 'tst': 1}, {'pst': (62, 10), 'tst': 1}, {'pst': (52, 10), 'tst': 0}, {'pst': (63, 14), 'tst': 0}]",0.6279454834381395,6.853438044208709
67,8,"{'text': 'If you want to legalize drugs, then you should also legalize prostitution.'}","[0, 1, 2, 3, 4, 5, 6, 7, 8, 9, 10, 11, 12, 13, 14, 15, 16, 17, 18, 19]","[{'pst': (52, 6), 'tst': 10}, {'pst': (61, 13), 'tst': 4}, {'pst': (46, 5), 'tst': 2}, {'pst': (50, 13), 'tst': 2}, {'pst': (62, 7), 'tst': 1}, {'pst': (20, 8), 'tst': 1}, {'pst': (40, 11), 'tst': 0}, {'pst': (60, 18), 'tst': 0}]",0.5995571728742716,8.17015841909731
67,9,,"[0, 1, 2, 3, 4, 5, 6, 7, 8, 9, 10, 11, 12, 13, 14, 15, 16, 17, 18, 19]","[{'pst': (40, 0), 'tst': 7}, {'pst': (62, 9), 'tst': 4}, {'pst': (63, 8), 'tst': 3}, {'pst': (49, 3), 'tst': 2}, {'pst': (57, 4), 'tst': 2}, {'pst': (34, 3), 'tst': 1}, {'pst': (49, 4), 'tst': 0}, {'pst': (60, 13), 'tst': 0}]",0.5979895521561525,7.715556610248566
67,10,,"[0, 1, 2, 3, 4, 5, 6, 7, 8, 9, 10, 11, 12, 13, 14, 15, 16, 17, 18, 19]","[{'pst': (61, 10), 'tst': 5}, {'pst': (62, 10), 'tst': 4}, {'pst': (62, 9), 'tst': 2}, {'pst': (60, 16), 'tst': 2}, {'pst': (65, 10), 'tst': 1}, {'pst': (60, 9), 'tst': 1}, {'pst': (46, 2), 'tst': 0}, {'pst': (54, 15), 'tst': 0}]",0.6165156384342474,8.344182497909522
67,11,"{'text': 'If you want to legalize drugs, then you should also legalize prostitution.'}","[0, 1, 2, 3, 4, 5, 6, 7, 8, 9, 10, 11, 12, 13, 14, 15, 16, 17, 18, 19]","[{'pst': (61, 11), 'tst': 5}, {'pst': (54, 15), 'tst': 5}, {'pst': (49, 3), 'tst': 3}, {'pst': (33, 14), 'tst': 3}, {'pst': (44, 11), 'tst': 2}, {'pst': (62, 9), 'tst': 1}, {'pst': (55, 16), 'tst': 1}, {'pst': (65, 2), 'tst': 0}]",0.6201236082281212,8.29660394749202
67,12,,"[0, 1, 2, 3, 4, 5, 6, 7, 8, 9, 10, 11, 12, 13, 14, 15, 16, 17, 18, 19]","[{'pst': (60, 9), 'tst': 4}, {'pst': (61, 10), 'tst': 3}, {'pst': (64, 12), 'tst': 2}, {'pst': (60, 18), 'tst': 2}, {'pst': (46, 2), 'tst': 1}, {'pst': (63, 6), 'tst': 1}, {'pst': (49, 3), 'tst': 0}, {'pst': (66, 16), 'tst': 0}]",0.6165156384342474,8.344182497909522
67,13,"{'text': 'If you want to legalize drugs, then you should also legalize prostitution.'}","[0, 1, 2, 3, 4, 5, 6, 7, 8, 9, 10, 11, 12, 13, 14, 15, 16, 17, 18, 19]","[{'pst': (62, 9), 'tst': 4}, {'pst': (60, 9), 'tst': 3}, {'pst': (63, 7), 'tst': 2}, {'pst': (53, 18), 'tst': 2}, {'pst': (46, 2), 'tst': 1}, {'pst': (60, 16), 'tst': 1}, {'pst': (66, 18), 'tst': 0}, {'pst': (66, 16), 'tst': 0}]",0.6165156384342474,8.344182497909522
67,14,,"[0, 1, 2, 3, 4, 5, 6, 7, 8, 9, 10, 11, 12, 13, 14, 15, 16, 17, 18, 19]","[{'pst': (55, 6), 'tst': 6}, {'pst': (46, 5), 'tst': 4}, {'pst': (63, 14), 'tst': 3}, {'pst': (61, 10), 'tst': 2}, {'pst': (38, 3), 'tst': 2}, {'pst': (52, 11), 'tst': 1}, {'pst': (46, 2), 'tst': 0}, {'pst': (62, 10), 'tst': 0}]",0.6165156384342474,8.344182497909522
67,15,,"[0, 1, 2, 3, 4, 5, 6, 7, 8, 9, 10, 11, 12, 13, 14, 15, 16, 17, 18, 19]","[{'pst': (43, 17), 'tst': 5}, {'pst': (34, 3), 'tst': 4}, {'pst': (63, 7), 'tst': 3}, {'pst': (58, 13), 'tst': 3}, {'pst': (63, 16), 'tst': 1}, {'pst': (49, 3), 'tst': 1}, {'pst': (63, 6), 'tst': 0}, {'pst': (65, 4), 'tst': 0}]",0.6034397657486131,7.7033096325632755
67,16,"{'text': 'If you want to legalize drugs, then you should also legalize prostitution.'}","[0, 1, 2, 3, 4, 5, 6, 7, 8, 9, 10, 11, 12, 13, 14, 15, 16, 17, 18, 19]","[{'pst': (52, 11), 'tst': 6}, {'pst': (56, 11), 'tst': 5}, {'pst': (63, 16), 'tst': 3}, {'pst': (20, 8), 'tst': 2}, {'pst': (52, 10), 'tst': 1}, {'pst': (53, 8), 'tst': 1}, {'pst': (66, 16), 'tst': 0}, {'pst': (48, 1), 'tst': 0}]",0.5757222016178007,7.483309630623797
67,17,,"[0, 1, 2, 3, 4, 5, 6, 7, 8, 9, 10, 11, 12, 13, 14, 15, 16, 17, 18, 19]","[{'pst': (62, 9), 'tst': 4}, {'pst': (48, 11), 'tst': 4}, {'pst': (55, 14), 'tst': 4}, {'pst': (60, 16), 'tst': 3}, {'pst': (63, 8), 'tst': 3}, {'pst': (48, 1), 'tst': 2}, {'pst': (61, 10), 'tst': 1}, {'pst': (38, 3), 'tst': 0}]",0.5935817745966367,7.62185488736539
67,18,,"[0, 1, 2, 3, 4, 5, 6, 7, 8, 9, 10, 11, 12, 13, 14, 15, 16, 17, 18, 19]","[{'pst': (49, 5), 'tst': 10}, {'pst': (42, 13), 'tst': 3}, {'pst': (60, 13), 'tst': 3}, {'pst': (49, 3), 'tst': 2}, {'pst': (55, 13), 'tst': 2}, {'pst': (55, 17), 'tst': 1}, {'pst': (48, 1), 'tst': 1}, {'pst': (66, 18), 'tst': 0}]",0.5953574210826224,7.508224449897318
67,19,,"[0, 1, 2, 3, 4, 5, 6, 7, 8, 9, 10, 11, 12, 13, 14, 15, 16, 17, 18, 19]","[{'pst': (60, 8), 'tst': 3}, {'pst': (50, 13), 'tst': 3}, {'pst': (43, 19), 'tst': 2}, {'pst': (46, 2), 'tst': 2}, {'pst': (61, 10), 'tst': 1}, {'pst': (65, 4), 'tst': 1}, {'pst': (66, 19), 'tst': 0}]",0.6153244845836598,8.296834613616072
68,0,,"[0, 1, 2, 3, 4, 5, 6, 7, 8, 9, 10, 11, 12, 13, 14, 15, 16, 17, 18, 19]","[{'pst': (49, 3), 'tst': 5}, {'pst': (52, 10), 'tst': 4}, {'pst': (52, 6), 'tst': 3}, {'pst': (52, 16), 'tst': 1}, {'pst': (65, 5), 'tst': 1}, {'pst': (48, 1), 'tst': 1}, {'pst': (58, 13), 'tst': 0}, {'pst': (20, 8), 'tst': 0}]",0.5911445225519452,7.2229321750302695
68,1,,"[0, 1, 2, 3, 4, 5, 6, 7, 8, 9, 10, 11, 12, 13, 14, 15, 16, 17, 18, 19]","[{'pst': (55, 13), 'tst': 4}, {'pst': (53, 18), 'tst': 4}, {'pst': (34, 3), 'tst': 3}, {'pst': (62, 10), 'tst': 2}, {'pst': (63, 7), 'tst': 1}, {'pst': (56, 1), 'tst': 1}, {'pst': (65, 10), 'tst': 0}, {'pst': (44, 11), 'tst': 0}]",0.5994139301602949,7.6378727009057314
68,2,,"[0, 1, 2, 3, 4, 5, 6, 7, 8, 9, 10, 11, 12, 13, 14, 15, 16, 17, 18, 19]","[{'pst': (52, 6), 'tst': 7}, {'pst': (60, 8), 'tst': 6}, {'pst': (49, 4), 'tst': 3}, {'pst': (65, 2), 'tst': 2}, {'pst': (55, 17), 'tst': 1}, {'pst': (56, 11), 'tst': 1}, {'pst': (67, 2), 'tst': 0}, {'pst': (55, 13), 'tst': 0}]",0.6165156384342474,8.344182497909522
68,3,,"[0, 1, 2, 3, 4, 5, 6, 7, 8, 9, 10, 11, 12, 13, 14, 15, 16, 17, 18, 19]","[{'pst': (42, 13), 'tst': 6}, {'pst': (49, 3), 'tst': 4}, {'pst': (38, 3), 'tst': 4}, {'pst': (65, 5), 'tst': 2}, {'pst': (56, 11), 'tst': 2}, {'pst': (47, 7), 'tst': 1}, {'pst': (67, 3), 'tst': 0}, {'pst': (65, 4), 'tst': 0}]",0.6165156384342474,8.344182497909522
68,4,,"[0, 1, 2, 3, 4, 5, 6, 7, 8, 9, 10, 11, 12, 13, 14, 15, 16, 17, 18, 19]","[{'pst': (54, 11), 'tst': 4}, {'pst': (64, 4), 'tst': 3}, {'pst': (65, 4), 'tst': 2}, {'pst': (53, 18), 'tst': 2}, {'pst': (67, 4), 'tst': 0}, {'pst': (55, 17), 'tst': 0}, {'pst': (67, 6), 'tst': 0}, {'pst': (53, 8), 'tst': 0}]",0.6165156384342474,8.344182497909522
68,5,,"[0, 1, 2, 3, 4, 5, 6, 7, 8, 9, 10, 11, 12, 13, 14, 15, 16, 17, 18, 19]","[{'pst': (50, 13), 'tst': 6}, {'pst': (60, 8), 'tst': 3}, {'pst': (65, 5), 'tst': 2}, {'pst': (57, 14), 'tst': 2}, {'pst': (54, 11), 'tst': 1}, {'pst': (48, 11), 'tst': 1}]",0.6135901410960284,8.267867965468785
68,6,,"[0, 1, 2, 3, 4, 5, 6, 7, 8, 9, 10, 11, 12, 13, 14, 15, 16, 17, 18, 19]","[{'pst': (40, 11), 'tst': 5}, {'pst': (63, 6), 'tst': 4}, {'pst': (63, 7), 'tst': 3}, {'pst': (52, 16), 'tst': 2}, {'pst': (66, 6), 'tst': 1}, {'pst': (52, 6), 'tst': 1}, {'pst': (67, 6), 'tst': 0}, {'pst': (48, 11), 'tst': 0}]",0.6165156384342474,8.344182497909522
68,7,,"[0, 1, 2, 3, 4, 5, 6, 7, 8, 9, 10, 11, 12, 13, 14, 15, 16, 17, 18, 19]","[{'pst': (47, 4), 'tst': 8}, {'pst': (61, 10), 'tst': 4}, {'pst': (65, 10), 'tst': 2}, {'pst': (62, 10), 'tst': 2}, {'pst': (52, 10), 'tst': 1}, {'pst': (63, 14), 'tst': 1}, {'pst': (67, 7), 'tst': 0}, {'pst': (46, 5), 'tst': 0}]",0.6408202912650662,7.2113379681660525
68,8,,"[0, 1, 2, 3, 4, 5, 6, 7, 8, 9, 10, 11, 12, 13, 14, 15, 16, 17, 18, 19]","[{'pst': (61, 13), 'tst': 5}, {'pst': (46, 5), 'tst': 3}, {'pst': (62, 7), 'tst': 2}, {'pst': (20, 8), 'tst': 2}, {'pst': (40, 11), 'tst': 1}, {'pst': (60, 18), 'tst': 1}, {'pst': (67, 8), 'tst': 0}, {'pst': (67, 3), 'tst': 0}]",0.6008318238064116,8.113078855830857
68,9,"{'text': 'If you want to legalize drugs, then you should also legalize prostitution.'}","[0, 1, 2, 3, 4, 5, 6, 7, 8, 9, 10, 11, 12, 13, 14, 15, 16, 17, 18, 19]","[{'pst': (40, 0), 'tst': 8}, {'pst': (62, 9), 'tst': 5}, {'pst': (49, 3), 'tst': 3}, {'pst': (57, 4), 'tst': 3}, {'pst': (34, 3), 'tst': 2}, {'pst': (49, 4), 'tst': 1}, {'pst': (60, 13), 'tst': 1}, {'pst': (55, 13), 'tst': 0}]",0.5980098565853691,7.704577882596771
68,10,,"[0, 1, 2, 3, 4, 5, 6, 7, 8, 9, 10, 11, 12, 13, 14, 15, 16, 17, 18, 19]","[{'pst': (62, 9), 'tst': 3}, {'pst': (60, 16), 'tst': 3}, {'pst': (65, 10), 'tst': 2}, {'pst': (60, 9), 'tst': 2}, {'pst': (46, 2), 'tst': 1}, {'pst': (54, 15), 'tst': 1}, {'pst': (42, 13), 'tst': 0}, {'pst': (40, 0), 'tst': 0}]",0.6165156384342474,8.344182497909522
68,11,,"[0, 1, 2, 3, 4, 5, 6, 7, 8, 9, 10, 11, 12, 13, 14, 15, 16, 17, 18, 19]","[{'pst': (49, 3), 'tst': 4}, {'pst': (33, 14), 'tst': 4}, {'pst': (44, 11), 'tst': 3}, {'pst': (62, 9), 'tst': 2}, {'pst': (55, 16), 'tst': 2}, {'pst': (65, 2), 'tst': 1}, {'pst': (67, 11), 'tst': 0}, {'pst': (47, 7), 'tst': 0}]",0.6229068295846671,8.066678007289449
68,12,,"[0, 1, 2, 3, 4, 5, 6, 7, 8, 9, 10, 11, 12, 13, 14, 15, 16, 17, 18, 19]","[{'pst': (60, 9), 'tst': 5}, {'pst': (60, 18), 'tst': 3}, {'pst': (46, 2), 'tst': 2}, {'pst': (63, 6), 'tst': 2}, {'pst': (49, 3), 'tst': 1}, {'pst': (66, 16), 'tst': 1}, {'pst': (65, 10), 'tst': 0}, {'pst': (60, 8), 'tst': 0}]",0.6165156384342474,8.344182497909522
68,13,,"[0, 1, 2, 3, 4, 5, 6, 7, 8, 9, 10, 11, 12, 13, 14, 15, 16, 17, 18, 19]","[{'pst': (62, 9), 'tst': 5}, {'pst': (63, 7), 'tst': 3}, {'pst': (46, 2), 'tst': 2}, {'pst': (60, 16), 'tst': 2}, {'pst': (66, 18), 'tst': 1}, {'pst': (66, 16), 'tst': 1}, {'pst': (67, 13), 'tst': 0}, {'pst': (42, 13), 'tst': 0}]",0.6165156384342474,8.344182497909522
68,14,,"[0, 1, 2, 3, 4, 5, 6, 7, 8, 9, 10, 11, 12, 13, 14, 15, 16, 17, 18, 19]","[{'pst': (46, 5), 'tst': 5}, {'pst': (63, 14), 'tst': 4}, {'pst': (61, 10), 'tst': 3}, {'pst': (38, 3), 'tst': 3}, {'pst': (46, 2), 'tst': 1}, {'pst': (62, 10), 'tst': 1}, {'pst': (55, 17), 'tst': 0}, {'pst': (65, 2), 'tst': 0}]",0.6165156384342474,8.344182497909522
68,15,,"[0, 1, 2, 3, 4, 5, 6, 7, 8, 9, 10, 11, 12, 13, 14, 15, 16, 17, 18, 19]","[{'pst': (63, 7), 'tst': 4}, {'pst': (58, 13), 'tst': 4}, {'pst': (63, 16), 'tst': 2}, {'pst': (49, 3), 'tst': 2}, {'pst': (63, 6), 'tst': 1}, {'pst': (65, 4), 'tst': 1}, {'pst': (43, 19), 'tst': 0}, {'pst': (54, 11), 'tst': 0}]",0.6165156384342474,8.344182497909522
68,16,,"[0, 1, 2, 3, 4, 5, 6, 7, 8, 9, 10, 11, 12, 13, 14, 15, 16, 17, 18, 19]","[{'pst': (52, 11), 'tst': 7}, {'pst': (63, 16), 'tst': 4}, {'pst': (52, 10), 'tst': 2}, {'pst': (53, 8), 'tst': 2}, {'pst': (66, 16), 'tst': 1}, {'pst': (48, 1), 'tst': 1}, {'pst': (67, 16), 'tst': 0}, {'pst': (48, 11), 'tst': 0}]",0.5935817745966367,7.62185488736539
68,17,"{'text': 'If you want to legalize drugs, then you should also legalize prostitution.'}","[0, 1, 2, 3, 4, 5, 6, 7, 8, 9, 10, 11, 12, 13, 14, 15, 16, 17, 18, 19]","[{'pst': (62, 9), 'tst': 5}, {'pst': (48, 11), 'tst': 5}, {'pst': (63, 8), 'tst': 4}, {'pst': (48, 1), 'tst': 3}, {'pst': (61, 10), 'tst': 2}, {'pst': (38, 3), 'tst': 1}, {'pst': (52, 6), 'tst': 0}, {'pst': (40, 11), 'tst': 0}]",0.5964324883889096,7.633865942322917
68,18,,"[0, 1, 2, 3, 4, 5, 6, 7, 8, 9, 10, 11, 12, 13, 14, 15, 16, 17, 18, 19]","[{'pst': (49, 5), 'tst': 11}, {'pst': (60, 13), 'tst': 4}, {'pst': (49, 3), 'tst': 3}, {'pst': (55, 13), 'tst': 3}, {'pst': (48, 1), 'tst': 2}, {'pst': (66, 18), 'tst': 1}, {'pst': (60, 9), 'tst': 0}, {'pst': (62, 10), 'tst': 0}]",0.5942386631469825,7.625391679214867
68,19,,"[0, 1, 2, 3, 4, 5, 6, 7, 8, 9, 10, 11, 12, 13, 14, 15, 16, 17, 18, 19]","[{'pst': (50, 13), 'tst': 4}, {'pst': (43, 19), 'tst': 3}, {'pst': (46, 2), 'tst': 3}, {'pst': (61, 10), 'tst': 2}, {'pst': (65, 4), 'tst': 2}, {'pst': (66, 19), 'tst': 1}, {'pst': (65, 2), 'tst': 0}, {'pst': (58, 13), 'tst': 0}]",0.6165156384342474,8.344182497909522
69,0,,"[0, 1, 2, 3, 4, 5, 6, 7, 8, 9, 10, 11, 12, 13, 14, 15, 16, 17, 18, 19]","[{'pst': (52, 10), 'tst': 5}, {'pst': (52, 6), 'tst': 4}, {'pst': (65, 5), 'tst': 2}, {'pst': (48, 1), 'tst': 2}, {'pst': (58, 13), 'tst': 1}, {'pst': (20, 8), 'tst': 1}, {'pst': (67, 16), 'tst': 0}, {'pst': (54, 15), 'tst': 0}]",0.593479505824407,7.517997996422218
69,1,,"[0, 1, 2, 3, 4, 5, 6, 7, 8, 9, 10, 11, 12, 13, 14, 15, 16, 17, 18, 19]","[{'pst': (55, 13), 'tst': 5}, {'pst': (62, 10), 'tst': 3}, {'pst': (63, 7), 'tst': 2}, {'pst': (56, 1), 'tst': 2}, {'pst': (65, 10), 'tst': 1}, {'pst': (44, 11), 'tst': 1}, {'pst': (63, 6), 'tst': 0}, {'pst': (53, 18), 'tst': 0}]",0.6165156384342474,8.344182497909522
69,2,,"[0, 1, 2, 3, 4, 5, 6, 7, 8, 9, 10, 11, 12, 13, 14, 15, 16, 17, 18, 19]","[{'pst': (52, 6), 'tst': 8}, {'pst': (49, 4), 'tst': 4}, {'pst': (65, 2), 'tst': 3}, {'pst': (55, 17), 'tst': 2}, {'pst': (56, 11), 'tst': 2}, {'pst': (67, 2), 'tst': 1}, {'pst': (55, 13), 'tst': 1}, {'pst': (55, 16), 'tst': 0}]",0.6165156384342474,8.344182497909522
69,3,,"[0, 1, 2, 3, 4, 5, 6, 7, 8, 9, 10, 11, 12, 13, 14, 15, 16, 17, 18, 19]","[{'pst': (42, 13), 'tst': 7}, {'pst': (49, 3), 'tst': 5}, {'pst': (38, 3), 'tst': 5}, {'pst': (47, 7), 'tst': 2}, {'pst': (67, 3), 'tst': 1}, {'pst': (65, 4), 'tst': 1}, {'pst': (55, 17), 'tst': 0}, {'pst': (67, 16), 'tst': 0}]",0.6165156384342474,8.344182497909522
69,4,,"[0, 1, 2, 3, 4, 5, 6, 7, 8, 9, 10, 11, 12, 13, 14, 15, 16, 17, 18, 19]","[{'pst': (65, 4), 'tst': 3}, {'pst': (53, 18), 'tst': 3}, {'pst': (67, 4), 'tst': 1}, {'pst': (55, 17), 'tst': 1}, {'pst': (67, 6), 'tst': 1}, {'pst': (53, 8), 'tst': 1}, {'pst': (67, 11), 'tst': 0}, {'pst': (46, 5), 'tst': 0}]",0.6165156384342474,8.344182497909522
69,5,,"[0, 1, 2, 3, 4, 5, 6, 7, 8, 9, 10, 11, 12, 13, 14, 15, 16, 17, 18, 19]","[{'pst': (65, 5), 'tst': 3}, {'pst': (57, 14), 'tst': 3}, {'pst': (54, 11), 'tst': 2}, {'pst': (48, 11), 'tst': 2}, {'pst': (61, 10), 'tst': 0}, {'pst': (49, 3), 'tst': 0}, {'pst': (52, 10), 'tst': 0}, {'pst': (48, 1), 'tst': 0}]",0.5869730431339416,7.4467967542349776
69,6,"{'text': 'If you want to legalize drugs, then you should also legalize prostitution.'}","[0, 1, 2, 3, 4, 5, 6, 7, 8, 9, 10, 11, 12, 13, 14, 15, 16, 17, 18, 19]","[{'pst': (40, 11), 'tst': 6}, {'pst': (63, 6), 'tst': 5}, {'pst': (52, 16), 'tst': 3}, {'pst': (66, 6), 'tst': 2}, {'pst': (67, 6), 'tst': 1}, {'pst': (48, 11), 'tst': 1}, {'pst': (61, 10), 'tst': 0}, {'pst': (65, 4), 'tst': 0}]",0.6165156384342474,8.344182497909522
69,7,"{'text': 'If you want to legalize drugs, then you should also legalize prostitution.'}","[0, 1, 2, 3, 4, 5, 6, 7, 8, 9, 10, 11, 12, 13, 14, 15, 16, 17, 18, 19]","[{'pst': (65, 10), 'tst': 3}, {'pst': (62, 10), 'tst': 3}, {'pst': (52, 10), 'tst': 2}, {'pst': (63, 14), 'tst': 2}, {'pst': (67, 7), 'tst': 1}, {'pst': (46, 5), 'tst': 1}]",0.619504815078357,8.553627104777977
69,8,"{'text': 'If you want to legalize drugs, then you should also legalize prostitution.'}","[0, 1, 2, 3, 4, 5, 6, 7, 8, 9, 10, 11, 12, 13, 14, 15, 16, 17, 18, 19]","[{'pst': (46, 5), 'tst': 4}, {'pst': (62, 7), 'tst': 3}, {'pst': (20, 8), 'tst': 3}, {'pst': (40, 11), 'tst': 2}, {'pst': (60, 18), 'tst': 2}, {'pst': (67, 8), 'tst': 1}, {'pst': (67, 3), 'tst': 1}, {'pst': (56, 11), 'tst': 0}]",0.6038078398652693,8.102273919042998
69,9,"{'text': 'If you want to legalize drugs, then you should also legalize prostitution.'}","[0, 1, 2, 3, 4, 5, 6, 7, 8, 9, 10, 11, 12, 13, 14, 15, 16, 17, 18, 19]","[{'pst': (40, 0), 'tst': 9}, {'pst': (62, 9), 'tst': 6}, {'pst': (49, 3), 'tst': 4}, {'pst': (49, 4), 'tst': 2}, {'pst': (60, 13), 'tst': 2}, {'pst': (55, 13), 'tst': 1}, {'pst': (68, 9), 'tst': 0}, {'pst': (48, 11), 'tst': 0}]",0.6165156384342474,8.344182497909522
69,10,,"[0, 1, 2, 3, 4, 5, 6, 7, 8, 9, 10, 11, 12, 13, 14, 15, 16, 17, 18, 19]","[{'pst': (62, 9), 'tst': 4}, {'pst': (65, 10), 'tst': 3}, {'pst': (60, 9), 'tst': 3}, {'pst': (46, 2), 'tst': 2}, {'pst': (54, 15), 'tst': 2}, {'pst': (42, 13), 'tst': 1}, {'pst': (40, 0), 'tst': 1}, {'pst': (46, 5), 'tst': 0}]",0.6165156384342474,8.344182497909522
69,11,,"[0, 1, 2, 3, 4, 5, 6, 7, 8, 9, 10, 11, 12, 13, 14, 15, 16, 17, 18, 19]","[{'pst': (49, 3), 'tst': 5}, {'pst': (62, 9), 'tst': 3}, {'pst': (55, 16), 'tst': 3}, {'pst': (65, 2), 'tst': 2}, {'pst': (67, 11), 'tst': 1}, {'pst': (47, 7), 'tst': 1}]",0.6135901410960284,8.267867965468785
69,12,,"[0, 1, 2, 3, 4, 5, 6, 7, 8, 9, 10, 11, 12, 13, 14, 15, 16, 17, 18, 19]","[{'pst': (60, 9), 'tst': 6}, {'pst': (63, 6), 'tst': 3}, {'pst': (49, 3), 'tst': 2}, {'pst': (66, 16), 'tst': 2}, {'pst': (65, 10), 'tst': 1}, {'pst': (60, 8), 'tst': 1}, {'pst': (67, 2), 'tst': 0}, {'pst': (67, 16), 'tst': 0}]",0.6165156384342474,8.344182497909522
69,13,"{'text': 'If you want to legalize drugs, then you should also legalize prostitution.'}","[0, 1, 2, 3, 4, 5, 6, 7, 8, 9, 10, 11, 12, 13, 14, 15, 16, 17, 18, 19]","[{'pst': (46, 2), 'tst': 3}, {'pst': (60, 16), 'tst': 3}, {'pst': (66, 18), 'tst': 2}, {'pst': (66, 16), 'tst': 2}, {'pst': (67, 13), 'tst': 1}, {'pst': (42, 13), 'tst': 1}, {'pst': (49, 4), 'tst': 0}, {'pst': (61, 13), 'tst': 0}]",0.6165156384342474,8.344182497909522
69,14,"{'text': 'If you want to legalize drugs, then you should also legalize prostitution.'}","[0, 1, 2, 3, 4, 5, 6, 7, 8, 9, 10, 11, 12, 13, 14, 15, 16, 17, 18, 19]","[{'pst': (46, 5), 'tst': 6}, {'pst': (63, 14), 'tst': 5}, {'pst': (61, 10), 'tst': 4}, {'pst': (38, 3), 'tst': 4}, {'pst': (46, 2), 'tst': 2}, {'pst': (55, 17), 'tst': 1}, {'pst': (65, 2), 'tst': 1}, {'pst': (67, 8), 'tst': 0}]",0.6165156384342474,8.344182497909522
69,15,,"[0, 1, 2, 3, 4, 5, 6, 7, 8, 9, 10, 11, 12, 13, 14, 15, 16, 17, 18, 19]","[{'pst': (58, 13), 'tst': 5}, {'pst': (63, 16), 'tst': 3}, {'pst': (49, 3), 'tst': 3}, {'pst': (63, 6), 'tst': 2}, {'pst': (43, 19), 'tst': 1}, {'pst': (54, 11), 'tst': 1}, {'pst': (47, 7), 'tst': 0}, {'pst': (60, 13), 'tst': 0}]",0.6165156384342474,8.344182497909522
69,16,,"[0, 1, 2, 3, 4, 5, 6, 7, 8, 9, 10, 11, 12, 13, 14, 15, 16, 17, 18, 19]","[{'pst': (63, 16), 'tst': 5}, {'pst': (52, 10), 'tst': 3}, {'pst': (53, 8), 'tst': 3}, {'pst': (66, 16), 'tst': 2}, {'pst': (48, 1), 'tst': 2}, {'pst': (67, 16), 'tst': 1}, {'pst': (48, 11), 'tst': 1}, {'pst': (57, 4), 'tst': 0}]",0.5889828136937293,7.708890758198782
69,17,,"[0, 1, 2, 3, 4, 5, 6, 7, 8, 9, 10, 11, 12, 13, 14, 15, 16, 17, 18, 19]","[{'pst': (62, 9), 'tst': 6}, {'pst': (48, 11), 'tst': 6}, {'pst': (48, 1), 'tst': 4}, {'pst': (61, 10), 'tst': 3}, {'pst': (38, 3), 'tst': 2}, {'pst': (52, 6), 'tst': 1}, {'pst': (40, 11), 'tst': 1}, {'pst': (68, 17), 'tst': 0}]",0.5994139301602949,7.6378727009057314
69,18,,"[0, 1, 2, 3, 4, 5, 6, 7, 8, 9, 10, 11, 12, 13, 14, 15, 16, 17, 18, 19]","[{'pst': (60, 13), 'tst': 5}, {'pst': (49, 3), 'tst': 4}, {'pst': (48, 1), 'tst': 3}, {'pst': (66, 18), 'tst': 2}, {'pst': (60, 9), 'tst': 1}, {'pst': (62, 10), 'tst': 1}, {'pst': (61, 10), 'tst': 0}, {'pst': (47, 7), 'tst': 0}]",0.5994139301602949,7.6378727009057314
69,19,,"[0, 1, 2, 3, 4, 5, 6, 7, 8, 9, 10, 11, 12, 13, 14, 15, 16, 17, 18, 19]","[{'pst': (50, 13), 'tst': 5}, {'pst': (43, 19), 'tst': 4}, {'pst': (65, 4), 'tst': 3}, {'pst': (66, 19), 'tst': 2}, {'pst': (65, 2), 'tst': 1}, {'pst': (58, 13), 'tst': 1}, {'pst': (65, 5), 'tst': 0}, {'pst': (60, 13), 'tst': 0}]",0.6165156384342474,8.344182497909522
70,0,,"[0, 1, 2, 3, 4, 5, 6, 7, 8, 9, 10, 11, 12, 13, 14, 15, 16, 17, 18, 19]","[{'pst': (52, 10), 'tst': 6}, {'pst': (65, 5), 'tst': 3}, {'pst': (48, 1), 'tst': 3}, {'pst': (58, 13), 'tst': 2}, {'pst': (67, 16), 'tst': 1}, {'pst': (54, 15), 'tst': 1}, {'pst': (63, 7), 'tst': 0}, {'pst': (44, 11), 'tst': 0}]",0.5994139301602949,7.6378727009057314
70,1,,"[0, 1, 2, 3, 4, 5, 6, 7, 8, 9, 10, 11, 12, 13, 14, 15, 16, 17, 18, 19]","[{'pst': (62, 10), 'tst': 4}, {'pst': (63, 7), 'tst': 3}, {'pst': (65, 10), 'tst': 2}, {'pst': (44, 11), 'tst': 2}, {'pst': (63, 6), 'tst': 1}, {'pst': (53, 18), 'tst': 1}, {'pst': (55, 17), 'tst': 0}, {'pst': (47, 7), 'tst': 0}]",0.6165156384342474,8.344182497909522
70,2,,"[0, 1, 2, 3, 4, 5, 6, 7, 8, 9, 10, 11, 12, 13, 14, 15, 16, 17, 18, 19]","[{'pst': (49, 4), 'tst': 5}, {'pst': (65, 2), 'tst': 4}, {'pst': (55, 17), 'tst': 3}, {'pst': (56, 11), 'tst': 3}, {'pst': (67, 2), 'tst': 2}, {'pst': (55, 13), 'tst': 2}, {'pst': (55, 16), 'tst': 1}, {'pst': (57, 4), 'tst': 0}]",0.5869730431339416,7.4467967542349776
70,3,,"[0, 1, 2, 3, 4, 5, 6, 7, 8, 9, 10, 11, 12, 13, 14, 15, 16, 17, 18, 19]","[{'pst': (49, 3), 'tst': 6}, {'pst': (38, 3), 'tst': 6}, {'pst': (47, 7), 'tst': 3}, {'pst': (67, 3), 'tst': 2}, {'pst': (65, 4), 'tst': 2}, {'pst': (55, 17), 'tst': 1}, {'pst': (67, 16), 'tst': 1}, {'pst': (69, 14), 'tst': 0}]",0.6165156384342474,8.344182497909522
70,4,,"[0, 1, 2, 3, 4, 5, 6, 7, 8, 9, 10, 11, 12, 13, 14, 15, 16, 17, 18, 19]","[{'pst': (65, 4), 'tst': 4}, {'pst': (67, 4), 'tst': 2}, {'pst': (55, 17), 'tst': 2}, {'pst': (67, 6), 'tst': 2}, {'pst': (53, 8), 'tst': 2}, {'pst': (67, 11), 'tst': 1}, {'pst': (46, 5), 'tst': 1}, {'pst': (57, 14), 'tst': 0}]",0.6165156384342474,8.344182497909522
70,5,,"[0, 1, 2, 3, 4, 5, 6, 7, 8, 9, 10, 11, 12, 13, 14, 15, 16, 17, 18, 19]","[{'pst': (65, 5), 'tst': 4}, {'pst': (54, 11), 'tst': 3}, {'pst': (48, 11), 'tst': 3}, {'pst': (61, 10), 'tst': 1}, {'pst': (49, 3), 'tst': 1}, {'pst': (52, 10), 'tst': 1}, {'pst': (48, 1), 'tst': 1}, {'pst': (69, 6), 'tst': 0}]",0.5953574210826224,7.508224449897318
70,6,,"[0, 1, 2, 3, 4, 5, 6, 7, 8, 9, 10, 11, 12, 13, 14, 15, 16, 17, 18, 19]","[{'pst': (63, 6), 'tst': 6}, {'pst': (52, 16), 'tst': 4}, {'pst': (67, 6), 'tst': 2}, {'pst': (48, 11), 'tst': 2}, {'pst': (61, 10), 'tst': 1}, {'pst': (65, 4), 'tst': 1}, {'pst': (69, 6), 'tst': 0}, {'pst': (62, 10), 'tst': 0}]",0.6165156384342474,8.344182497909522
70,7,,"[0, 1, 2, 3, 4, 5, 6, 7, 8, 9, 10, 11, 12, 13, 14, 15, 16, 17, 18, 19]","[{'pst': (65, 10), 'tst': 4}, {'pst': (52, 10), 'tst': 3}, {'pst': (67, 7), 'tst': 2}, {'pst': (46, 5), 'tst': 2}, {'pst': (69, 7), 'tst': 0}]",0.6112736136300269,8.366789408280358
70,8,,"[0, 1, 2, 3, 4, 5, 6, 7, 8, 9, 10, 11, 12, 13, 14, 15, 16, 17, 18, 19]","[{'pst': (62, 7), 'tst': 4}, {'pst': (20, 8), 'tst': 4}, {'pst': (60, 18), 'tst': 3}, {'pst': (67, 8), 'tst': 2}, {'pst': (67, 3), 'tst': 2}, {'pst': (56, 11), 'tst': 1}, {'pst': (69, 8), 'tst': 0}, {'pst': (67, 6), 'tst': 0}]",0.6091563271394277,8.120413307104341
70,9,"{'text': 'If you want to legalize drugs, then you should also legalize prostitution.'}","[0, 1, 2, 3, 4, 5, 6, 7, 8, 9, 10, 11, 12, 13, 14, 15, 16, 17, 18, 19]","[{'pst': (40, 0), 'tst': 10}, {'pst': (49, 3), 'tst': 5}, {'pst': (49, 4), 'tst': 3}, {'pst': (55, 13), 'tst': 2}, {'pst': (68, 9), 'tst': 1}, {'pst': (48, 11), 'tst': 1}, {'pst': (69, 9), 'tst': 0}, {'pst': (42, 13), 'tst': 0}]",0.6165156384342474,8.344182497909522
70,10,,"[0, 1, 2, 3, 4, 5, 6, 7, 8, 9, 10, 11, 12, 13, 14, 15, 16, 17, 18, 19]","[{'pst': (65, 10), 'tst': 4}, {'pst': (46, 2), 'tst': 3}, {'pst': (54, 15), 'tst': 3}, {'pst': (42, 13), 'tst': 2}, {'pst': (40, 0), 'tst': 2}, {'pst': (46, 5), 'tst': 1}, {'pst': (54, 11), 'tst': 0}, {'pst': (53, 18), 'tst': 0}]",0.6165156384342474,8.344182497909522
70,11,,"[0, 1, 2, 3, 4, 5, 6, 7, 8, 9, 10, 11, 12, 13, 14, 15, 16, 17, 18, 19]","[{'pst': (49, 3), 'tst': 6}, {'pst': (55, 16), 'tst': 4}, {'pst': (65, 2), 'tst': 3}, {'pst': (47, 7), 'tst': 2}, {'pst': (55, 17), 'tst': 0}, {'pst': (69, 14), 'tst': 0}, {'pst': (43, 19), 'tst': 0}, {'pst': (63, 6), 'tst': 0}]",0.6165156384342474,8.344182497909522
70,12,,"[0, 1, 2, 3, 4, 5, 6, 7, 8, 9, 10, 11, 12, 13, 14, 15, 16, 17, 18, 19]","[{'pst': (60, 9), 'tst': 7}, {'pst': (66, 16), 'tst': 3}, {'pst': (65, 10), 'tst': 2}, {'pst': (60, 8), 'tst': 2}, {'pst': (67, 2), 'tst': 1}, {'pst': (67, 16), 'tst': 1}, {'pst': (68, 17), 'tst': 0}, {'pst': (52, 6), 'tst': 0}]",0.6165156384342474,8.344182497909522
70,13,,"[0, 1, 2, 3, 4, 5, 6, 7, 8, 9, 10, 11, 12, 13, 14, 15, 16, 17, 18, 19]","[{'pst': (60, 16), 'tst': 4}, {'pst': (66, 18), 'tst': 3}, {'pst': (67, 13), 'tst': 2}, {'pst': (42, 13), 'tst': 2}, {'pst': (49, 4), 'tst': 1}, {'pst': (61, 13), 'tst': 1}, {'pst': (69, 13), 'tst': 0}, {'pst': (52, 6), 'tst': 0}]",0.6165156384342474,8.344182497909522
70,14,,"[0, 1, 2, 3, 4, 5, 6, 7, 8, 9, 10, 11, 12, 13, 14, 15, 16, 17, 18, 19]","[{'pst': (46, 5), 'tst': 7}, {'pst': (63, 14), 'tst': 6}, {'pst': (61, 10), 'tst': 5}, {'pst': (55, 17), 'tst': 2}, {'pst': (65, 2), 'tst': 2}, {'pst': (67, 8), 'tst': 1}, {'pst': (69, 14), 'tst': 0}, {'pst': (52, 6), 'tst': 0}]",0.6165156384342474,8.344182497909522
70,15,,"[0, 1, 2, 3, 4, 5, 6, 7, 8, 9, 10, 11, 12, 13, 14, 15, 16, 17, 18, 19]","[{'pst': (63, 16), 'tst': 4}, {'pst': (49, 3), 'tst': 4}, {'pst': (63, 6), 'tst': 3}, {'pst': (54, 11), 'tst': 2}, {'pst': (47, 7), 'tst': 1}, {'pst': (60, 13), 'tst': 1}, {'pst': (60, 9), 'tst': 0}, {'pst': (69, 6), 'tst': 0}]",0.6165156384342474,8.344182497909522
70,16,,"[0, 1, 2, 3, 4, 5, 6, 7, 8, 9, 10, 11, 12, 13, 14, 15, 16, 17, 18, 19]","[{'pst': (52, 10), 'tst': 4}, {'pst': (53, 8), 'tst': 4}, {'pst': (48, 1), 'tst': 3}, {'pst': (67, 16), 'tst': 2}, {'pst': (48, 11), 'tst': 2}, {'pst': (57, 4), 'tst': 1}, {'pst': (67, 8), 'tst': 0}, {'pst': (56, 1), 'tst': 0}]",0.5970372394609095,7.651957246171752
70,17,"{'text': 'If you want to legalize drugs, then you should also legalize prostitution.'}","[0, 1, 2, 3, 4, 5, 6, 7, 8, 9, 10, 11, 12, 13, 14, 15, 16, 17, 18, 19]","[{'pst': (62, 9), 'tst': 7}, {'pst': (48, 11), 'tst': 7}, {'pst': (38, 3), 'tst': 3}, {'pst': (52, 6), 'tst': 2}, {'pst': (40, 11), 'tst': 2}, {'pst': (68, 17), 'tst': 1}, {'pst': (54, 11), 'tst': 0}, {'pst': (67, 6), 'tst': 0}]",0.6165156384342474,8.344182497909522
70,18,"{'text': 'If you want to legalize drugs, then you should also legalize prostitution.'}","[0, 1, 2, 3, 4, 5, 6, 7, 8, 9, 10, 11, 12, 13, 14, 15, 16, 17, 18, 19]","[{'pst': (49, 3), 'tst': 5}, {'pst': (48, 1), 'tst': 4}, {'pst': (66, 18), 'tst': 3}, {'pst': (60, 9), 'tst': 2}, {'pst': (62, 10), 'tst': 2}, {'pst': (61, 10), 'tst': 1}, {'pst': (47, 7), 'tst': 1}, {'pst': (20, 8), 'tst': 0}]",0.5935308925881124,7.275372718450024
70,19,,"[0, 1, 2, 3, 4, 5, 6, 7, 8, 9, 10, 11, 12, 13, 14, 15, 16, 17, 18, 19]","[{'pst': (50, 13), 'tst': 6}, {'pst': (43, 19), 'tst': 5}, {'pst': (65, 4), 'tst': 4}, {'pst': (65, 2), 'tst': 2}, {'pst': (58, 13), 'tst': 2}, {'pst': (65, 5), 'tst': 1}, {'pst': (60, 13), 'tst': 1}, {'pst': (69, 7), 'tst': 0}]",0.6165156384342474,8.344182497909522
71,0,"{'text': 'If you want to legalize drugs, then you should also legalize prostitution.'}","[0, 1, 2, 3, 4, 5, 6, 7, 8, 9, 10, 11, 12, 13, 14, 15, 16, 17, 18, 19]","[{'pst': (52, 10), 'tst': 7}, {'pst': (65, 5), 'tst': 4}, {'pst': (67, 16), 'tst': 2}, {'pst': (54, 15), 'tst': 2}, {'pst': (63, 7), 'tst': 1}, {'pst': (44, 11), 'tst': 1}, {'pst': (55, 16), 'tst': 0}, {'pst': (49, 4), 'tst': 0}]",0.6165156384342474,8.344182497909522
71,1,,"[0, 1, 2, 3, 4, 5, 6, 7, 8, 9, 10, 11, 12, 13, 14, 15, 16, 17, 18, 19]","[{'pst': (63, 7), 'tst': 4}, {'pst': (44, 11), 'tst': 3}, {'pst': (63, 6), 'tst': 2}, {'pst': (53, 18), 'tst': 2}, {'pst': (55, 17), 'tst': 1}, {'pst': (47, 7), 'tst': 1}, {'pst': (46, 2), 'tst': 0}, {'pst': (46, 5), 'tst': 0}]",0.6165156384342474,8.344182497909522
71,2,,"[0, 1, 2, 3, 4, 5, 6, 7, 8, 9, 10, 11, 12, 13, 14, 15, 16, 17, 18, 19]","[{'pst': (65, 2), 'tst': 5}, {'pst': (55, 17), 'tst': 4}, {'pst': (56, 11), 'tst': 4}, {'pst': (67, 2), 'tst': 3}, {'pst': (55, 16), 'tst': 2}, {'pst': (57, 4), 'tst': 1}, {'pst': (62, 7), 'tst': 0}, {'pst': (60, 13), 'tst': 0}]",0.5935817745966367,7.62185488736539
71,3,,"[0, 1, 2, 3, 4, 5, 6, 7, 8, 9, 10, 11, 12, 13, 14, 15, 16, 17, 18, 19]","[{'pst': (49, 3), 'tst': 7}, {'pst': (67, 3), 'tst': 3}, {'pst': (65, 4), 'tst': 3}, {'pst': (55, 17), 'tst': 2}, {'pst': (67, 16), 'tst': 2}, {'pst': (69, 14), 'tst': 1}, {'pst': (52, 16), 'tst': 0}, {'pst': (40, 0), 'tst': 0}]",0.6165156384342474,8.344182497909522
71,4,,"[0, 1, 2, 3, 4, 5, 6, 7, 8, 9, 10, 11, 12, 13, 14, 15, 16, 17, 18, 19]","[{'pst': (67, 4), 'tst': 3}, {'pst': (55, 17), 'tst': 3}, {'pst': (67, 6), 'tst': 3}, {'pst': (53, 8), 'tst': 3}, {'pst': (67, 11), 'tst': 2}, {'pst': (46, 5), 'tst': 2}, {'pst': (57, 14), 'tst': 1}, {'pst': (40, 11), 'tst': 0}]",0.6165156384342474,8.344182497909522
71,5,,"[0, 1, 2, 3, 4, 5, 6, 7, 8, 9, 10, 11, 12, 13, 14, 15, 16, 17, 18, 19]","[{'pst': (48, 11), 'tst': 4}, {'pst': (61, 10), 'tst': 2}, {'pst': (49, 3), 'tst': 2}, {'pst': (52, 10), 'tst': 2}, {'pst': (48, 1), 'tst': 2}, {'pst': (69, 6), 'tst': 1}, {'pst': (63, 7), 'tst': 0}, {'pst': (66, 16), 'tst': 0}]",0.5942386631469825,7.625391679214867
71,6,,"[0, 1, 2, 3, 4, 5, 6, 7, 8, 9, 10, 11, 12, 13, 14, 15, 16, 17, 18, 19]","[{'pst': (52, 16), 'tst': 5}, {'pst': (67, 6), 'tst': 3}, {'pst': (61, 10), 'tst': 2}, {'pst': (65, 4), 'tst': 2}, {'pst': (69, 6), 'tst': 1}, {'pst': (62, 10), 'tst': 1}, {'pst': (62, 9), 'tst': 0}, {'pst': (42, 13), 'tst': 0}]",0.6165156384342474,8.344182497909522
71,7,"{'text': 'If you want to legalize drugs, then you should also legalize prostitution.'}","[0, 1, 2, 3, 4, 5, 6, 7, 8, 9, 10, 11, 12, 13, 14, 15, 16, 17, 18, 19]","[{'pst': (67, 7), 'tst': 3}, {'pst': (46, 5), 'tst': 3}, {'pst': (69, 7), 'tst': 1}, {'pst': (61, 10), 'tst': 0}, {'pst': (63, 16), 'tst': 0}, {'pst': (52, 16), 'tst': 0}, {'pst': (38, 3), 'tst': 0}, {'pst': (50, 13), 'tst': 0}]",0.6259892728513715,8.010342617373695
71,8,,"[0, 1, 2, 3, 4, 5, 6, 7, 8, 9, 10, 11, 12, 13, 14, 15, 16, 17, 18, 19]","[{'pst': (62, 7), 'tst': 5}, {'pst': (20, 8), 'tst': 5}, {'pst': (67, 8), 'tst': 3}, {'pst': (67, 3), 'tst': 3}, {'pst': (56, 11), 'tst': 2}, {'pst': (69, 8), 'tst': 1}, {'pst': (67, 6), 'tst': 1}, {'pst': (54, 15), 'tst': 0}]",0.6091563271394277,8.120413307104341
71,9,"{'text': 'If you want to legalize drugs, then you should also legalize prostitution.'}","[0, 1, 2, 3, 4, 5, 6, 7, 8, 9, 10, 11, 12, 13, 14, 15, 16, 17, 18, 19]","[{'pst': (40, 0), 'tst': 11}, {'pst': (49, 4), 'tst': 4}, {'pst': (55, 13), 'tst': 3}, {'pst': (68, 9), 'tst': 2}, {'pst': (69, 9), 'tst': 1}, {'pst': (42, 13), 'tst': 1}, {'pst': (70, 9), 'tst': 0}, {'pst': (63, 14), 'tst': 0}]",0.6165156384342474,8.344182497909522
71,10,,"[0, 1, 2, 3, 4, 5, 6, 7, 8, 9, 10, 11, 12, 13, 14, 15, 16, 17, 18, 19]","[{'pst': (65, 10), 'tst': 5}, {'pst': (54, 15), 'tst': 4}, {'pst': (42, 13), 'tst': 3}, {'pst': (40, 0), 'tst': 3}, {'pst': (54, 11), 'tst': 1}, {'pst': (53, 18), 'tst': 1}, {'pst': (67, 8), 'tst': 0}, {'pst': (67, 4), 'tst': 0}]",0.6165156384342474,8.344182497909522
71,11,,"[0, 1, 2, 3, 4, 5, 6, 7, 8, 9, 10, 11, 12, 13, 14, 15, 16, 17, 18, 19]","[{'pst': (49, 3), 'tst': 7}, {'pst': (55, 16), 'tst': 5}, {'pst': (65, 2), 'tst': 4}, {'pst': (55, 17), 'tst': 1}, {'pst': (69, 14), 'tst': 1}, {'pst': (43, 19), 'tst': 1}, {'pst': (63, 6), 'tst': 1}, {'pst': (67, 13), 'tst': 0}]",0.6165156384342474,8.344182497909522
71,12,"{'text': 'If you want to legalize drugs, then you should also legalize prostitution.'}","[0, 1, 2, 3, 4, 5, 6, 7, 8, 9, 10, 11, 12, 13, 14, 15, 16, 17, 18, 19]","[{'pst': (66, 16), 'tst': 4}, {'pst': (65, 10), 'tst': 3}, {'pst': (60, 8), 'tst': 3}, {'pst': (67, 2), 'tst': 2}, {'pst': (67, 16), 'tst': 2}, {'pst': (68, 17), 'tst': 1}, {'pst': (52, 6), 'tst': 1}, {'pst': (42, 13), 'tst': 0}]",0.6165156384342474,8.344182497909522
71,13,"{'text': 'If you want to legalize drugs, then you should also legalize prostitution.'}","[0, 1, 2, 3, 4, 5, 6, 7, 8, 9, 10, 11, 12, 13, 14, 15, 16, 17, 18, 19]","[{'pst': (60, 16), 'tst': 5}, {'pst': (42, 13), 'tst': 3}, {'pst': (49, 4), 'tst': 2}, {'pst': (61, 13), 'tst': 2}, {'pst': (69, 13), 'tst': 1}, {'pst': (52, 6), 'tst': 1}, {'pst': (61, 10), 'tst': 0}, {'pst': (48, 11), 'tst': 0}]",0.6165156384342474,8.344182497909522
71,14,,"[0, 1, 2, 3, 4, 5, 6, 7, 8, 9, 10, 11, 12, 13, 14, 15, 16, 17, 18, 19]","[{'pst': (63, 14), 'tst': 7}, {'pst': (55, 17), 'tst': 3}, {'pst': (65, 2), 'tst': 3}, {'pst': (67, 8), 'tst': 2}, {'pst': (69, 14), 'tst': 1}, {'pst': (52, 6), 'tst': 1}, {'pst': (63, 7), 'tst': 0}, {'pst': (38, 3), 'tst': 0}]",0.6165156384342474,8.344182497909522
71,15,,"[0, 1, 2, 3, 4, 5, 6, 7, 8, 9, 10, 11, 12, 13, 14, 15, 16, 17, 18, 19]","[{'pst': (49, 3), 'tst': 5}, {'pst': (63, 6), 'tst': 4}, {'pst': (47, 7), 'tst': 2}, {'pst': (60, 13), 'tst': 2}, {'pst': (60, 9), 'tst': 1}, {'pst': (69, 6), 'tst': 1}, {'pst': (61, 10), 'tst': 0}, {'pst': (57, 14), 'tst': 0}]",0.6165156384342474,8.344182497909522
71,16,,"[0, 1, 2, 3, 4, 5, 6, 7, 8, 9, 10, 11, 12, 13, 14, 15, 16, 17, 18, 19]","[{'pst': (52, 10), 'tst': 5}, {'pst': (48, 1), 'tst': 4}, {'pst': (48, 11), 'tst': 3}, {'pst': (57, 4), 'tst': 2}, {'pst': (67, 8), 'tst': 1}, {'pst': (56, 1), 'tst': 1}, {'pst': (52, 16), 'tst': 0}, {'pst': (60, 9), 'tst': 0}]",0.6027411900685876,7.7510484997532165
71,17,,"[0, 1, 2, 3, 4, 5, 6, 7, 8, 9, 10, 11, 12, 13, 14, 15, 16, 17, 18, 19]","[{'pst': (48, 11), 'tst': 8}, {'pst': (38, 3), 'tst': 4}, {'pst': (52, 6), 'tst': 3}, {'pst': (40, 11), 'tst': 3}, {'pst': (68, 17), 'tst': 2}, {'pst': (54, 11), 'tst': 1}, {'pst': (67, 6), 'tst': 1}, {'pst': (70, 17), 'tst': 0}]",0.6165156384342474,8.344182497909522
71,18,,"[0, 1, 2, 3, 4, 5, 6, 7, 8, 9, 10, 11, 12, 13, 14, 15, 16, 17, 18, 19]","[{'pst': (49, 3), 'tst': 6}, {'pst': (48, 1), 'tst': 5}, {'pst': (66, 18), 'tst': 4}, {'pst': (62, 10), 'tst': 3}, {'pst': (61, 10), 'tst': 2}, {'pst': (20, 8), 'tst': 1}, {'pst': (70, 18), 'tst': 0}, {'pst': (57, 4), 'tst': 0}]",0.5912963188001631,7.677839738155552
71,19,,"[0, 1, 2, 3, 4, 5, 6, 7, 8, 9, 10, 11, 12, 13, 14, 15, 16, 17, 18, 19]","[{'pst': (50, 13), 'tst': 7}, {'pst': (43, 19), 'tst': 6}, {'pst': (65, 4), 'tst': 5}, {'pst': (65, 2), 'tst': 3}, {'pst': (60, 13), 'tst': 2}, {'pst': (69, 7), 'tst': 1}, {'pst': (20, 8), 'tst': 0}, {'pst': (53, 8), 'tst': 0}]",0.6030824493319097,8.090897133224482
72,0,,"[0, 1, 2, 3, 4, 5, 6, 7, 8, 9, 10, 11, 12, 13, 14, 15, 16, 17, 18, 19]","[{'pst': (52, 10), 'tst': 8}, {'pst': (54, 15), 'tst': 3}, {'pst': (63, 7), 'tst': 2}, {'pst': (44, 11), 'tst': 2}, {'pst': (55, 16), 'tst': 1}, {'pst': (49, 4), 'tst': 1}, {'pst': (71, 0), 'tst': 0}, {'pst': (63, 6), 'tst': 0}]",0.6165156384342474,8.344182497909522
72,1,,"[0, 1, 2, 3, 4, 5, 6, 7, 8, 9, 10, 11, 12, 13, 14, 15, 16, 17, 18, 19]","[{'pst': (63, 7), 'tst': 5}, {'pst': (44, 11), 'tst': 4}, {'pst': (63, 6), 'tst': 3}, {'pst': (55, 17), 'tst': 2}, {'pst': (47, 7), 'tst': 2}, {'pst': (46, 2), 'tst': 1}, {'pst': (46, 5), 'tst': 1}, {'pst': (57, 14), 'tst': 0}]",0.6165156384342474,8.344182497909522
72,2,,"[0, 1, 2, 3, 4, 5, 6, 7, 8, 9, 10, 11, 12, 13, 14, 15, 16, 17, 18, 19]","[{'pst': (65, 2), 'tst': 6}, {'pst': (55, 17), 'tst': 5}, {'pst': (56, 11), 'tst': 5}, {'pst': (67, 2), 'tst': 4}, {'pst': (62, 7), 'tst': 1}, {'pst': (60, 13), 'tst': 1}, {'pst': (69, 14), 'tst': 0}, {'pst': (60, 16), 'tst': 0}]",0.6165156384342474,8.344182497909522
72,3,"{'text': 'If you want to legalize drugs, then you should also legalize prostitution.'}","[0, 1, 2, 3, 4, 5, 6, 7, 8, 9, 10, 11, 12, 13, 14, 15, 16, 17, 18, 19]","[{'pst': (49, 3), 'tst': 8}, {'pst': (65, 4), 'tst': 4}, {'pst': (55, 17), 'tst': 3}, {'pst': (67, 16), 'tst': 3}, {'pst': (69, 14), 'tst': 2}, {'pst': (52, 16), 'tst': 1}, {'pst': (40, 0), 'tst': 1}, {'pst': (38, 3), 'tst': 0}]",0.6165156384342474,8.344182497909522
72,4,,"[0, 1, 2, 3, 4, 5, 6, 7, 8, 9, 10, 11, 12, 13, 14, 15, 16, 17, 18, 19]","[{'pst': (55, 17), 'tst': 4}, {'pst': (53, 8), 'tst': 4}, {'pst': (67, 11), 'tst': 3}, {'pst': (46, 5), 'tst': 3}, {'pst': (57, 14), 'tst': 2}, {'pst': (40, 11), 'tst': 1}, {'pst': (49, 3), 'tst': 0}, {'pst': (70, 17), 'tst': 0}]",0.6165156384342474,8.344182497909522
72,5,,"[0, 1, 2, 3, 4, 5, 6, 7, 8, 9, 10, 11, 12, 13, 14, 15, 16, 17, 18, 19]","[{'pst': (61, 10), 'tst': 3}, {'pst': (52, 10), 'tst': 3}, {'pst': (48, 1), 'tst': 3}, {'pst': (69, 6), 'tst': 2}, {'pst': (63, 7), 'tst': 1}, {'pst': (66, 16), 'tst': 1}, {'pst': (71, 0), 'tst': 0}, {'pst': (53, 8), 'tst': 0}]",0.5994139301602949,7.6378727009057314
72,6,,"[0, 1, 2, 3, 4, 5, 6, 7, 8, 9, 10, 11, 12, 13, 14, 15, 16, 17, 18, 19]","[{'pst': (52, 16), 'tst': 6}, {'pst': (67, 6), 'tst': 4}, {'pst': (69, 6), 'tst': 2}, {'pst': (62, 10), 'tst': 2}, {'pst': (62, 9), 'tst': 1}, {'pst': (42, 13), 'tst': 1}, {'pst': (67, 8), 'tst': 0}, {'pst': (67, 4), 'tst': 0}]",0.6165156384342474,8.344182497909522
72,7,,"[0, 1, 2, 3, 4, 5, 6, 7, 8, 9, 10, 11, 12, 13, 14, 15, 16, 17, 18, 19]","[{'pst': (69, 7), 'tst': 2}, {'pst': (61, 10), 'tst': 1}, {'pst': (63, 16), 'tst': 1}, {'pst': (52, 16), 'tst': 1}, {'pst': (38, 3), 'tst': 1}, {'pst': (50, 13), 'tst': 1}, {'pst': (71, 7), 'tst': 0}]",0.6153244845836598,8.296834613616072
72,8,,"[0, 1, 2, 3, 4, 5, 6, 7, 8, 9, 10, 11, 12, 13, 14, 15, 16, 17, 18, 19]","[{'pst': (62, 7), 'tst': 6}, {'pst': (67, 3), 'tst': 4}, {'pst': (56, 11), 'tst': 3}, {'pst': (69, 8), 'tst': 2}, {'pst': (67, 6), 'tst': 2}, {'pst': (54, 15), 'tst': 1}, {'pst': (60, 8), 'tst': 0}, {'pst': (63, 14), 'tst': 0}]",0.6165156384342474,8.344182497909522
72,9,,"[0, 1, 2, 3, 4, 5, 6, 7, 8, 9, 10, 11, 12, 13, 14, 15, 16, 17, 18, 19]","[{'pst': (40, 0), 'tst': 12}, {'pst': (49, 4), 'tst': 5}, {'pst': (69, 9), 'tst': 2}, {'pst': (42, 13), 'tst': 2}, {'pst': (70, 9), 'tst': 1}, {'pst': (63, 14), 'tst': 1}, {'pst': (71, 9), 'tst': 0}, {'pst': (71, 12), 'tst': 0}]",0.6165156384342474,8.344182497909522
72,10,,"[0, 1, 2, 3, 4, 5, 6, 7, 8, 9, 10, 11, 12, 13, 14, 15, 16, 17, 18, 19]","[{'pst': (54, 15), 'tst': 5}, {'pst': (42, 13), 'tst': 4}, {'pst': (54, 11), 'tst': 2}, {'pst': (53, 18), 'tst': 2}, {'pst': (67, 8), 'tst': 1}, {'pst': (67, 4), 'tst': 1}, {'pst': (69, 13), 'tst': 0}, {'pst': (60, 13), 'tst': 0}]",0.6165156384342474,8.344182497909522
72,11,"{'text': 'If you want to legalize drugs, then you should also legalize prostitution.'}","[0, 1, 2, 3, 4, 5, 6, 7, 8, 9, 10, 11, 12, 13, 14, 15, 16, 17, 18, 19]","[{'pst': (55, 16), 'tst': 6}, {'pst': (65, 2), 'tst': 5}, {'pst': (55, 17), 'tst': 2}, {'pst': (69, 14), 'tst': 2}, {'pst': (43, 19), 'tst': 2}, {'pst': (67, 13), 'tst': 1}, {'pst': (63, 16), 'tst': 0}, {'pst': (67, 3), 'tst': 0}]",0.6165156384342474,8.344182497909522
72,12,,"[0, 1, 2, 3, 4, 5, 6, 7, 8, 9, 10, 11, 12, 13, 14, 15, 16, 17, 18, 19]","[{'pst': (66, 16), 'tst': 5}, {'pst': (65, 10), 'tst': 4}, {'pst': (67, 16), 'tst': 3}, {'pst': (68, 17), 'tst': 2}, {'pst': (52, 6), 'tst': 2}, {'pst': (42, 13), 'tst': 1}, {'pst': (71, 12), 'tst': 0}, {'pst': (53, 18), 'tst': 0}]",0.6165156384342474,8.344182497909522
72,13,,"[0, 1, 2, 3, 4, 5, 6, 7, 8, 9, 10, 11, 12, 13, 14, 15, 16, 17, 18, 19]","[{'pst': (42, 13), 'tst': 4}, {'pst': (49, 4), 'tst': 3}, {'pst': (69, 13), 'tst': 2}, {'pst': (52, 6), 'tst': 2}, {'pst': (61, 10), 'tst': 1}, {'pst': (48, 11), 'tst': 1}, {'pst': (71, 13), 'tst': 0}, {'pst': (60, 16), 'tst': 0}]",0.6165156384342474,8.344182497909522
72,14,,"[0, 1, 2, 3, 4, 5, 6, 7, 8, 9, 10, 11, 12, 13, 14, 15, 16, 17, 18, 19]","[{'pst': (55, 17), 'tst': 4}, {'pst': (67, 8), 'tst': 3}, {'pst': (69, 14), 'tst': 2}, {'pst': (52, 6), 'tst': 2}, {'pst': (63, 7), 'tst': 1}, {'pst': (38, 3), 'tst': 1}, {'pst': (67, 16), 'tst': 0}, {'pst': (49, 4), 'tst': 0}]",0.6165156384342474,8.344182497909522
72,15,,"[0, 1, 2, 3, 4, 5, 6, 7, 8, 9, 10, 11, 12, 13, 14, 15, 16, 17, 18, 19]","[{'pst': (63, 6), 'tst': 5}, {'pst': (47, 7), 'tst': 3}, {'pst': (60, 13), 'tst': 3}, {'pst': (69, 6), 'tst': 2}, {'pst': (61, 10), 'tst': 1}, {'pst': (57, 14), 'tst': 1}, {'pst': (66, 18), 'tst': 0}, {'pst': (48, 11), 'tst': 0}]",0.6165156384342474,8.344182497909522
72,16,,"[0, 1, 2, 3, 4, 5, 6, 7, 8, 9, 10, 11, 12, 13, 14, 15, 16, 17, 18, 19]","[{'pst': (48, 1), 'tst': 5}, {'pst': (48, 11), 'tst': 4}, {'pst': (57, 4), 'tst': 3}, {'pst': (56, 1), 'tst': 2}, {'pst': (52, 16), 'tst': 1}, {'pst': (60, 9), 'tst': 1}, {'pst': (67, 11), 'tst': 0}, {'pst': (54, 15), 'tst': 0}]",0.59749406441803,7.616065794301351
72,17,,"[0, 1, 2, 3, 4, 5, 6, 7, 8, 9, 10, 11, 12, 13, 14, 15, 16, 17, 18, 19]","[{'pst': (48, 11), 'tst': 9}, {'pst': (38, 3), 'tst': 5}, {'pst': (68, 17), 'tst': 3}, {'pst': (54, 11), 'tst': 2}, {'pst': (67, 6), 'tst': 2}, {'pst': (70, 17), 'tst': 1}, {'pst': (63, 16), 'tst': 0}, {'pst': (43, 19), 'tst': 0}]",0.6165156384342474,8.344182497909522
72,18,"{'text': 'If you want to legalize drugs, then you should also legalize prostitution.'}","[0, 1, 2, 3, 4, 5, 6, 7, 8, 9, 10, 11, 12, 13, 14, 15, 16, 17, 18, 19]","[{'pst': (49, 3), 'tst': 7}, {'pst': (66, 18), 'tst': 5}, {'pst': (62, 10), 'tst': 4}, {'pst': (61, 10), 'tst': 3}, {'pst': (20, 8), 'tst': 2}, {'pst': (70, 18), 'tst': 1}, {'pst': (57, 4), 'tst': 1}, {'pst': (44, 11), 'tst': 0}]",0.5879556981961033,7.531524450828641
72,19,,"[0, 1, 2, 3, 4, 5, 6, 7, 8, 9, 10, 11, 12, 13, 14, 15, 16, 17, 18, 19]","[{'pst': (50, 13), 'tst': 8}, {'pst': (65, 2), 'tst': 4}, {'pst': (60, 13), 'tst': 3}, {'pst': (69, 7), 'tst': 2}, {'pst': (20, 8), 'tst': 1}, {'pst': (53, 8), 'tst': 1}, {'pst': (67, 13), 'tst': 0}, {'pst': (71, 0), 'tst': 0}]",0.5992353165332608,8.141999156069968
73,0,,"[0, 1, 2, 3, 4, 5, 6, 7, 8, 9, 10, 11, 12, 13, 14, 15, 16, 17, 18, 19]","[{'pst': (52, 10), 'tst': 9}, {'pst': (63, 7), 'tst': 3}, {'pst': (55, 16), 'tst': 2}, {'pst': (49, 4), 'tst': 2}, {'pst': (71, 0), 'tst': 1}, {'pst': (63, 6), 'tst': 1}, {'pst': (67, 11), 'tst': 0}, {'pst': (60, 16), 'tst': 0}]",0.6165156384342474,8.344182497909522
73,1,,"[0, 1, 2, 3, 4, 5, 6, 7, 8, 9, 10, 11, 12, 13, 14, 15, 16, 17, 18, 19]","[{'pst': (63, 6), 'tst': 4}, {'pst': (55, 17), 'tst': 3}, {'pst': (47, 7), 'tst': 3}, {'pst': (46, 2), 'tst': 2}, {'pst': (46, 5), 'tst': 2}, {'pst': (57, 14), 'tst': 1}, {'pst': (60, 8), 'tst': 0}, {'pst': (53, 8), 'tst': 0}]",0.6165156384342474,8.344182497909522
73,2,,"[0, 1, 2, 3, 4, 5, 6, 7, 8, 9, 10, 11, 12, 13, 14, 15, 16, 17, 18, 19]","[{'pst': (65, 2), 'tst': 7}, {'pst': (55, 17), 'tst': 6}, {'pst': (67, 2), 'tst': 5}, {'pst': (62, 7), 'tst': 2}, {'pst': (69, 14), 'tst': 1}, {'pst': (60, 16), 'tst': 1}, {'pst': (54, 11), 'tst': 0}, {'pst': (50, 13), 'tst': 0}]",0.6165156384342474,8.344182497909522
73,3,,"[0, 1, 2, 3, 4, 5, 6, 7, 8, 9, 10, 11, 12, 13, 14, 15, 16, 17, 18, 19]","[{'pst': (49, 3), 'tst': 9}, {'pst': (65, 4), 'tst': 5}, {'pst': (67, 16), 'tst': 4}, {'pst': (52, 16), 'tst': 2}, {'pst': (40, 0), 'tst': 2}, {'pst': (38, 3), 'tst': 1}, {'pst': (72, 3), 'tst': 0}, {'pst': (52, 10), 'tst': 0}]",0.6165156384342474,8.344182497909522
73,4,,"[0, 1, 2, 3, 4, 5, 6, 7, 8, 9, 10, 11, 12, 13, 14, 15, 16, 17, 18, 19]","[{'pst': (55, 17), 'tst': 5}, {'pst': (46, 5), 'tst': 4}, {'pst': (57, 14), 'tst': 3}, {'pst': (40, 11), 'tst': 2}, {'pst': (49, 3), 'tst': 1}, {'pst': (70, 17), 'tst': 1}, {'pst': (60, 9), 'tst': 0}, {'pst': (53, 18), 'tst': 0}]",0.6165156384342474,8.344182497909522
73,5,,"[0, 1, 2, 3, 4, 5, 6, 7, 8, 9, 10, 11, 12, 13, 14, 15, 16, 17, 18, 19]","[{'pst': (52, 10), 'tst': 4}, {'pst': (48, 1), 'tst': 4}, {'pst': (69, 6), 'tst': 3}, {'pst': (66, 16), 'tst': 2}, {'pst': (71, 0), 'tst': 1}, {'pst': (53, 8), 'tst': 1}, {'pst': (57, 14), 'tst': 0}, {'pst': (40, 11), 'tst': 0}]",0.6034397657486131,7.7033096325632755
73,6,,"[0, 1, 2, 3, 4, 5, 6, 7, 8, 9, 10, 11, 12, 13, 14, 15, 16, 17, 18, 19]","[{'pst': (67, 6), 'tst': 5}, {'pst': (69, 6), 'tst': 3}, {'pst': (62, 9), 'tst': 2}, {'pst': (42, 13), 'tst': 2}, {'pst': (67, 8), 'tst': 1}, {'pst': (67, 4), 'tst': 1}, {'pst': (52, 6), 'tst': 0}, {'pst': (65, 4), 'tst': 0}]",0.6165156384342474,8.344182497909522
73,7,,"[0, 1, 2, 3, 4, 5, 6, 7, 8, 9, 10, 11, 12, 13, 14, 15, 16, 17, 18, 19]","[{'pst': (61, 10), 'tst': 2}, {'pst': (63, 16), 'tst': 2}, {'pst': (52, 16), 'tst': 2}, {'pst': (38, 3), 'tst': 2}, {'pst': (71, 7), 'tst': 1}, {'pst': (60, 8), 'tst': 0}, {'pst': (66, 16), 'tst': 0}, {'pst': (69, 9), 'tst': 0}]",0.6165156384342474,8.344182497909522
73,8,,"[0, 1, 2, 3, 4, 5, 6, 7, 8, 9, 10, 11, 12, 13, 14, 15, 16, 17, 18, 19]","[{'pst': (67, 3), 'tst': 5}, {'pst': (69, 8), 'tst': 3}, {'pst': (67, 6), 'tst': 3}, {'pst': (54, 15), 'tst': 2}, {'pst': (60, 8), 'tst': 1}, {'pst': (63, 14), 'tst': 1}, {'pst': (46, 2), 'tst': 0}, {'pst': (71, 13), 'tst': 0}]",0.6165156384342474,8.344182497909522
73,9,,"[0, 1, 2, 3, 4, 5, 6, 7, 8, 9, 10, 11, 12, 13, 14, 15, 16, 17, 18, 19]","[{'pst': (40, 0), 'tst': 13}, {'pst': (42, 13), 'tst': 3}, {'pst': (70, 9), 'tst': 2}, {'pst': (63, 14), 'tst': 2}, {'pst': (71, 9), 'tst': 1}, {'pst': (71, 12), 'tst': 1}, {'pst': (52, 16), 'tst': 0}, {'pst': (66, 16), 'tst': 0}]",0.6165156384342474,8.344182497909522
73,10,"{'text': 'If you want to legalize drugs, then you should also legalize prostitution.'}","[0, 1, 2, 3, 4, 5, 6, 7, 8, 9, 10, 11, 12, 13, 14, 15, 16, 17, 18, 19]","[{'pst': (54, 15), 'tst': 6}, {'pst': (54, 11), 'tst': 3}, {'pst': (67, 8), 'tst': 2}, {'pst': (67, 4), 'tst': 2}, {'pst': (69, 13), 'tst': 1}, {'pst': (60, 13), 'tst': 1}, {'pst': (40, 0), 'tst': 0}, {'pst': (72, 11), 'tst': 0}]",0.6165156384342474,8.344182497909522
73,11,"{'text': 'If you want to legalize drugs, then you should also legalize prostitution.'}","[0, 1, 2, 3, 4, 5, 6, 7, 8, 9, 10, 11, 12, 13, 14, 15, 16, 17, 18, 19]","[{'pst': (65, 2), 'tst': 6}, {'pst': (55, 17), 'tst': 3}, {'pst': (69, 14), 'tst': 3}, {'pst': (43, 19), 'tst': 3}, {'pst': (67, 13), 'tst': 2}, {'pst': (63, 16), 'tst': 1}, {'pst': (67, 3), 'tst': 1}, {'pst': (72, 11), 'tst': 0}]",0.6165156384342474,8.344182497909522
73,12,,"[0, 1, 2, 3, 4, 5, 6, 7, 8, 9, 10, 11, 12, 13, 14, 15, 16, 17, 18, 19]","[{'pst': (65, 10), 'tst': 5}, {'pst': (68, 17), 'tst': 3}, {'pst': (52, 6), 'tst': 3}, {'pst': (42, 13), 'tst': 2}, {'pst': (71, 12), 'tst': 1}, {'pst': (53, 18), 'tst': 1}, {'pst': (55, 17), 'tst': 0}, {'pst': (70, 18), 'tst': 0}]",0.6165156384342474,8.344182497909522
73,13,,"[0, 1, 2, 3, 4, 5, 6, 7, 8, 9, 10, 11, 12, 13, 14, 15, 16, 17, 18, 19]","[{'pst': (49, 4), 'tst': 4}, {'pst': (69, 13), 'tst': 3}, {'pst': (61, 10), 'tst': 2}, {'pst': (48, 11), 'tst': 2}, {'pst': (71, 13), 'tst': 1}, {'pst': (60, 16), 'tst': 1}, {'pst': (55, 16), 'tst': 0}, {'pst': (52, 10), 'tst': 0}]",0.6165156384342474,8.344182497909522
73,14,,"[0, 1, 2, 3, 4, 5, 6, 7, 8, 9, 10, 11, 12, 13, 14, 15, 16, 17, 18, 19]","[{'pst': (55, 17), 'tst': 5}, {'pst': (69, 14), 'tst': 3}, {'pst': (52, 6), 'tst': 3}, {'pst': (63, 7), 'tst': 2}, {'pst': (38, 3), 'tst': 2}, {'pst': (67, 16), 'tst': 1}, {'pst': (49, 4), 'tst': 1}, {'pst': (67, 6), 'tst': 0}]",0.6165156384342474,8.344182497909522
73,15,,"[0, 1, 2, 3, 4, 5, 6, 7, 8, 9, 10, 11, 12, 13, 14, 15, 16, 17, 18, 19]","[{'pst': (47, 7), 'tst': 4}, {'pst': (60, 13), 'tst': 4}, {'pst': (69, 6), 'tst': 3}, {'pst': (57, 14), 'tst': 2}, {'pst': (66, 18), 'tst': 1}, {'pst': (48, 11), 'tst': 1}, {'pst': (44, 11), 'tst': 0}, {'pst': (67, 6), 'tst': 0}]",0.6165156384342474,8.344182497909522
73,16,,"[0, 1, 2, 3, 4, 5, 6, 7, 8, 9, 10, 11, 12, 13, 14, 15, 16, 17, 18, 19]","[{'pst': (48, 11), 'tst': 5}, {'pst': (57, 4), 'tst': 4}, {'pst': (56, 1), 'tst': 3}, {'pst': (52, 16), 'tst': 2}, {'pst': (67, 11), 'tst': 1}, {'pst': (54, 15), 'tst': 1}, {'pst': (47, 7), 'tst': 0}, {'pst': (55, 16), 'tst': 0}]",0.6034397657486131,7.7033096325632755
73,17,,"[0, 1, 2, 3, 4, 5, 6, 7, 8, 9, 10, 11, 12, 13, 14, 15, 16, 17, 18, 19]","[{'pst': (38, 3), 'tst': 6}, {'pst': (68, 17), 'tst': 4}, {'pst': (54, 11), 'tst': 3}, {'pst': (67, 6), 'tst': 3}, {'pst': (70, 17), 'tst': 2}, {'pst': (63, 16), 'tst': 1}, {'pst': (43, 19), 'tst': 1}, {'pst': (55, 17), 'tst': 0}]",0.6165156384342474,8.344182497909522
73,18,,"[0, 1, 2, 3, 4, 5, 6, 7, 8, 9, 10, 11, 12, 13, 14, 15, 16, 17, 18, 19]","[{'pst': (49, 3), 'tst': 8}, {'pst': (61, 10), 'tst': 4}, {'pst': (20, 8), 'tst': 3}, {'pst': (70, 18), 'tst': 2}, {'pst': (57, 4), 'tst': 2}, {'pst': (44, 11), 'tst': 1}, {'pst': (72, 18), 'tst': 0}, {'pst': (65, 10), 'tst': 0}]",0.5906210832272906,7.600918054434127
73,19,,"[0, 1, 2, 3, 4, 5, 6, 7, 8, 9, 10, 11, 12, 13, 14, 15, 16, 17, 18, 19]","[{'pst': (65, 2), 'tst': 5}, {'pst': (60, 13), 'tst': 4}, {'pst': (69, 7), 'tst': 3}, {'pst': (20, 8), 'tst': 2}, {'pst': (67, 13), 'tst': 1}, {'pst': (71, 0), 'tst': 1}, {'pst': (46, 5), 'tst': 0}, {'pst': (62, 10), 'tst': 0}]",0.6008318238064116,8.113078855830857
74,0,,"[0, 1, 2, 3, 4, 5, 6, 7, 8, 9, 10, 11, 12, 13, 14, 15, 16, 17, 18, 19]","[{'pst': (63, 7), 'tst': 4}, {'pst': (55, 16), 'tst': 3}, {'pst': (49, 4), 'tst': 3}, {'pst': (71, 0), 'tst': 2}, {'pst': (67, 11), 'tst': 1}, {'pst': (60, 16), 'tst': 1}, {'pst': (47, 7), 'tst': 0}, {'pst': (43, 19), 'tst': 0}]",0.6165156384342474,8.344182497909522
74,1,,"[0, 1, 2, 3, 4, 5, 6, 7, 8, 9, 10, 11, 12, 13, 14, 15, 16, 17, 18, 19]","[{'pst': (63, 6), 'tst': 5}, {'pst': (47, 7), 'tst': 4}, {'pst': (46, 2), 'tst': 3}, {'pst': (46, 5), 'tst': 3}, {'pst': (57, 14), 'tst': 2}, {'pst': (60, 8), 'tst': 1}, {'pst': (53, 8), 'tst': 1}, {'pst': (67, 6), 'tst': 0}]",0.6165156384342474,8.344182497909522
74,2,,"[0, 1, 2, 3, 4, 5, 6, 7, 8, 9, 10, 11, 12, 13, 14, 15, 16, 17, 18, 19]","[{'pst': (65, 2), 'tst': 8}, {'pst': (67, 2), 'tst': 6}, {'pst': (62, 7), 'tst': 3}, {'pst': (69, 14), 'tst': 2}, {'pst': (60, 16), 'tst': 2}, {'pst': (54, 11), 'tst': 1}, {'pst': (50, 13), 'tst': 1}, {'pst': (67, 4), 'tst': 0}]",0.6165156384342474,8.344182497909522
74,3,,"[0, 1, 2, 3, 4, 5, 6, 7, 8, 9, 10, 11, 12, 13, 14, 15, 16, 17, 18, 19]","[{'pst': (65, 4), 'tst': 6}, {'pst': (67, 16), 'tst': 5}, {'pst': (40, 0), 'tst': 3}, {'pst': (38, 3), 'tst': 2}, {'pst': (72, 3), 'tst': 1}, {'pst': (52, 10), 'tst': 1}, {'pst': (68, 17), 'tst': 0}, {'pst': (71, 13), 'tst': 0}]",0.6165156384342474,8.344182497909522
74,4,,"[0, 1, 2, 3, 4, 5, 6, 7, 8, 9, 10, 11, 12, 13, 14, 15, 16, 17, 18, 19]","[{'pst': (46, 5), 'tst': 5}, {'pst': (57, 14), 'tst': 4}, {'pst': (49, 3), 'tst': 2}, {'pst': (70, 17), 'tst': 2}, {'pst': (60, 9), 'tst': 1}, {'pst': (53, 18), 'tst': 1}, {'pst': (63, 16), 'tst': 0}, {'pst': (40, 11), 'tst': 0}]",0.6165156384342474,8.344182497909522
74,5,,"[0, 1, 2, 3, 4, 5, 6, 7, 8, 9, 10, 11, 12, 13, 14, 15, 16, 17, 18, 19]","[{'pst': (48, 1), 'tst': 5}, {'pst': (69, 6), 'tst': 4}, {'pst': (66, 16), 'tst': 3}, {'pst': (71, 0), 'tst': 2}, {'pst': (57, 14), 'tst': 1}, {'pst': (40, 11), 'tst': 1}, {'pst': (56, 1), 'tst': 0}, {'pst': (60, 9), 'tst': 0}]",0.6070071930731191,7.635249400128382
74,6,,"[0, 1, 2, 3, 4, 5, 6, 7, 8, 9, 10, 11, 12, 13, 14, 15, 16, 17, 18, 19]","[{'pst': (67, 6), 'tst': 6}, {'pst': (69, 6), 'tst': 4}, {'pst': (62, 9), 'tst': 3}, {'pst': (67, 4), 'tst': 2}, {'pst': (52, 6), 'tst': 1}, {'pst': (65, 4), 'tst': 1}, {'pst': (62, 7), 'tst': 0}, {'pst': (40, 11), 'tst': 0}]",0.6165156384342474,8.344182497909522
74,7,"{'text': 'If you want to legalize drugs, then you should also legalize prostitution.'}","[0, 1, 2, 3, 4, 5, 6, 7, 8, 9, 10, 11, 12, 13, 14, 15, 16, 17, 18, 19]","[{'pst': (61, 10), 'tst': 3}, {'pst': (63, 16), 'tst': 3}, {'pst': (71, 7), 'tst': 2}, {'pst': (60, 8), 'tst': 1}, {'pst': (66, 16), 'tst': 1}, {'pst': (69, 9), 'tst': 1}, {'pst': (70, 17), 'tst': 0}, {'pst': (57, 4), 'tst': 0}]",0.5869730431339416,7.4467967542349776
74,8,,"[0, 1, 2, 3, 4, 5, 6, 7, 8, 9, 10, 11, 12, 13, 14, 15, 16, 17, 18, 19]","[{'pst': (69, 8), 'tst': 4}, {'pst': (67, 6), 'tst': 4}, {'pst': (60, 8), 'tst': 2}, {'pst': (63, 14), 'tst': 2}, {'pst': (46, 2), 'tst': 1}, {'pst': (71, 13), 'tst': 1}, {'pst': (56, 1), 'tst': 0}, {'pst': (43, 19), 'tst': 0}]",0.6165156384342474,8.344182497909522
74,9,,"[0, 1, 2, 3, 4, 5, 6, 7, 8, 9, 10, 11, 12, 13, 14, 15, 16, 17, 18, 19]","[{'pst': (42, 13), 'tst': 4}, {'pst': (70, 9), 'tst': 3}, {'pst': (63, 14), 'tst': 3}, {'pst': (71, 9), 'tst': 2}, {'pst': (52, 16), 'tst': 1}, {'pst': (66, 16), 'tst': 1}, {'pst': (71, 7), 'tst': 0}, {'pst': (54, 15), 'tst': 0}]",0.6165156384342474,8.344182497909522
74,10,,"[0, 1, 2, 3, 4, 5, 6, 7, 8, 9, 10, 11, 12, 13, 14, 15, 16, 17, 18, 19]","[{'pst': (54, 11), 'tst': 4}, {'pst': (67, 4), 'tst': 3}, {'pst': (69, 13), 'tst': 2}, {'pst': (60, 13), 'tst': 2}, {'pst': (40, 0), 'tst': 1}, {'pst': (72, 11), 'tst': 1}, {'pst': (73, 10), 'tst': 0}, {'pst': (67, 13), 'tst': 0}]",0.6165156384342474,8.344182497909522
74,11,,"[0, 1, 2, 3, 4, 5, 6, 7, 8, 9, 10, 11, 12, 13, 14, 15, 16, 17, 18, 19]","[{'pst': (65, 2), 'tst': 7}, {'pst': (55, 17), 'tst': 4}, {'pst': (69, 14), 'tst': 4}, {'pst': (43, 19), 'tst': 4}, {'pst': (63, 16), 'tst': 2}, {'pst': (72, 11), 'tst': 1}, {'pst': (73, 11), 'tst': 0}, {'pst': (67, 8), 'tst': 0}]",0.6165156384342474,8.344182497909522
74,12,,"[0, 1, 2, 3, 4, 5, 6, 7, 8, 9, 10, 11, 12, 13, 14, 15, 16, 17, 18, 19]","[{'pst': (65, 10), 'tst': 6}, {'pst': (52, 6), 'tst': 4}, {'pst': (71, 12), 'tst': 2}, {'pst': (53, 18), 'tst': 2}, {'pst': (55, 17), 'tst': 1}, {'pst': (70, 18), 'tst': 1}, {'pst': (63, 7), 'tst': 0}, {'pst': (72, 18), 'tst': 0}]",0.6165156384342474,8.344182497909522
74,13,,"[0, 1, 2, 3, 4, 5, 6, 7, 8, 9, 10, 11, 12, 13, 14, 15, 16, 17, 18, 19]","[{'pst': (69, 13), 'tst': 4}, {'pst': (48, 11), 'tst': 3}, {'pst': (71, 13), 'tst': 2}, {'pst': (60, 16), 'tst': 2}, {'pst': (55, 16), 'tst': 1}, {'pst': (52, 10), 'tst': 1}, {'pst': (56, 1), 'tst': 0}, {'pst': (60, 9), 'tst': 0}]",0.6165156384342474,8.344182497909522
74,14,,"[0, 1, 2, 3, 4, 5, 6, 7, 8, 9, 10, 11, 12, 13, 14, 15, 16, 17, 18, 19]","[{'pst': (69, 14), 'tst': 4}, {'pst': (52, 6), 'tst': 4}, {'pst': (63, 7), 'tst': 3}, {'pst': (38, 3), 'tst': 3}, {'pst': (67, 16), 'tst': 2}, {'pst': (67, 6), 'tst': 1}, {'pst': (65, 4), 'tst': 0}, {'pst': (73, 10), 'tst': 0}]",0.6165156384342474,8.344182497909522
74,15,,"[0, 1, 2, 3, 4, 5, 6, 7, 8, 9, 10, 11, 12, 13, 14, 15, 16, 17, 18, 19]","[{'pst': (60, 13), 'tst': 5}, {'pst': (57, 14), 'tst': 3}, {'pst': (66, 18), 'tst': 2}, {'pst': (48, 11), 'tst': 2}, {'pst': (44, 11), 'tst': 1}, {'pst': (67, 6), 'tst': 1}, {'pst': (65, 4), 'tst': 0}, {'pst': (69, 9), 'tst': 0}]",0.6165156384342474,8.344182497909522
74,16,,"[0, 1, 2, 3, 4, 5, 6, 7, 8, 9, 10, 11, 12, 13, 14, 15, 16, 17, 18, 19]","[{'pst': (48, 11), 'tst': 6}, {'pst': (57, 4), 'tst': 5}, {'pst': (56, 1), 'tst': 4}, {'pst': (52, 16), 'tst': 3}, {'pst': (54, 15), 'tst': 2}, {'pst': (47, 7), 'tst': 1}, {'pst': (55, 16), 'tst': 1}, {'pst': (67, 13), 'tst': 0}]",0.6034397657486131,7.7033096325632755
74,17,,"[0, 1, 2, 3, 4, 5, 6, 7, 8, 9, 10, 11, 12, 13, 14, 15, 16, 17, 18, 19]","[{'pst': (68, 17), 'tst': 5}, {'pst': (54, 11), 'tst': 4}, {'pst': (70, 17), 'tst': 3}, {'pst': (63, 16), 'tst': 2}, {'pst': (43, 19), 'tst': 2}, {'pst': (55, 17), 'tst': 1}, {'pst': (69, 8), 'tst': 0}, {'pst': (53, 8), 'tst': 0}]",0.6165156384342474,8.344182497909522
74,18,"{'text': 'If you want to legalize drugs, then you should also legalize prostitution.'}","[0, 1, 2, 3, 4, 5, 6, 7, 8, 9, 10, 11, 12, 13, 14, 15, 16, 17, 18, 19]","[{'pst': (49, 3), 'tst': 9}, {'pst': (20, 8), 'tst': 4}, {'pst': (70, 18), 'tst': 3}, {'pst': (44, 11), 'tst': 2}, {'pst': (72, 18), 'tst': 1}, {'pst': (65, 10), 'tst': 1}, {'pst': (66, 18), 'tst': 0}, {'pst': (67, 8), 'tst': 0}]",0.6091563271394277,8.120413307104341
74,19,,"[0, 1, 2, 3, 4, 5, 6, 7, 8, 9, 10, 11, 12, 13, 14, 15, 16, 17, 18, 19]","[{'pst': (60, 13), 'tst': 5}, {'pst': (69, 7), 'tst': 4}, {'pst': (20, 8), 'tst': 3}, {'pst': (67, 13), 'tst': 2}, {'pst': (46, 5), 'tst': 1}, {'pst': (62, 10), 'tst': 1}, {'pst': (56, 1), 'tst': 0}, {'pst': (54, 11), 'tst': 0}]",0.6038078398652693,8.102273919042998
75,0,,"[0, 1, 2, 3, 4, 5, 6, 7, 8, 9, 10, 11, 12, 13, 14, 15, 16, 17, 18, 19]","[{'pst': (55, 16), 'tst': 4}, {'pst': (71, 0), 'tst': 3}, {'pst': (67, 11), 'tst': 2}, {'pst': (60, 16), 'tst': 2}, {'pst': (47, 7), 'tst': 1}, {'pst': (43, 19), 'tst': 1}, {'pst': (69, 8), 'tst': 0}, {'pst': (74, 18), 'tst': 0}]",0.6165156384342474,8.344182497909522
75,1,,"[0, 1, 2, 3, 4, 5, 6, 7, 8, 9, 10, 11, 12, 13, 14, 15, 16, 17, 18, 19]","[{'pst': (63, 6), 'tst': 6}, {'pst': (47, 7), 'tst': 5}, {'pst': (46, 5), 'tst': 4}, {'pst': (60, 8), 'tst': 2}, {'pst': (53, 8), 'tst': 2}, {'pst': (67, 6), 'tst': 1}, {'pst': (72, 11), 'tst': 0}, {'pst': (69, 6), 'tst': 0}]",0.6165156384342474,8.344182497909522
75,2,,"[0, 1, 2, 3, 4, 5, 6, 7, 8, 9, 10, 11, 12, 13, 14, 15, 16, 17, 18, 19]","[{'pst': (62, 7), 'tst': 4}, {'pst': (69, 14), 'tst': 3}, {'pst': (60, 16), 'tst': 3}, {'pst': (54, 11), 'tst': 2}, {'pst': (50, 13), 'tst': 2}, {'pst': (67, 4), 'tst': 1}, {'pst': (40, 0), 'tst': 0}, {'pst': (70, 18), 'tst': 0}]",0.6165156384342474,8.344182497909522
75,3,,"[0, 1, 2, 3, 4, 5, 6, 7, 8, 9, 10, 11, 12, 13, 14, 15, 16, 17, 18, 19]","[{'pst': (40, 0), 'tst': 4}, {'pst': (38, 3), 'tst': 3}, {'pst': (72, 3), 'tst': 2}, {'pst': (52, 10), 'tst': 2}, {'pst': (68, 17), 'tst': 1}, {'pst': (71, 13), 'tst': 1}, {'pst': (72, 18), 'tst': 0}, {'pst': (71, 12), 'tst': 0}]",0.6165156384342474,8.344182497909522
75,4,,"[0, 1, 2, 3, 4, 5, 6, 7, 8, 9, 10, 11, 12, 13, 14, 15, 16, 17, 18, 19]","[{'pst': (57, 14), 'tst': 5}, {'pst': (49, 3), 'tst': 3}, {'pst': (70, 17), 'tst': 3}, {'pst': (60, 9), 'tst': 2}, {'pst': (63, 16), 'tst': 1}, {'pst': (40, 11), 'tst': 1}, {'pst': (69, 14), 'tst': 0}, {'pst': (69, 7), 'tst': 0}]",0.6165156384342474,8.344182497909522
75,5,,"[0, 1, 2, 3, 4, 5, 6, 7, 8, 9, 10, 11, 12, 13, 14, 15, 16, 17, 18, 19]","[{'pst': (48, 1), 'tst': 6}, {'pst': (69, 6), 'tst': 5}, {'pst': (66, 16), 'tst': 4}, {'pst': (57, 14), 'tst': 2}, {'pst': (56, 1), 'tst': 1}, {'pst': (60, 9), 'tst': 1}, {'pst': (69, 14), 'tst': 0}, {'pst': (67, 4), 'tst': 0}]",0.6070071930731191,7.635249400128382
75,6,"{'text': 'If you want to legalize drugs, then you should also legalize prostitution.'}","[0, 1, 2, 3, 4, 5, 6, 7, 8, 9, 10, 11, 12, 13, 14, 15, 16, 17, 18, 19]","[{'pst': (69, 6), 'tst': 5}, {'pst': (67, 4), 'tst': 3}, {'pst': (52, 6), 'tst': 2}, {'pst': (65, 4), 'tst': 2}, {'pst': (62, 7), 'tst': 1}, {'pst': (40, 11), 'tst': 1}, {'pst': (38, 3), 'tst': 0}, {'pst': (69, 9), 'tst': 0}]",0.6165156384342474,8.344182497909522
75,7,,"[0, 1, 2, 3, 4, 5, 6, 7, 8, 9, 10, 11, 12, 13, 14, 15, 16, 17, 18, 19]","[{'pst': (61, 10), 'tst': 4}, {'pst': (71, 7), 'tst': 3}, {'pst': (60, 8), 'tst': 2}, {'pst': (66, 16), 'tst': 2}, {'pst': (70, 17), 'tst': 1}, {'pst': (57, 4), 'tst': 1}, {'pst': (74, 7), 'tst': 0}, {'pst': (71, 0), 'tst': 0}]",0.5935817745966367,7.62185488736539
75,8,,"[0, 1, 2, 3, 4, 5, 6, 7, 8, 9, 10, 11, 12, 13, 14, 15, 16, 17, 18, 19]","[{'pst': (60, 8), 'tst': 3}, {'pst': (63, 14), 'tst': 3}, {'pst': (46, 2), 'tst': 2}, {'pst': (71, 13), 'tst': 2}, {'pst': (56, 1), 'tst': 1}, {'pst': (43, 19), 'tst': 1}, {'pst': (63, 16), 'tst': 0}, {'pst': (38, 3), 'tst': 0}]",0.6165156384342474,8.344182497909522
75,9,,"[0, 1, 2, 3, 4, 5, 6, 7, 8, 9, 10, 11, 12, 13, 14, 15, 16, 17, 18, 19]","[{'pst': (42, 13), 'tst': 5}, {'pst': (70, 9), 'tst': 4}, {'pst': (63, 14), 'tst': 4}, {'pst': (52, 16), 'tst': 2}, {'pst': (66, 16), 'tst': 2}, {'pst': (71, 7), 'tst': 1}, {'pst': (54, 15), 'tst': 1}, {'pst': (40, 11), 'tst': 0}]",0.6165156384342474,8.344182497909522
75,10,,"[0, 1, 2, 3, 4, 5, 6, 7, 8, 9, 10, 11, 12, 13, 14, 15, 16, 17, 18, 19]","[{'pst': (54, 11), 'tst': 5}, {'pst': (60, 13), 'tst': 3}, {'pst': (40, 0), 'tst': 2}, {'pst': (72, 11), 'tst': 2}, {'pst': (73, 10), 'tst': 1}, {'pst': (67, 13), 'tst': 1}, {'pst': (60, 9), 'tst': 0}, {'pst': (54, 15), 'tst': 0}]",0.6165156384342474,8.344182497909522
75,11,,"[0, 1, 2, 3, 4, 5, 6, 7, 8, 9, 10, 11, 12, 13, 14, 15, 16, 17, 18, 19]","[{'pst': (55, 17), 'tst': 5}, {'pst': (43, 19), 'tst': 5}, {'pst': (63, 16), 'tst': 3}, {'pst': (72, 11), 'tst': 2}, {'pst': (73, 11), 'tst': 1}, {'pst': (67, 8), 'tst': 1}, {'pst': (66, 16), 'tst': 0}, {'pst': (48, 1), 'tst': 0}]",0.5869730431339416,7.4467967542349776
75,12,,"[0, 1, 2, 3, 4, 5, 6, 7, 8, 9, 10, 11, 12, 13, 14, 15, 16, 17, 18, 19]","[{'pst': (65, 10), 'tst': 7}, {'pst': (71, 12), 'tst': 3}, {'pst': (55, 17), 'tst': 2}, {'pst': (70, 18), 'tst': 2}, {'pst': (63, 7), 'tst': 1}, {'pst': (72, 18), 'tst': 1}, {'pst': (55, 16), 'tst': 0}, {'pst': (60, 13), 'tst': 0}]",0.6165156384342474,8.344182497909522
75,13,,"[0, 1, 2, 3, 4, 5, 6, 7, 8, 9, 10, 11, 12, 13, 14, 15, 16, 17, 18, 19]","[{'pst': (69, 13), 'tst': 5}, {'pst': (71, 13), 'tst': 3}, {'pst': (60, 16), 'tst': 3}, {'pst': (55, 16), 'tst': 2}, {'pst': (52, 10), 'tst': 2}, {'pst': (56, 1), 'tst': 1}, {'pst': (60, 9), 'tst': 1}, {'pst': (63, 16), 'tst': 0}]",0.6165156384342474,8.344182497909522
75,14,,"[0, 1, 2, 3, 4, 5, 6, 7, 8, 9, 10, 11, 12, 13, 14, 15, 16, 17, 18, 19]","[{'pst': (69, 14), 'tst': 5}, {'pst': (52, 6), 'tst': 5}, {'pst': (63, 7), 'tst': 4}, {'pst': (67, 6), 'tst': 2}, {'pst': (65, 4), 'tst': 1}, {'pst': (73, 10), 'tst': 1}, {'pst': (49, 3), 'tst': 0}, {'pst': (67, 13), 'tst': 0}]",0.6165156384342474,8.344182497909522
75,15,,"[0, 1, 2, 3, 4, 5, 6, 7, 8, 9, 10, 11, 12, 13, 14, 15, 16, 17, 18, 19]","[{'pst': (60, 13), 'tst': 6}, {'pst': (57, 14), 'tst': 4}, {'pst': (44, 11), 'tst': 2}, {'pst': (67, 6), 'tst': 2}, {'pst': (65, 4), 'tst': 1}, {'pst': (69, 9), 'tst': 1}, {'pst': (67, 8), 'tst': 0}, {'pst': (53, 18), 'tst': 0}]",0.6165156384342474,8.344182497909522
75,16,,"[0, 1, 2, 3, 4, 5, 6, 7, 8, 9, 10, 11, 12, 13, 14, 15, 16, 17, 18, 19]","[{'pst': (48, 11), 'tst': 7}, {'pst': (56, 1), 'tst': 5}, {'pst': (52, 16), 'tst': 4}, {'pst': (47, 7), 'tst': 2}, {'pst': (55, 16), 'tst': 2}, {'pst': (67, 13), 'tst': 1}, {'pst': (62, 9), 'tst': 0}, {'pst': (63, 6), 'tst': 0}]",0.6165156384342474,8.344182497909522
75,17,,"[0, 1, 2, 3, 4, 5, 6, 7, 8, 9, 10, 11, 12, 13, 14, 15, 16, 17, 18, 19]","[{'pst': (68, 17), 'tst': 6}, {'pst': (54, 11), 'tst': 5}, {'pst': (63, 16), 'tst': 3}, {'pst': (43, 19), 'tst': 3}, {'pst': (55, 17), 'tst': 2}, {'pst': (69, 8), 'tst': 1}, {'pst': (53, 8), 'tst': 1}, {'pst': (71, 0), 'tst': 0}]",0.6165156384342474,8.344182497909522
75,18,"{'text': 'If you want to legalize drugs, then you should also legalize prostitution.'}","[0, 1, 2, 3, 4, 5, 6, 7, 8, 9, 10, 11, 12, 13, 14, 15, 16, 17, 18, 19]","[{'pst': (49, 3), 'tst': 10}, {'pst': (20, 8), 'tst': 5}, {'pst': (70, 18), 'tst': 4}, {'pst': (72, 18), 'tst': 2}, {'pst': (66, 18), 'tst': 1}, {'pst': (67, 8), 'tst': 1}, {'pst': (74, 18), 'tst': 0}, {'pst': (70, 17), 'tst': 0}]",0.6091563271394277,8.120413307104341
75,19,,"[0, 1, 2, 3, 4, 5, 6, 7, 8, 9, 10, 11, 12, 13, 14, 15, 16, 17, 18, 19]","[{'pst': (69, 7), 'tst': 5}, {'pst': (20, 8), 'tst': 4}, {'pst': (46, 5), 'tst': 2}, {'pst': (62, 10), 'tst': 2}, {'pst': (56, 1), 'tst': 1}, {'pst': (54, 11), 'tst': 1}, {'pst': (49, 4), 'tst': 0}, {'pst': (48, 11), 'tst': 0}]",0.6091563271394277,8.120413307104341
76,0,"{'text': 'If you want to legalize drugs, then you should also legalize prostitution.'}","[0, 1, 2, 3, 4, 5, 6, 7, 8, 9, 10, 11, 12, 13, 14, 15, 16, 17, 18, 19]","[{'pst': (71, 0), 'tst': 4}, {'pst': (67, 11), 'tst': 3}, {'pst': (47, 7), 'tst': 2}, {'pst': (43, 19), 'tst': 2}, {'pst': (69, 8), 'tst': 1}, {'pst': (74, 18), 'tst': 1}, {'pst': (60, 8), 'tst': 0}, {'pst': (48, 1), 'tst': 0}]",0.5869730431339416,7.4467967542349776
76,1,,"[0, 1, 2, 3, 4, 5, 6, 7, 8, 9, 10, 11, 12, 13, 14, 15, 16, 17, 18, 19]","[{'pst': (63, 6), 'tst': 7}, {'pst': (46, 5), 'tst': 5}, {'pst': (53, 8), 'tst': 3}, {'pst': (67, 6), 'tst': 2}, {'pst': (72, 11), 'tst': 1}, {'pst': (69, 6), 'tst': 1}, {'pst': (66, 18), 'tst': 0}, {'pst': (62, 7), 'tst': 0}]",0.6165156384342474,8.344182497909522
76,2,,"[0, 1, 2, 3, 4, 5, 6, 7, 8, 9, 10, 11, 12, 13, 14, 15, 16, 17, 18, 19]","[{'pst': (62, 7), 'tst': 5}, {'pst': (60, 16), 'tst': 4}, {'pst': (50, 13), 'tst': 3}, {'pst': (67, 4), 'tst': 2}, {'pst': (40, 0), 'tst': 1}, {'pst': (70, 18), 'tst': 1}, {'pst': (72, 18), 'tst': 0}, {'pst': (71, 0), 'tst': 0}]",0.6165156384342474,8.344182497909522
76,3,,"[0, 1, 2, 3, 4, 5, 6, 7, 8, 9, 10, 11, 12, 13, 14, 15, 16, 17, 18, 19]","[{'pst': (72, 3), 'tst': 3}, {'pst': (52, 10), 'tst': 3}, {'pst': (68, 17), 'tst': 2}, {'pst': (71, 13), 'tst': 2}, {'pst': (72, 18), 'tst': 1}, {'pst': (71, 12), 'tst': 1}, {'pst': (60, 8), 'tst': 0}, {'pst': (67, 13), 'tst': 0}]",0.6165156384342474,8.344182497909522
76,4,,"[0, 1, 2, 3, 4, 5, 6, 7, 8, 9, 10, 11, 12, 13, 14, 15, 16, 17, 18, 19]","[{'pst': (57, 14), 'tst': 6}, {'pst': (49, 3), 'tst': 4}, {'pst': (70, 17), 'tst': 4}, {'pst': (63, 16), 'tst': 2}, {'pst': (40, 11), 'tst': 2}, {'pst': (69, 14), 'tst': 1}, {'pst': (69, 7), 'tst': 1}, {'pst': (63, 7), 'tst': 0}]",0.6165156384342474,8.344182497909522
76,5,,"[0, 1, 2, 3, 4, 5, 6, 7, 8, 9, 10, 11, 12, 13, 14, 15, 16, 17, 18, 19]","[{'pst': (48, 1), 'tst': 7}, {'pst': (57, 14), 'tst': 3}, {'pst': (56, 1), 'tst': 2}, {'pst': (60, 9), 'tst': 2}, {'pst': (69, 14), 'tst': 1}, {'pst': (67, 4), 'tst': 1}, {'pst': (70, 9), 'tst': 0}, {'pst': (48, 11), 'tst': 0}]",0.6070071930731191,7.635249400128382
76,6,,"[0, 1, 2, 3, 4, 5, 6, 7, 8, 9, 10, 11, 12, 13, 14, 15, 16, 17, 18, 19]","[{'pst': (67, 4), 'tst': 4}, {'pst': (52, 6), 'tst': 3}, {'pst': (65, 4), 'tst': 3}, {'pst': (62, 7), 'tst': 2}, {'pst': (38, 3), 'tst': 1}, {'pst': (69, 9), 'tst': 1}, {'pst': (75, 6), 'tst': 0}, {'pst': (44, 11), 'tst': 0}]",0.6165156384342474,8.344182497909522
76,7,,"[0, 1, 2, 3, 4, 5, 6, 7, 8, 9, 10, 11, 12, 13, 14, 15, 16, 17, 18, 19]","[{'pst': (61, 10), 'tst': 5}, {'pst': (66, 16), 'tst': 3}, {'pst': (70, 17), 'tst': 2}, {'pst': (57, 4), 'tst': 2}, {'pst': (74, 7), 'tst': 1}, {'pst': (71, 0), 'tst': 1}, {'pst': (67, 8), 'tst': 0}, {'pst': (72, 3), 'tst': 0}]",0.5964324883889096,7.633865942322917
76,8,,"[0, 1, 2, 3, 4, 5, 6, 7, 8, 9, 10, 11, 12, 13, 14, 15, 16, 17, 18, 19]","[{'pst': (63, 14), 'tst': 4}, {'pst': (46, 2), 'tst': 3}, {'pst': (71, 13), 'tst': 3}, {'pst': (43, 19), 'tst': 2}, {'pst': (63, 16), 'tst': 1}, {'pst': (38, 3), 'tst': 1}, {'pst': (66, 18), 'tst': 0}, {'pst': (40, 0), 'tst': 0}]",0.6165156384342474,8.344182497909522
76,9,,"[0, 1, 2, 3, 4, 5, 6, 7, 8, 9, 10, 11, 12, 13, 14, 15, 16, 17, 18, 19]","[{'pst': (42, 13), 'tst': 6}, {'pst': (70, 9), 'tst': 5}, {'pst': (63, 14), 'tst': 5}, {'pst': (52, 16), 'tst': 3}, {'pst': (71, 7), 'tst': 2}, {'pst': (40, 11), 'tst': 1}, {'pst': (72, 3), 'tst': 0}, {'pst': (48, 1), 'tst': 0}]",0.5869730431339416,7.4467967542349776
76,10,,"[0, 1, 2, 3, 4, 5, 6, 7, 8, 9, 10, 11, 12, 13, 14, 15, 16, 17, 18, 19]","[{'pst': (60, 13), 'tst': 4}, {'pst': (40, 0), 'tst': 3}, {'pst': (73, 10), 'tst': 2}, {'pst': (67, 13), 'tst': 2}, {'pst': (60, 9), 'tst': 1}, {'pst': (54, 15), 'tst': 1}, {'pst': (62, 9), 'tst': 0}, {'pst': (57, 14), 'tst': 0}]",0.6165156384342474,8.344182497909522
76,11,,"[0, 1, 2, 3, 4, 5, 6, 7, 8, 9, 10, 11, 12, 13, 14, 15, 16, 17, 18, 19]","[{'pst': (55, 17), 'tst': 6}, {'pst': (63, 16), 'tst': 4}, {'pst': (72, 11), 'tst': 3}, {'pst': (73, 11), 'tst': 2}, {'pst': (66, 16), 'tst': 1}, {'pst': (48, 1), 'tst': 1}, {'pst': (43, 19), 'tst': 0}, {'pst': (60, 8), 'tst': 0}]",0.5935817745966367,7.62185488736539
76,12,,"[0, 1, 2, 3, 4, 5, 6, 7, 8, 9, 10, 11, 12, 13, 14, 15, 16, 17, 18, 19]","[{'pst': (65, 10), 'tst': 8}, {'pst': (71, 12), 'tst': 4}, {'pst': (55, 17), 'tst': 3}, {'pst': (63, 7), 'tst': 2}, {'pst': (55, 16), 'tst': 1}, {'pst': (60, 13), 'tst': 1}, {'pst': (62, 9), 'tst': 0}, {'pst': (20, 8), 'tst': 0}]",0.6055573292923172,8.03143393718483
76,13,,"[0, 1, 2, 3, 4, 5, 6, 7, 8, 9, 10, 11, 12, 13, 14, 15, 16, 17, 18, 19]","[{'pst': (69, 13), 'tst': 6}, {'pst': (71, 13), 'tst': 4}, {'pst': (55, 16), 'tst': 3}, {'pst': (52, 10), 'tst': 3}, {'pst': (56, 1), 'tst': 2}, {'pst': (60, 9), 'tst': 2}, {'pst': (63, 16), 'tst': 1}, {'pst': (46, 2), 'tst': 0}]",0.6165156384342474,8.344182497909522
76,14,,"[0, 1, 2, 3, 4, 5, 6, 7, 8, 9, 10, 11, 12, 13, 14, 15, 16, 17, 18, 19]","[{'pst': (63, 7), 'tst': 5}, {'pst': (67, 6), 'tst': 3}, {'pst': (65, 4), 'tst': 2}, {'pst': (73, 10), 'tst': 2}, {'pst': (49, 3), 'tst': 1}, {'pst': (67, 13), 'tst': 1}, {'pst': (52, 16), 'tst': 0}, {'pst': (63, 6), 'tst': 0}]",0.6165156384342474,8.344182497909522
76,15,,"[0, 1, 2, 3, 4, 5, 6, 7, 8, 9, 10, 11, 12, 13, 14, 15, 16, 17, 18, 19]","[{'pst': (60, 13), 'tst': 7}, {'pst': (44, 11), 'tst': 3}, {'pst': (67, 6), 'tst': 3}, {'pst': (65, 4), 'tst': 2}, {'pst': (67, 8), 'tst': 1}, {'pst': (53, 18), 'tst': 1}, {'pst': (46, 5), 'tst': 0}, {'pst': (72, 18), 'tst': 0}]",0.6165156384342474,8.344182497909522
76,16,,"[0, 1, 2, 3, 4, 5, 6, 7, 8, 9, 10, 11, 12, 13, 14, 15, 16, 17, 18, 19]","[{'pst': (56, 1), 'tst': 6}, {'pst': (52, 16), 'tst': 5}, {'pst': (47, 7), 'tst': 3}, {'pst': (55, 16), 'tst': 3}, {'pst': (62, 9), 'tst': 1}, {'pst': (63, 6), 'tst': 1}, {'pst': (38, 3), 'tst': 0}, {'pst': (63, 14), 'tst': 0}]",0.6165156384342474,8.344182497909522
76,17,,"[0, 1, 2, 3, 4, 5, 6, 7, 8, 9, 10, 11, 12, 13, 14, 15, 16, 17, 18, 19]","[{'pst': (68, 17), 'tst': 7}, {'pst': (54, 11), 'tst': 6}, {'pst': (43, 19), 'tst': 4}, {'pst': (55, 17), 'tst': 3}, {'pst': (69, 8), 'tst': 2}, {'pst': (53, 8), 'tst': 2}, {'pst': (71, 0), 'tst': 1}, {'pst': (63, 14), 'tst': 0}]",0.6165156384342474,8.344182497909522
76,18,,"[0, 1, 2, 3, 4, 5, 6, 7, 8, 9, 10, 11, 12, 13, 14, 15, 16, 17, 18, 19]","[{'pst': (49, 3), 'tst': 11}, {'pst': (72, 18), 'tst': 3}, {'pst': (66, 18), 'tst': 2}, {'pst': (67, 8), 'tst': 2}, {'pst': (74, 18), 'tst': 1}, {'pst': (70, 17), 'tst': 1}, {'pst': (75, 18), 'tst': 0}, {'pst': (56, 1), 'tst': 0}]",0.6165156384342474,8.344182497909522
76,19,,"[0, 1, 2, 3, 4, 5, 6, 7, 8, 9, 10, 11, 12, 13, 14, 15, 16, 17, 18, 19]","[{'pst': (46, 5), 'tst': 3}, {'pst': (62, 10), 'tst': 3}, {'pst': (56, 1), 'tst': 2}, {'pst': (54, 11), 'tst': 2}, {'pst': (49, 4), 'tst': 1}, {'pst': (48, 11), 'tst': 1}, {'pst': (57, 4), 'tst': 0}, {'pst': (63, 14), 'tst': 0}]",0.5953574210826224,7.508224449897318
77,0,,"[0, 1, 2, 3, 4, 5, 6, 7, 8, 9, 10, 11, 12, 13, 14, 15, 16, 17, 18, 19]","[{'pst': (71, 0), 'tst': 5}, {'pst': (47, 7), 'tst': 3}, {'pst': (69, 8), 'tst': 2}, {'pst': (74, 18), 'tst': 2}, {'pst': (60, 8), 'tst': 1}, {'pst': (48, 1), 'tst': 1}, {'pst': (76, 0), 'tst': 0}, {'pst': (63, 6), 'tst': 0}]",0.5935817745966367,7.62185488736539
77,1,,"[0, 1, 2, 3, 4, 5, 6, 7, 8, 9, 10, 11, 12, 13, 14, 15, 16, 17, 18, 19]","[{'pst': (46, 5), 'tst': 6}, {'pst': (67, 6), 'tst': 3}, {'pst': (72, 11), 'tst': 2}, {'pst': (69, 6), 'tst': 2}, {'pst': (66, 18), 'tst': 1}, {'pst': (62, 7), 'tst': 1}, {'pst': (61, 10), 'tst': 0}, {'pst': (73, 11), 'tst': 0}]",0.6165156384342474,8.344182497909522
77,2,,"[0, 1, 2, 3, 4, 5, 6, 7, 8, 9, 10, 11, 12, 13, 14, 15, 16, 17, 18, 19]","[{'pst': (60, 16), 'tst': 5}, {'pst': (50, 13), 'tst': 4}, {'pst': (40, 0), 'tst': 2}, {'pst': (70, 18), 'tst': 2}, {'pst': (72, 18), 'tst': 1}, {'pst': (71, 0), 'tst': 1}, {'pst': (67, 8), 'tst': 0}, {'pst': (73, 10), 'tst': 0}]",0.6165156384342474,8.344182497909522
77,3,,"[0, 1, 2, 3, 4, 5, 6, 7, 8, 9, 10, 11, 12, 13, 14, 15, 16, 17, 18, 19]","[{'pst': (72, 3), 'tst': 4}, {'pst': (68, 17), 'tst': 3}, {'pst': (72, 18), 'tst': 2}, {'pst': (71, 12), 'tst': 2}, {'pst': (60, 8), 'tst': 1}, {'pst': (67, 13), 'tst': 1}, {'pst': (46, 5), 'tst': 0}, {'pst': (72, 11), 'tst': 0}]",0.6165156384342474,8.344182497909522
77,4,"{'text': 'If you want to legalize drugs, then you should also legalize prostitution.'}","[0, 1, 2, 3, 4, 5, 6, 7, 8, 9, 10, 11, 12, 13, 14, 15, 16, 17, 18, 19]","[{'pst': (49, 3), 'tst': 5}, {'pst': (70, 17), 'tst': 5}, {'pst': (63, 16), 'tst': 3}, {'pst': (40, 11), 'tst': 3}, {'pst': (69, 14), 'tst': 2}, {'pst': (69, 7), 'tst': 2}, {'pst': (63, 7), 'tst': 1}, {'pst': (60, 9), 'tst': 0}]",0.6165156384342474,8.344182497909522
77,5,"{'text': 'If you want to legalize drugs, then you should also legalize prostitution.'}","[0, 1, 2, 3, 4, 5, 6, 7, 8, 9, 10, 11, 12, 13, 14, 15, 16, 17, 18, 19]","[{'pst': (48, 1), 'tst': 8}, {'pst': (57, 14), 'tst': 4}, {'pst': (60, 9), 'tst': 3}, {'pst': (67, 4), 'tst': 2}, {'pst': (70, 9), 'tst': 1}, {'pst': (48, 11), 'tst': 1}, {'pst': (43, 19), 'tst': 0}, {'pst': (20, 8), 'tst': 0}]",0.5970290389958974,7.279248816617369
77,6,,"[0, 1, 2, 3, 4, 5, 6, 7, 8, 9, 10, 11, 12, 13, 14, 15, 16, 17, 18, 19]","[{'pst': (52, 6), 'tst': 4}, {'pst': (65, 4), 'tst': 4}, {'pst': (62, 7), 'tst': 3}, {'pst': (38, 3), 'tst': 2}, {'pst': (69, 9), 'tst': 2}, {'pst': (75, 6), 'tst': 1}, {'pst': (44, 11), 'tst': 1}, {'pst': (60, 9), 'tst': 0}]",0.6165156384342474,8.344182497909522
77,7,,"[0, 1, 2, 3, 4, 5, 6, 7, 8, 9, 10, 11, 12, 13, 14, 15, 16, 17, 18, 19]","[{'pst': (61, 10), 'tst': 6}, {'pst': (66, 16), 'tst': 4}, {'pst': (70, 17), 'tst': 3}, {'pst': (74, 7), 'tst': 2}, {'pst': (67, 8), 'tst': 1}, {'pst': (72, 3), 'tst': 1}, {'pst': (47, 7), 'tst': 0}, {'pst': (69, 13), 'tst': 0}]",0.6165156384342474,8.344182497909522
77,8,,"[0, 1, 2, 3, 4, 5, 6, 7, 8, 9, 10, 11, 12, 13, 14, 15, 16, 17, 18, 19]","[{'pst': (63, 14), 'tst': 5}, {'pst': (71, 13), 'tst': 4}, {'pst': (63, 16), 'tst': 2}, {'pst': (38, 3), 'tst': 2}, {'pst': (66, 18), 'tst': 1}, {'pst': (40, 0), 'tst': 1}, {'pst': (52, 6), 'tst': 0}, {'pst': (69, 9), 'tst': 0}]",0.6165156384342474,8.344182497909522
77,9,,"[0, 1, 2, 3, 4, 5, 6, 7, 8, 9, 10, 11, 12, 13, 14, 15, 16, 17, 18, 19]","[{'pst': (63, 14), 'tst': 6}, {'pst': (52, 16), 'tst': 4}, {'pst': (71, 7), 'tst': 3}, {'pst': (40, 11), 'tst': 2}, {'pst': (72, 3), 'tst': 1}, {'pst': (48, 1), 'tst': 1}, {'pst': (61, 10), 'tst': 0}, {'pst': (74, 7), 'tst': 0}]",0.5935817745966367,7.62185488736539
77,10,,"[0, 1, 2, 3, 4, 5, 6, 7, 8, 9, 10, 11, 12, 13, 14, 15, 16, 17, 18, 19]","[{'pst': (60, 13), 'tst': 5}, {'pst': (40, 0), 'tst': 4}, {'pst': (67, 13), 'tst': 3}, {'pst': (60, 9), 'tst': 2}, {'pst': (54, 15), 'tst': 2}, {'pst': (62, 9), 'tst': 1}, {'pst': (57, 14), 'tst': 1}, {'pst': (60, 16), 'tst': 0}]",0.6165156384342474,8.344182497909522
77,11,,"[0, 1, 2, 3, 4, 5, 6, 7, 8, 9, 10, 11, 12, 13, 14, 15, 16, 17, 18, 19]","[{'pst': (55, 17), 'tst': 7}, {'pst': (72, 11), 'tst': 4}, {'pst': (73, 11), 'tst': 3}, {'pst': (66, 16), 'tst': 2}, {'pst': (43, 19), 'tst': 1}, {'pst': (60, 8), 'tst': 1}, {'pst': (76, 0), 'tst': 0}, {'pst': (48, 1), 'tst': 0}]",0.5869730431339416,7.4467967542349776
77,12,,"[0, 1, 2, 3, 4, 5, 6, 7, 8, 9, 10, 11, 12, 13, 14, 15, 16, 17, 18, 19]","[{'pst': (71, 12), 'tst': 5}, {'pst': (55, 17), 'tst': 4}, {'pst': (63, 7), 'tst': 3}, {'pst': (55, 16), 'tst': 2}, {'pst': (60, 13), 'tst': 2}, {'pst': (62, 9), 'tst': 1}, {'pst': (20, 8), 'tst': 1}, {'pst': (66, 18), 'tst': 0}]",0.6030824493319097,8.090897133224482
77,13,"{'text': 'If you want to legalize drugs, then you should also legalize prostitution.'}","[0, 1, 2, 3, 4, 5, 6, 7, 8, 9, 10, 11, 12, 13, 14, 15, 16, 17, 18, 19]","[{'pst': (71, 13), 'tst': 5}, {'pst': (55, 16), 'tst': 4}, {'pst': (52, 10), 'tst': 4}, {'pst': (56, 1), 'tst': 3}, {'pst': (60, 9), 'tst': 3}, {'pst': (63, 16), 'tst': 2}, {'pst': (46, 2), 'tst': 1}, {'pst': (40, 11), 'tst': 0}]",0.6165156384342474,8.344182497909522
77,14,,"[0, 1, 2, 3, 4, 5, 6, 7, 8, 9, 10, 11, 12, 13, 14, 15, 16, 17, 18, 19]","[{'pst': (63, 7), 'tst': 6}, {'pst': (67, 6), 'tst': 4}, {'pst': (73, 10), 'tst': 3}, {'pst': (49, 3), 'tst': 2}, {'pst': (52, 16), 'tst': 1}, {'pst': (63, 6), 'tst': 1}, {'pst': (66, 16), 'tst': 0}, {'pst': (69, 7), 'tst': 0}]",0.6165156384342474,8.344182497909522
77,15,,"[0, 1, 2, 3, 4, 5, 6, 7, 8, 9, 10, 11, 12, 13, 14, 15, 16, 17, 18, 19]","[{'pst': (60, 13), 'tst': 8}, {'pst': (67, 6), 'tst': 4}, {'pst': (65, 4), 'tst': 3}, {'pst': (53, 18), 'tst': 2}, {'pst': (46, 5), 'tst': 1}, {'pst': (72, 18), 'tst': 1}, {'pst': (67, 8), 'tst': 0}, {'pst': (52, 10), 'tst': 0}]",0.6165156384342474,8.344182497909522
77,16,,"[0, 1, 2, 3, 4, 5, 6, 7, 8, 9, 10, 11, 12, 13, 14, 15, 16, 17, 18, 19]","[{'pst': (56, 1), 'tst': 7}, {'pst': (52, 16), 'tst': 6}, {'pst': (47, 7), 'tst': 4}, {'pst': (63, 6), 'tst': 2}, {'pst': (38, 3), 'tst': 1}, {'pst': (63, 14), 'tst': 1}, {'pst': (60, 9), 'tst': 0}, {'pst': (76, 0), 'tst': 0}]",0.6165156384342474,8.344182497909522
77,17,"{'text': 'If you want to legalize drugs, then you should also legalize prostitution.'}","[0, 1, 2, 3, 4, 5, 6, 7, 8, 9, 10, 11, 12, 13, 14, 15, 16, 17, 18, 19]","[{'pst': (68, 17), 'tst': 8}, {'pst': (43, 19), 'tst': 5}, {'pst': (69, 8), 'tst': 3}, {'pst': (53, 8), 'tst': 3}, {'pst': (71, 0), 'tst': 2}, {'pst': (63, 14), 'tst': 1}, {'pst': (61, 10), 'tst': 0}, {'pst': (66, 18), 'tst': 0}]",0.6165156384342474,8.344182497909522
77,18,,"[0, 1, 2, 3, 4, 5, 6, 7, 8, 9, 10, 11, 12, 13, 14, 15, 16, 17, 18, 19]","[{'pst': (72, 18), 'tst': 4}, {'pst': (66, 18), 'tst': 3}, {'pst': (67, 8), 'tst': 3}, {'pst': (74, 18), 'tst': 2}, {'pst': (70, 17), 'tst': 2}, {'pst': (75, 18), 'tst': 1}, {'pst': (56, 1), 'tst': 1}, {'pst': (60, 8), 'tst': 0}]",0.6165156384342474,8.344182497909522
77,19,,"[0, 1, 2, 3, 4, 5, 6, 7, 8, 9, 10, 11, 12, 13, 14, 15, 16, 17, 18, 19]","[{'pst': (46, 5), 'tst': 4}, {'pst': (56, 1), 'tst': 3}, {'pst': (54, 11), 'tst': 3}, {'pst': (49, 4), 'tst': 2}, {'pst': (48, 11), 'tst': 2}, {'pst': (57, 4), 'tst': 1}, {'pst': (63, 14), 'tst': 1}, {'pst': (66, 18), 'tst': 0}]",0.5935817745966367,7.62185488736539
78,0,,"[0, 1, 2, 3, 4, 5, 6, 7, 8, 9, 10, 11, 12, 13, 14, 15, 16, 17, 18, 19]","[{'pst': (47, 7), 'tst': 4}, {'pst': (69, 8), 'tst': 3}, {'pst': (60, 8), 'tst': 2}, {'pst': (48, 1), 'tst': 2}, {'pst': (76, 0), 'tst': 1}, {'pst': (63, 6), 'tst': 1}, {'pst': (55, 17), 'tst': 0}, {'pst': (40, 0), 'tst': 0}]",0.5964324883889096,7.633865942322917
78,1,,"[0, 1, 2, 3, 4, 5, 6, 7, 8, 9, 10, 11, 12, 13, 14, 15, 16, 17, 18, 19]","[{'pst': (46, 5), 'tst': 7}, {'pst': (72, 11), 'tst': 3}, {'pst': (66, 18), 'tst': 2}, {'pst': (62, 7), 'tst': 2}, {'pst': (61, 10), 'tst': 1}, {'pst': (73, 11), 'tst': 1}, {'pst': (71, 7), 'tst': 0}, {'pst': (76, 0), 'tst': 0}]",0.6165156384342474,8.344182497909522
78,2,,"[0, 1, 2, 3, 4, 5, 6, 7, 8, 9, 10, 11, 12, 13, 14, 15, 16, 17, 18, 19]","[{'pst': (40, 0), 'tst': 3}, {'pst': (70, 18), 'tst': 3}, {'pst': (72, 18), 'tst': 2}, {'pst': (71, 0), 'tst': 2}, {'pst': (67, 8), 'tst': 1}, {'pst': (73, 10), 'tst': 1}, {'pst': (49, 3), 'tst': 0}, {'pst': (53, 18), 'tst': 0}]",0.6165156384342474,8.344182497909522
78,3,,"[0, 1, 2, 3, 4, 5, 6, 7, 8, 9, 10, 11, 12, 13, 14, 15, 16, 17, 18, 19]","[{'pst': (72, 3), 'tst': 5}, {'pst': (68, 17), 'tst': 4}, {'pst': (72, 18), 'tst': 3}, {'pst': (60, 8), 'tst': 2}, {'pst': (46, 5), 'tst': 1}, {'pst': (72, 11), 'tst': 1}, {'pst': (73, 11), 'tst': 0}, {'pst': (60, 13), 'tst': 0}]",0.6165156384342474,8.344182497909522
78,4,"{'text': 'If you want to legalize drugs, then you should also legalize prostitution.'}","[0, 1, 2, 3, 4, 5, 6, 7, 8, 9, 10, 11, 12, 13, 14, 15, 16, 17, 18, 19]","[{'pst': (70, 17), 'tst': 6}, {'pst': (63, 16), 'tst': 4}, {'pst': (40, 11), 'tst': 4}, {'pst': (69, 14), 'tst': 3}, {'pst': (63, 7), 'tst': 2}, {'pst': (60, 9), 'tst': 1}, {'pst': (77, 4), 'tst': 0}, {'pst': (65, 4), 'tst': 0}]",0.6165156384342474,8.344182497909522
78,5,,"[0, 1, 2, 3, 4, 5, 6, 7, 8, 9, 10, 11, 12, 13, 14, 15, 16, 17, 18, 19]","[{'pst': (57, 14), 'tst': 5}, {'pst': (60, 9), 'tst': 4}, {'pst': (70, 9), 'tst': 2}, {'pst': (48, 11), 'tst': 2}, {'pst': (43, 19), 'tst': 1}, {'pst': (20, 8), 'tst': 1}, {'pst': (77, 5), 'tst': 0}, {'pst': (69, 9), 'tst': 0}]",0.5995571728742716,8.17015841909731
78,6,,"[0, 1, 2, 3, 4, 5, 6, 7, 8, 9, 10, 11, 12, 13, 14, 15, 16, 17, 18, 19]","[{'pst': (52, 6), 'tst': 5}, {'pst': (62, 7), 'tst': 4}, {'pst': (69, 9), 'tst': 3}, {'pst': (75, 6), 'tst': 2}, {'pst': (44, 11), 'tst': 2}, {'pst': (60, 9), 'tst': 1}, {'pst': (60, 16), 'tst': 0}, {'pst': (52, 10), 'tst': 0}]",0.6165156384342474,8.344182497909522
78,7,"{'text': 'If you want to legalize drugs, then you should also legalize prostitution.'}","[0, 1, 2, 3, 4, 5, 6, 7, 8, 9, 10, 11, 12, 13, 14, 15, 16, 17, 18, 19]","[{'pst': (61, 10), 'tst': 7}, {'pst': (66, 16), 'tst': 5}, {'pst': (67, 8), 'tst': 2}, {'pst': (72, 3), 'tst': 2}, {'pst': (47, 7), 'tst': 1}, {'pst': (69, 13), 'tst': 1}, {'pst': (43, 19), 'tst': 0}, {'pst': (57, 14), 'tst': 0}]",0.6165156384342474,8.344182497909522
78,8,"{'text': 'If you want to legalize drugs, then you should also legalize prostitution.'}","[0, 1, 2, 3, 4, 5, 6, 7, 8, 9, 10, 11, 12, 13, 14, 15, 16, 17, 18, 19]","[{'pst': (63, 14), 'tst': 6}, {'pst': (63, 16), 'tst': 3}, {'pst': (38, 3), 'tst': 3}, {'pst': (66, 18), 'tst': 2}, {'pst': (40, 0), 'tst': 2}, {'pst': (52, 6), 'tst': 1}, {'pst': (69, 9), 'tst': 1}, {'pst': (70, 17), 'tst': 0}]",0.6165156384342474,8.344182497909522
78,9,,"[0, 1, 2, 3, 4, 5, 6, 7, 8, 9, 10, 11, 12, 13, 14, 15, 16, 17, 18, 19]","[{'pst': (52, 16), 'tst': 5}, {'pst': (71, 7), 'tst': 4}, {'pst': (72, 3), 'tst': 2}, {'pst': (48, 1), 'tst': 2}, {'pst': (61, 10), 'tst': 1}, {'pst': (74, 7), 'tst': 1}, {'pst': (69, 8), 'tst': 0}, {'pst': (75, 6), 'tst': 0}]",0.5964324883889096,7.633865942322917
78,10,,"[0, 1, 2, 3, 4, 5, 6, 7, 8, 9, 10, 11, 12, 13, 14, 15, 16, 17, 18, 19]","[{'pst': (60, 13), 'tst': 6}, {'pst': (40, 0), 'tst': 5}, {'pst': (67, 13), 'tst': 4}, {'pst': (60, 9), 'tst': 3}, {'pst': (62, 9), 'tst': 2}, {'pst': (60, 16), 'tst': 1}, {'pst': (43, 19), 'tst': 0}, {'pst': (60, 8), 'tst': 0}]",0.6165156384342474,8.344182497909522
78,11,"{'text': 'If you want to legalize drugs, then you should also legalize prostitution.'}","[0, 1, 2, 3, 4, 5, 6, 7, 8, 9, 10, 11, 12, 13, 14, 15, 16, 17, 18, 19]","[{'pst': (72, 11), 'tst': 5}, {'pst': (73, 11), 'tst': 4}, {'pst': (66, 16), 'tst': 3}, {'pst': (43, 19), 'tst': 2}, {'pst': (60, 8), 'tst': 2}, {'pst': (76, 0), 'tst': 1}, {'pst': (48, 1), 'tst': 1}, {'pst': (60, 16), 'tst': 0}]",0.5953574210826224,7.508224449897318
78,12,,"[0, 1, 2, 3, 4, 5, 6, 7, 8, 9, 10, 11, 12, 13, 14, 15, 16, 17, 18, 19]","[{'pst': (55, 17), 'tst': 5}, {'pst': (63, 7), 'tst': 4}, {'pst': (55, 16), 'tst': 3}, {'pst': (60, 13), 'tst': 3}, {'pst': (62, 9), 'tst': 2}, {'pst': (20, 8), 'tst': 2}, {'pst': (66, 18), 'tst': 1}, {'pst': (67, 13), 'tst': 0}]",0.5995571728742716,8.17015841909731
78,13,,"[0, 1, 2, 3, 4, 5, 6, 7, 8, 9, 10, 11, 12, 13, 14, 15, 16, 17, 18, 19]","[{'pst': (71, 13), 'tst': 6}, {'pst': (55, 16), 'tst': 5}, {'pst': (60, 9), 'tst': 4}, {'pst': (63, 16), 'tst': 3}, {'pst': (46, 2), 'tst': 2}, {'pst': (40, 11), 'tst': 1}, {'pst': (77, 13), 'tst': 0}, {'pst': (77, 17), 'tst': 0}]",0.6165156384342474,8.344182497909522
78,14,,"[0, 1, 2, 3, 4, 5, 6, 7, 8, 9, 10, 11, 12, 13, 14, 15, 16, 17, 18, 19]","[{'pst': (73, 10), 'tst': 4}, {'pst': (49, 3), 'tst': 3}, {'pst': (52, 16), 'tst': 2}, {'pst': (63, 6), 'tst': 2}, {'pst': (66, 16), 'tst': 1}, {'pst': (69, 7), 'tst': 1}, {'pst': (38, 3), 'tst': 0}, {'pst': (74, 18), 'tst': 0}]",0.6165156384342474,8.344182497909522
78,15,,"[0, 1, 2, 3, 4, 5, 6, 7, 8, 9, 10, 11, 12, 13, 14, 15, 16, 17, 18, 19]","[{'pst': (67, 6), 'tst': 5}, {'pst': (65, 4), 'tst': 4}, {'pst': (46, 5), 'tst': 2}, {'pst': (72, 18), 'tst': 2}, {'pst': (67, 8), 'tst': 1}, {'pst': (52, 10), 'tst': 1}, {'pst': (52, 16), 'tst': 0}, {'pst': (71, 12), 'tst': 0}]",0.6165156384342474,8.344182497909522
78,16,,"[0, 1, 2, 3, 4, 5, 6, 7, 8, 9, 10, 11, 12, 13, 14, 15, 16, 17, 18, 19]","[{'pst': (52, 16), 'tst': 7}, {'pst': (63, 6), 'tst': 3}, {'pst': (38, 3), 'tst': 2}, {'pst': (63, 14), 'tst': 2}, {'pst': (60, 9), 'tst': 1}, {'pst': (76, 0), 'tst': 1}, {'pst': (65, 4), 'tst': 0}, {'pst': (71, 13), 'tst': 0}]",0.6165156384342474,8.344182497909522
78,17,,"[0, 1, 2, 3, 4, 5, 6, 7, 8, 9, 10, 11, 12, 13, 14, 15, 16, 17, 18, 19]","[{'pst': (68, 17), 'tst': 9}, {'pst': (69, 8), 'tst': 4}, {'pst': (71, 0), 'tst': 3}, {'pst': (63, 14), 'tst': 2}, {'pst': (61, 10), 'tst': 1}, {'pst': (66, 18), 'tst': 1}, {'pst': (77, 17), 'tst': 0}, {'pst': (69, 14), 'tst': 0}]",0.6165156384342474,8.344182497909522
78,18,"{'text': 'If you want to legalize drugs, then you should also legalize prostitution.'}","[0, 1, 2, 3, 4, 5, 6, 7, 8, 9, 10, 11, 12, 13, 14, 15, 16, 17, 18, 19]","[{'pst': (72, 18), 'tst': 5}, {'pst': (66, 18), 'tst': 4}, {'pst': (67, 8), 'tst': 4}, {'pst': (70, 17), 'tst': 3}, {'pst': (75, 18), 'tst': 2}, {'pst': (60, 8), 'tst': 1}, {'pst': (40, 0), 'tst': 0}, {'pst': (53, 18), 'tst': 0}]",0.6165156384342474,8.344182497909522
78,19,,"[0, 1, 2, 3, 4, 5, 6, 7, 8, 9, 10, 11, 12, 13, 14, 15, 16, 17, 18, 19]","[{'pst': (46, 5), 'tst': 5}, {'pst': (56, 1), 'tst': 4}, {'pst': (48, 11), 'tst': 3}, {'pst': (57, 4), 'tst': 2}, {'pst': (63, 14), 'tst': 2}, {'pst': (66, 18), 'tst': 1}, {'pst': (73, 10), 'tst': 0}, {'pst': (53, 8), 'tst': 0}]",0.5964324883889096,7.633865942322917
79,0,,"[0, 1, 2, 3, 4, 5, 6, 7, 8, 9, 10, 11, 12, 13, 14, 15, 16, 17, 18, 19]","[{'pst': (47, 7), 'tst': 5}, {'pst': (60, 8), 'tst': 3}, {'pst': (48, 1), 'tst': 3}, {'pst': (76, 0), 'tst': 2}, {'pst': (63, 6), 'tst': 2}, {'pst': (55, 17), 'tst': 1}, {'pst': (40, 0), 'tst': 1}, {'pst': (67, 13), 'tst': 0}]",0.5994139301602949,7.6378727009057314
79,1,"{'text': 'If you want to legalize drugs, then you should also legalize prostitution.'}","[0, 1, 2, 3, 4, 5, 6, 7, 8, 9, 10, 11, 12, 13, 14, 15, 16, 17, 18, 19]","[{'pst': (46, 5), 'tst': 8}, {'pst': (72, 11), 'tst': 4}, {'pst': (66, 18), 'tst': 3}, {'pst': (61, 10), 'tst': 2}, {'pst': (71, 7), 'tst': 1}, {'pst': (76, 0), 'tst': 1}, {'pst': (55, 17), 'tst': 0}, {'pst': (48, 11), 'tst': 0}]",0.6165156384342474,8.344182497909522
79,2,,"[0, 1, 2, 3, 4, 5, 6, 7, 8, 9, 10, 11, 12, 13, 14, 15, 16, 17, 18, 19]","[{'pst': (40, 0), 'tst': 4}, {'pst': (72, 18), 'tst': 3}, {'pst': (71, 0), 'tst': 3}, {'pst': (67, 8), 'tst': 2}, {'pst': (73, 10), 'tst': 2}, {'pst': (49, 3), 'tst': 1}, {'pst': (53, 18), 'tst': 1}, {'pst': (65, 4), 'tst': 0}]",0.6165156384342474,8.344182497909522
79,3,,"[0, 1, 2, 3, 4, 5, 6, 7, 8, 9, 10, 11, 12, 13, 14, 15, 16, 17, 18, 19]","[{'pst': (68, 17), 'tst': 5}, {'pst': (60, 8), 'tst': 3}, {'pst': (46, 5), 'tst': 2}, {'pst': (72, 11), 'tst': 2}, {'pst': (73, 11), 'tst': 1}, {'pst': (60, 13), 'tst': 1}, {'pst': (76, 0), 'tst': 0}, {'pst': (56, 1), 'tst': 0}]",0.6165156384342474,8.344182497909522
79,4,,"[0, 1, 2, 3, 4, 5, 6, 7, 8, 9, 10, 11, 12, 13, 14, 15, 16, 17, 18, 19]","[{'pst': (70, 17), 'tst': 7}, {'pst': (63, 16), 'tst': 5}, {'pst': (40, 11), 'tst': 5}, {'pst': (63, 7), 'tst': 3}, {'pst': (77, 4), 'tst': 1}, {'pst': (65, 4), 'tst': 1}, {'pst': (78, 4), 'tst': 0}, {'pst': (55, 16), 'tst': 0}]",0.6165156384342474,8.344182497909522
79,5,,"[0, 1, 2, 3, 4, 5, 6, 7, 8, 9, 10, 11, 12, 13, 14, 15, 16, 17, 18, 19]","[{'pst': (57, 14), 'tst': 6}, {'pst': (60, 9), 'tst': 5}, {'pst': (48, 11), 'tst': 3}, {'pst': (20, 8), 'tst': 2}, {'pst': (77, 5), 'tst': 1}, {'pst': (69, 9), 'tst': 1}, {'pst': (67, 8), 'tst': 0}, {'pst': (78, 7), 'tst': 0}]",0.6008318238064116,8.113078855830857
79,6,,"[0, 1, 2, 3, 4, 5, 6, 7, 8, 9, 10, 11, 12, 13, 14, 15, 16, 17, 18, 19]","[{'pst': (52, 6), 'tst': 6}, {'pst': (62, 7), 'tst': 5}, {'pst': (75, 6), 'tst': 3}, {'pst': (44, 11), 'tst': 3}, {'pst': (60, 9), 'tst': 2}, {'pst': (60, 16), 'tst': 1}, {'pst': (52, 10), 'tst': 1}, {'pst': (47, 7), 'tst': 0}]",0.6165156384342474,8.344182497909522
79,7,,"[0, 1, 2, 3, 4, 5, 6, 7, 8, 9, 10, 11, 12, 13, 14, 15, 16, 17, 18, 19]","[{'pst': (66, 16), 'tst': 6}, {'pst': (67, 8), 'tst': 3}, {'pst': (72, 3), 'tst': 3}, {'pst': (69, 13), 'tst': 2}, {'pst': (43, 19), 'tst': 1}, {'pst': (57, 14), 'tst': 1}, {'pst': (78, 7), 'tst': 0}, {'pst': (71, 7), 'tst': 0}]",0.6165156384342474,8.344182497909522
79,8,,"[0, 1, 2, 3, 4, 5, 6, 7, 8, 9, 10, 11, 12, 13, 14, 15, 16, 17, 18, 19]","[{'pst': (63, 14), 'tst': 7}, {'pst': (63, 16), 'tst': 4}, {'pst': (66, 18), 'tst': 3}, {'pst': (40, 0), 'tst': 3}, {'pst': (52, 6), 'tst': 2}, {'pst': (70, 17), 'tst': 1}, {'pst': (78, 8), 'tst': 0}, {'pst': (60, 9), 'tst': 0}]",0.6165156384342474,8.344182497909522
79,9,,"[0, 1, 2, 3, 4, 5, 6, 7, 8, 9, 10, 11, 12, 13, 14, 15, 16, 17, 18, 19]","[{'pst': (71, 7), 'tst': 5}, {'pst': (48, 1), 'tst': 3}, {'pst': (61, 10), 'tst': 2}, {'pst': (74, 7), 'tst': 2}, {'pst': (69, 8), 'tst': 1}, {'pst': (75, 6), 'tst': 1}, {'pst': (77, 5), 'tst': 0}, {'pst': (60, 16), 'tst': 0}]",0.6034397657486131,7.7033096325632755
79,10,,"[0, 1, 2, 3, 4, 5, 6, 7, 8, 9, 10, 11, 12, 13, 14, 15, 16, 17, 18, 19]","[{'pst': (40, 0), 'tst': 6}, {'pst': (67, 13), 'tst': 5}, {'pst': (62, 9), 'tst': 3}, {'pst': (60, 16), 'tst': 2}, {'pst': (43, 19), 'tst': 1}, {'pst': (60, 8), 'tst': 1}, {'pst': (78, 8), 'tst': 0}, {'pst': (77, 13), 'tst': 0}]",0.6165156384342474,8.344182497909522
79,11,,"[0, 1, 2, 3, 4, 5, 6, 7, 8, 9, 10, 11, 12, 13, 14, 15, 16, 17, 18, 19]","[{'pst': (72, 11), 'tst': 6}, {'pst': (43, 19), 'tst': 3}, {'pst': (60, 8), 'tst': 3}, {'pst': (76, 0), 'tst': 2}, {'pst': (48, 1), 'tst': 2}, {'pst': (60, 16), 'tst': 1}, {'pst': (78, 11), 'tst': 0}, {'pst': (52, 16), 'tst': 0}]",0.5942386631469825,7.625391679214867
79,12,,"[0, 1, 2, 3, 4, 5, 6, 7, 8, 9, 10, 11, 12, 13, 14, 15, 16, 17, 18, 19]","[{'pst': (63, 7), 'tst': 5}, {'pst': (55, 16), 'tst': 4}, {'pst': (60, 13), 'tst': 4}, {'pst': (62, 9), 'tst': 3}, {'pst': (66, 18), 'tst': 2}, {'pst': (67, 13), 'tst': 1}, {'pst': (72, 11), 'tst': 0}, {'pst': (53, 18), 'tst': 0}]",0.6165156384342474,8.344182497909522
79,13,,"[0, 1, 2, 3, 4, 5, 6, 7, 8, 9, 10, 11, 12, 13, 14, 15, 16, 17, 18, 19]","[{'pst': (71, 13), 'tst': 7}, {'pst': (63, 16), 'tst': 4}, {'pst': (46, 2), 'tst': 3}, {'pst': (40, 11), 'tst': 2}, {'pst': (77, 13), 'tst': 1}, {'pst': (77, 17), 'tst': 1}, {'pst': (78, 18), 'tst': 0}, {'pst': (63, 6), 'tst': 0}]",0.6165156384342474,8.344182497909522
79,14,,"[0, 1, 2, 3, 4, 5, 6, 7, 8, 9, 10, 11, 12, 13, 14, 15, 16, 17, 18, 19]","[{'pst': (73, 10), 'tst': 5}, {'pst': (63, 6), 'tst': 3}, {'pst': (66, 16), 'tst': 2}, {'pst': (69, 7), 'tst': 2}, {'pst': (38, 3), 'tst': 1}, {'pst': (74, 18), 'tst': 1}, {'pst': (78, 8), 'tst': 0}, {'pst': (63, 14), 'tst': 0}]",0.6165156384342474,8.344182497909522
79,15,,"[0, 1, 2, 3, 4, 5, 6, 7, 8, 9, 10, 11, 12, 13, 14, 15, 16, 17, 18, 19]","[{'pst': (67, 6), 'tst': 6}, {'pst': (46, 5), 'tst': 3}, {'pst': (67, 8), 'tst': 2}, {'pst': (52, 10), 'tst': 2}, {'pst': (52, 16), 'tst': 1}, {'pst': (71, 12), 'tst': 1}, {'pst': (77, 4), 'tst': 0}, {'pst': (66, 16), 'tst': 0}]",0.6165156384342474,8.344182497909522
79,16,,"[0, 1, 2, 3, 4, 5, 6, 7, 8, 9, 10, 11, 12, 13, 14, 15, 16, 17, 18, 19]","[{'pst': (52, 16), 'tst': 8}, {'pst': (63, 6), 'tst': 4}, {'pst': (38, 3), 'tst': 3}, {'pst': (76, 0), 'tst': 2}, {'pst': (65, 4), 'tst': 1}, {'pst': (71, 13), 'tst': 1}, {'pst': (62, 9), 'tst': 0}, {'pst': (53, 8), 'tst': 0}]",0.6165156384342474,8.344182497909522
79,17,,"[0, 1, 2, 3, 4, 5, 6, 7, 8, 9, 10, 11, 12, 13, 14, 15, 16, 17, 18, 19]","[{'pst': (69, 8), 'tst': 5}, {'pst': (71, 0), 'tst': 4}, {'pst': (61, 10), 'tst': 2}, {'pst': (66, 18), 'tst': 2}, {'pst': (77, 17), 'tst': 1}, {'pst': (69, 14), 'tst': 1}, {'pst': (78, 8), 'tst': 0}, {'pst': (78, 4), 'tst': 0}]",0.6165156384342474,8.344182497909522
79,18,,"[0, 1, 2, 3, 4, 5, 6, 7, 8, 9, 10, 11, 12, 13, 14, 15, 16, 17, 18, 19]","[{'pst': (72, 18), 'tst': 6}, {'pst': (67, 8), 'tst': 5}, {'pst': (75, 18), 'tst': 3}, {'pst': (60, 8), 'tst': 2}, {'pst': (40, 0), 'tst': 1}, {'pst': (53, 18), 'tst': 1}, {'pst': (78, 18), 'tst': 0}, {'pst': (63, 16), 'tst': 0}]",0.6165156384342474,8.344182497909522
79,19,"{'text': 'If you want to legalize drugs, then you should also legalize prostitution.'}","[0, 1, 2, 3, 4, 5, 6, 7, 8, 9, 10, 11, 12, 13, 14, 15, 16, 17, 18, 19]","[{'pst': (56, 1), 'tst': 5}, {'pst': (48, 11), 'tst': 4}, {'pst': (57, 4), 'tst': 3}, {'pst': (66, 18), 'tst': 2}, {'pst': (73, 10), 'tst': 1}, {'pst': (53, 8), 'tst': 1}, {'pst': (77, 17), 'tst': 0}, {'pst': (72, 11), 'tst': 0}]",0.5994139301602949,7.6378727009057314
80,0,"{'text': 'If you want to legalize drugs, then you should also legalize prostitution.'}","[0, 1, 2, 3, 4, 5, 6, 7, 8, 9, 10, 11, 12, 13, 14, 15, 16, 17, 18, 19]","[{'pst': (47, 7), 'tst': 6}, {'pst': (60, 8), 'tst': 4}, {'pst': (48, 1), 'tst': 4}, {'pst': (76, 0), 'tst': 3}, {'pst': (63, 6), 'tst': 3}, {'pst': (55, 17), 'tst': 2}, {'pst': (67, 13), 'tst': 1}, {'pst': (38, 3), 'tst': 0}]",0.5994139301602949,7.6378727009057314
80,1,,"[0, 1, 2, 3, 4, 5, 6, 7, 8, 9, 10, 11, 12, 13, 14, 15, 16, 17, 18, 19]","[{'pst': (46, 5), 'tst': 9}, {'pst': (72, 11), 'tst': 5}, {'pst': (66, 18), 'tst': 4}, {'pst': (76, 0), 'tst': 2}, {'pst': (55, 17), 'tst': 1}, {'pst': (48, 11), 'tst': 1}, {'pst': (79, 1), 'tst': 0}, {'pst': (62, 9), 'tst': 0}]",0.6165156384342474,8.344182497909522
80,2,,"[0, 1, 2, 3, 4, 5, 6, 7, 8, 9, 10, 11, 12, 13, 14, 15, 16, 17, 18, 19]","[{'pst': (40, 0), 'tst': 5}, {'pst': (72, 18), 'tst': 4}, {'pst': (73, 10), 'tst': 3}, {'pst': (49, 3), 'tst': 2}, {'pst': (53, 18), 'tst': 2}, {'pst': (65, 4), 'tst': 1}, {'pst': (62, 9), 'tst': 0}, {'pst': (78, 7), 'tst': 0}]",0.6165156384342474,8.344182497909522
80,3,,"[0, 1, 2, 3, 4, 5, 6, 7, 8, 9, 10, 11, 12, 13, 14, 15, 16, 17, 18, 19]","[{'pst': (60, 8), 'tst': 4}, {'pst': (46, 5), 'tst': 3}, {'pst': (72, 11), 'tst': 3}, {'pst': (60, 13), 'tst': 2}, {'pst': (76, 0), 'tst': 1}, {'pst': (56, 1), 'tst': 1}, {'pst': (67, 8), 'tst': 0}, {'pst': (52, 10), 'tst': 0}]",0.6165156384342474,8.344182497909522
80,4,,"[0, 1, 2, 3, 4, 5, 6, 7, 8, 9, 10, 11, 12, 13, 14, 15, 16, 17, 18, 19]","[{'pst': (63, 16), 'tst': 6}, {'pst': (40, 11), 'tst': 6}, {'pst': (63, 7), 'tst': 4}, {'pst': (77, 4), 'tst': 2}, {'pst': (65, 4), 'tst': 2}, {'pst': (78, 4), 'tst': 1}, {'pst': (55, 16), 'tst': 1}, {'pst': (75, 6), 'tst': 0}]",0.6165156384342474,8.344182497909522
80,5,,"[0, 1, 2, 3, 4, 5, 6, 7, 8, 9, 10, 11, 12, 13, 14, 15, 16, 17, 18, 19]","[{'pst': (60, 9), 'tst': 6}, {'pst': (48, 11), 'tst': 4}, {'pst': (77, 5), 'tst': 2}, {'pst': (69, 9), 'tst': 2}, {'pst': (67, 8), 'tst': 1}, {'pst': (78, 7), 'tst': 1}, {'pst': (20, 8), 'tst': 0}, {'pst': (74, 18), 'tst': 0}]",0.6030824493319097,8.090897133224482
80,6,,"[0, 1, 2, 3, 4, 5, 6, 7, 8, 9, 10, 11, 12, 13, 14, 15, 16, 17, 18, 19]","[{'pst': (52, 6), 'tst': 7}, {'pst': (62, 7), 'tst': 6}, {'pst': (75, 6), 'tst': 4}, {'pst': (44, 11), 'tst': 4}, {'pst': (60, 9), 'tst': 3}, {'pst': (47, 7), 'tst': 1}, {'pst': (67, 8), 'tst': 0}, {'pst': (53, 18), 'tst': 0}]",0.6165156384342474,8.344182497909522
80,7,"{'text': 'If you want to legalize drugs, then you should also legalize prostitution.'}","[0, 1, 2, 3, 4, 5, 6, 7, 8, 9, 10, 11, 12, 13, 14, 15, 16, 17, 18, 19]","[{'pst': (66, 16), 'tst': 7}, {'pst': (72, 3), 'tst': 4}, {'pst': (43, 19), 'tst': 2}, {'pst': (57, 14), 'tst': 2}, {'pst': (78, 7), 'tst': 1}, {'pst': (71, 7), 'tst': 1}, {'pst': (69, 14), 'tst': 0}, {'pst': (38, 3), 'tst': 0}]",0.6165156384342474,8.344182497909522
80,8,,"[0, 1, 2, 3, 4, 5, 6, 7, 8, 9, 10, 11, 12, 13, 14, 15, 16, 17, 18, 19]","[{'pst': (63, 14), 'tst': 8}, {'pst': (63, 16), 'tst': 5}, {'pst': (40, 0), 'tst': 4}, {'pst': (70, 17), 'tst': 2}, {'pst': (78, 8), 'tst': 1}, {'pst': (60, 9), 'tst': 1}, {'pst': (61, 10), 'tst': 0}, {'pst': (72, 18), 'tst': 0}]",0.6165156384342474,8.344182497909522
80,9,,"[0, 1, 2, 3, 4, 5, 6, 7, 8, 9, 10, 11, 12, 13, 14, 15, 16, 17, 18, 19]","[{'pst': (71, 7), 'tst': 6}, {'pst': (74, 7), 'tst': 3}, {'pst': (69, 8), 'tst': 2}, {'pst': (75, 6), 'tst': 2}, {'pst': (77, 5), 'tst': 1}, {'pst': (60, 16), 'tst': 1}, {'pst': (71, 13), 'tst': 0}, {'pst': (71, 12), 'tst': 0}]",0.6165156384342474,8.344182497909522
80,10,,"[0, 1, 2, 3, 4, 5, 6, 7, 8, 9, 10, 11, 12, 13, 14, 15, 16, 17, 18, 19]","[{'pst': (67, 13), 'tst': 6}, {'pst': (62, 9), 'tst': 4}, {'pst': (60, 16), 'tst': 3}, {'pst': (60, 8), 'tst': 2}, {'pst': (78, 8), 'tst': 1}, {'pst': (77, 13), 'tst': 1}, {'pst': (52, 16), 'tst': 0}, {'pst': (57, 4), 'tst': 0}]",0.5869730431339416,7.4467967542349776
80,11,,"[0, 1, 2, 3, 4, 5, 6, 7, 8, 9, 10, 11, 12, 13, 14, 15, 16, 17, 18, 19]","[{'pst': (43, 19), 'tst': 4}, {'pst': (76, 0), 'tst': 3}, {'pst': (48, 1), 'tst': 3}, {'pst': (60, 16), 'tst': 2}, {'pst': (78, 11), 'tst': 1}, {'pst': (52, 16), 'tst': 1}, {'pst': (77, 5), 'tst': 0}, {'pst': (40, 11), 'tst': 0}]",0.5994139301602949,7.6378727009057314
80,12,,"[0, 1, 2, 3, 4, 5, 6, 7, 8, 9, 10, 11, 12, 13, 14, 15, 16, 17, 18, 19]","[{'pst': (63, 7), 'tst': 6}, {'pst': (55, 16), 'tst': 5}, {'pst': (60, 13), 'tst': 5}, {'pst': (66, 18), 'tst': 3}, {'pst': (67, 13), 'tst': 2}, {'pst': (72, 11), 'tst': 1}, {'pst': (53, 18), 'tst': 1}, {'pst': (69, 13), 'tst': 0}]",0.6165156384342474,8.344182497909522
80,13,,"[0, 1, 2, 3, 4, 5, 6, 7, 8, 9, 10, 11, 12, 13, 14, 15, 16, 17, 18, 19]","[{'pst': (71, 13), 'tst': 8}, {'pst': (63, 16), 'tst': 5}, {'pst': (40, 11), 'tst': 3}, {'pst': (77, 13), 'tst': 2}, {'pst': (77, 17), 'tst': 2}, {'pst': (78, 18), 'tst': 1}, {'pst': (63, 6), 'tst': 1}, {'pst': (69, 9), 'tst': 0}]",0.6165156384342474,8.344182497909522
80,14,,"[0, 1, 2, 3, 4, 5, 6, 7, 8, 9, 10, 11, 12, 13, 14, 15, 16, 17, 18, 19]","[{'pst': (73, 10), 'tst': 6}, {'pst': (63, 6), 'tst': 4}, {'pst': (66, 16), 'tst': 3}, {'pst': (38, 3), 'tst': 2}, {'pst': (74, 18), 'tst': 2}, {'pst': (78, 8), 'tst': 1}, {'pst': (63, 14), 'tst': 1}, {'pst': (69, 14), 'tst': 0}]",0.6165156384342474,8.344182497909522
80,15,,"[0, 1, 2, 3, 4, 5, 6, 7, 8, 9, 10, 11, 12, 13, 14, 15, 16, 17, 18, 19]","[{'pst': (67, 6), 'tst': 7}, {'pst': (67, 8), 'tst': 3}, {'pst': (52, 10), 'tst': 3}, {'pst': (52, 16), 'tst': 2}, {'pst': (71, 12), 'tst': 2}, {'pst': (77, 4), 'tst': 1}, {'pst': (66, 16), 'tst': 1}, {'pst': (74, 7), 'tst': 0}]",0.6165156384342474,8.344182497909522
80,16,,"[0, 1, 2, 3, 4, 5, 6, 7, 8, 9, 10, 11, 12, 13, 14, 15, 16, 17, 18, 19]","[{'pst': (63, 6), 'tst': 5}, {'pst': (38, 3), 'tst': 4}, {'pst': (76, 0), 'tst': 3}, {'pst': (65, 4), 'tst': 2}, {'pst': (71, 13), 'tst': 2}, {'pst': (62, 9), 'tst': 1}, {'pst': (53, 8), 'tst': 1}, {'pst': (69, 14), 'tst': 0}]",0.6165156384342474,8.344182497909522
80,17,,"[0, 1, 2, 3, 4, 5, 6, 7, 8, 9, 10, 11, 12, 13, 14, 15, 16, 17, 18, 19]","[{'pst': (71, 0), 'tst': 5}, {'pst': (61, 10), 'tst': 3}, {'pst': (77, 17), 'tst': 2}, {'pst': (69, 14), 'tst': 2}, {'pst': (78, 8), 'tst': 1}, {'pst': (78, 4), 'tst': 1}, {'pst': (47, 7), 'tst': 0}, {'pst': (72, 3), 'tst': 0}]",0.6165156384342474,8.344182497909522
80,18,,"[0, 1, 2, 3, 4, 5, 6, 7, 8, 9, 10, 11, 12, 13, 14, 15, 16, 17, 18, 19]","[{'pst': (67, 8), 'tst': 6}, {'pst': (75, 18), 'tst': 4}, {'pst': (60, 8), 'tst': 3}, {'pst': (40, 0), 'tst': 2}, {'pst': (53, 18), 'tst': 2}, {'pst': (78, 18), 'tst': 1}, {'pst': (63, 16), 'tst': 1}, {'pst': (79, 19), 'tst': 0}]",0.6165156384342474,8.344182497909522
80,19,,"[0, 1, 2, 3, 4, 5, 6, 7, 8, 9, 10, 11, 12, 13, 14, 15, 16, 17, 18, 19]","[{'pst': (48, 11), 'tst': 5}, {'pst': (57, 4), 'tst': 4}, {'pst': (66, 18), 'tst': 3}, {'pst': (73, 10), 'tst': 2}, {'pst': (53, 8), 'tst': 2}, {'pst': (77, 17), 'tst': 1}, {'pst': (72, 11), 'tst': 1}, {'pst': (79, 19), 'tst': 0}]",0.6034397657486131,7.7033096325632755
81,0,,"[0, 1, 2, 3, 4, 5, 6, 7, 8, 9, 10, 11, 12, 13, 14, 15, 16, 17, 18, 19]","[{'pst': (60, 8), 'tst': 5}, {'pst': (48, 1), 'tst': 5}, {'pst': (76, 0), 'tst': 4}, {'pst': (55, 17), 'tst': 3}, {'pst': (67, 13), 'tst': 2}, {'pst': (38, 3), 'tst': 1}, {'pst': (80, 0), 'tst': 0}, {'pst': (57, 4), 'tst': 0}]",0.5984563133458588,7.646065858642294
81,1,,"[0, 1, 2, 3, 4, 5, 6, 7, 8, 9, 10, 11, 12, 13, 14, 15, 16, 17, 18, 19]","[{'pst': (66, 18), 'tst': 5}, {'pst': (76, 0), 'tst': 3}, {'pst': (55, 17), 'tst': 2}, {'pst': (48, 11), 'tst': 2}, {'pst': (79, 1), 'tst': 1}, {'pst': (62, 9), 'tst': 1}, {'pst': (62, 7), 'tst': 0}, {'pst': (72, 18), 'tst': 0}]",0.6165156384342474,8.344182497909522
81,2,,"[0, 1, 2, 3, 4, 5, 6, 7, 8, 9, 10, 11, 12, 13, 14, 15, 16, 17, 18, 19]","[{'pst': (40, 0), 'tst': 6}, {'pst': (72, 18), 'tst': 5}, {'pst': (49, 3), 'tst': 3}, {'pst': (65, 4), 'tst': 2}, {'pst': (62, 9), 'tst': 1}, {'pst': (78, 7), 'tst': 1}, {'pst': (52, 16), 'tst': 0}, {'pst': (80, 0), 'tst': 0}]",0.6165156384342474,8.344182497909522
81,3,,"[0, 1, 2, 3, 4, 5, 6, 7, 8, 9, 10, 11, 12, 13, 14, 15, 16, 17, 18, 19]","[{'pst': (60, 8), 'tst': 5}, {'pst': (46, 5), 'tst': 4}, {'pst': (60, 13), 'tst': 3}, {'pst': (76, 0), 'tst': 2}, {'pst': (56, 1), 'tst': 2}, {'pst': (67, 8), 'tst': 1}, {'pst': (52, 10), 'tst': 1}, {'pst': (69, 13), 'tst': 0}]",0.6165156384342474,8.344182497909522
81,4,,"[0, 1, 2, 3, 4, 5, 6, 7, 8, 9, 10, 11, 12, 13, 14, 15, 16, 17, 18, 19]","[{'pst': (63, 16), 'tst': 7}, {'pst': (40, 11), 'tst': 7}, {'pst': (63, 7), 'tst': 5}, {'pst': (65, 4), 'tst': 3}, {'pst': (55, 16), 'tst': 2}, {'pst': (75, 6), 'tst': 1}, {'pst': (46, 5), 'tst': 0}, {'pst': (77, 13), 'tst': 0}]",0.6165156384342474,8.344182497909522
81,5,"{'text': 'If you want to legalize drugs, then you should also legalize prostitution.'}","[0, 1, 2, 3, 4, 5, 6, 7, 8, 9, 10, 11, 12, 13, 14, 15, 16, 17, 18, 19]","[{'pst': (77, 5), 'tst': 3}, {'pst': (69, 9), 'tst': 3}, {'pst': (67, 8), 'tst': 2}, {'pst': (78, 7), 'tst': 2}, {'pst': (20, 8), 'tst': 1}, {'pst': (74, 18), 'tst': 1}, {'pst': (52, 10), 'tst': 0}, {'pst': (60, 8), 'tst': 0}]",0.5992353165332608,8.141999156069968
81,6,"{'text': 'If you want to legalize drugs, then you should also legalize prostitution.'}","[0, 1, 2, 3, 4, 5, 6, 7, 8, 9, 10, 11, 12, 13, 14, 15, 16, 17, 18, 19]","[{'pst': (52, 6), 'tst': 8}, {'pst': (75, 6), 'tst': 5}, {'pst': (60, 9), 'tst': 4}, {'pst': (47, 7), 'tst': 2}, {'pst': (67, 8), 'tst': 1}, {'pst': (53, 18), 'tst': 1}, {'pst': (78, 11), 'tst': 0}, {'pst': (52, 16), 'tst': 0}]",0.6165156384342474,8.344182497909522
81,7,,"[0, 1, 2, 3, 4, 5, 6, 7, 8, 9, 10, 11, 12, 13, 14, 15, 16, 17, 18, 19]","[{'pst': (72, 3), 'tst': 5}, {'pst': (43, 19), 'tst': 3}, {'pst': (57, 14), 'tst': 3}, {'pst': (78, 7), 'tst': 2}, {'pst': (71, 7), 'tst': 2}, {'pst': (69, 14), 'tst': 1}, {'pst': (38, 3), 'tst': 1}, {'pst': (80, 7), 'tst': 0}]",0.6165156384342474,8.344182497909522
81,8,,"[0, 1, 2, 3, 4, 5, 6, 7, 8, 9, 10, 11, 12, 13, 14, 15, 16, 17, 18, 19]","[{'pst': (63, 14), 'tst': 9}, {'pst': (63, 16), 'tst': 6}, {'pst': (70, 17), 'tst': 3}, {'pst': (78, 8), 'tst': 2}, {'pst': (60, 9), 'tst': 2}, {'pst': (61, 10), 'tst': 1}, {'pst': (72, 18), 'tst': 1}, {'pst': (80, 0), 'tst': 0}]",0.6165156384342474,8.344182497909522
81,9,"{'text': 'If you want to legalize drugs, then you should also legalize prostitution.'}","[0, 1, 2, 3, 4, 5, 6, 7, 8, 9, 10, 11, 12, 13, 14, 15, 16, 17, 18, 19]","[{'pst': (71, 7), 'tst': 7}, {'pst': (74, 7), 'tst': 4}, {'pst': (75, 6), 'tst': 3}, {'pst': (60, 16), 'tst': 2}, {'pst': (71, 13), 'tst': 1}, {'pst': (71, 12), 'tst': 1}, {'pst': (78, 18), 'tst': 0}, {'pst': (69, 13), 'tst': 0}]",0.6165156384342474,8.344182497909522
81,10,"{'text': 'Legalizing drugs would not be the only option; there may still be a market of illegal drugs, for example if it is cheaper than the legal choice.'}","[0, 1, 2, 3, 4, 5, 6, 7, 8, 9, 10, 11, 12, 13, 14, 15, 16, 17, 18, 19]","[{'pst': (62, 9), 'tst': 5}, {'pst': (60, 16), 'tst': 4}, {'pst': (60, 8), 'tst': 3}, {'pst': (77, 13), 'tst': 2}, {'pst': (52, 16), 'tst': 1}, {'pst': (57, 4), 'tst': 1}, {'pst': (46, 5), 'tst': 0}, {'pst': (38, 3), 'tst': 0}]",0.5935817745966367,7.62185488736539
81,11,,"[0, 1, 2, 3, 4, 5, 6, 7, 8, 9, 10, 11, 12, 13, 14, 15, 16, 17, 18, 19]","[{'pst': (43, 19), 'tst': 5}, {'pst': (48, 1), 'tst': 4}, {'pst': (60, 16), 'tst': 3}, {'pst': (78, 11), 'tst': 2}, {'pst': (77, 5), 'tst': 1}, {'pst': (40, 11), 'tst': 1}, {'pst': (77, 17), 'tst': 0}, {'pst': (78, 7), 'tst': 0}]",0.6034397657486131,7.7033096325632755
81,12,,"[0, 1, 2, 3, 4, 5, 6, 7, 8, 9, 10, 11, 12, 13, 14, 15, 16, 17, 18, 19]","[{'pst': (55, 16), 'tst': 6}, {'pst': (60, 13), 'tst': 6}, {'pst': (67, 13), 'tst': 3}, {'pst': (72, 11), 'tst': 2}, {'pst': (53, 18), 'tst': 2}, {'pst': (69, 13), 'tst': 1}, {'pst': (69, 14), 'tst': 0}, {'pst': (70, 17), 'tst': 0}]",0.6165156384342474,8.344182497909522
81,13,,"[0, 1, 2, 3, 4, 5, 6, 7, 8, 9, 10, 11, 12, 13, 14, 15, 16, 17, 18, 19]","[{'pst': (63, 16), 'tst': 6}, {'pst': (40, 11), 'tst': 4}, {'pst': (77, 13), 'tst': 3}, {'pst': (78, 18), 'tst': 2}, {'pst': (63, 6), 'tst': 2}, {'pst': (69, 9), 'tst': 1}, {'pst': (52, 16), 'tst': 0}, {'pst': (76, 0), 'tst': 0}]",0.6165156384342474,8.344182497909522
81,14,,"[0, 1, 2, 3, 4, 5, 6, 7, 8, 9, 10, 11, 12, 13, 14, 15, 16, 17, 18, 19]","[{'pst': (63, 6), 'tst': 5}, {'pst': (38, 3), 'tst': 3}, {'pst': (74, 18), 'tst': 3}, {'pst': (78, 8), 'tst': 2}, {'pst': (63, 14), 'tst': 2}, {'pst': (69, 14), 'tst': 1}, {'pst': (46, 5), 'tst': 0}, {'pst': (79, 19), 'tst': 0}]",0.6165156384342474,8.344182497909522
81,15,,"[0, 1, 2, 3, 4, 5, 6, 7, 8, 9, 10, 11, 12, 13, 14, 15, 16, 17, 18, 19]","[{'pst': (67, 8), 'tst': 4}, {'pst': (52, 16), 'tst': 3}, {'pst': (71, 12), 'tst': 3}, {'pst': (77, 4), 'tst': 2}, {'pst': (66, 16), 'tst': 2}, {'pst': (74, 7), 'tst': 1}, {'pst': (49, 3), 'tst': 0}, {'pst': (48, 11), 'tst': 0}]",0.6165156384342474,8.344182497909522
81,16,,"[0, 1, 2, 3, 4, 5, 6, 7, 8, 9, 10, 11, 12, 13, 14, 15, 16, 17, 18, 19]","[{'pst': (63, 6), 'tst': 6}, {'pst': (76, 0), 'tst': 4}, {'pst': (65, 4), 'tst': 3}, {'pst': (71, 13), 'tst': 3}, {'pst': (62, 9), 'tst': 2}, {'pst': (53, 8), 'tst': 2}, {'pst': (69, 14), 'tst': 1}, {'pst': (61, 10), 'tst': 0}]",0.6165156384342474,8.344182497909522
81,17,,"[0, 1, 2, 3, 4, 5, 6, 7, 8, 9, 10, 11, 12, 13, 14, 15, 16, 17, 18, 19]","[{'pst': (61, 10), 'tst': 4}, {'pst': (77, 17), 'tst': 3}, {'pst': (78, 8), 'tst': 2}, {'pst': (78, 4), 'tst': 2}, {'pst': (47, 7), 'tst': 1}, {'pst': (72, 3), 'tst': 1}, {'pst': (52, 6), 'tst': 0}, {'pst': (71, 12), 'tst': 0}]",0.6165156384342474,8.344182497909522
81,18,,"[0, 1, 2, 3, 4, 5, 6, 7, 8, 9, 10, 11, 12, 13, 14, 15, 16, 17, 18, 19]","[{'pst': (75, 18), 'tst': 5}, {'pst': (60, 8), 'tst': 4}, {'pst': (40, 0), 'tst': 3}, {'pst': (53, 18), 'tst': 3}, {'pst': (78, 18), 'tst': 2}, {'pst': (79, 19), 'tst': 1}, {'pst': (62, 7), 'tst': 0}, {'pst': (77, 4), 'tst': 0}]",0.6165156384342474,8.344182497909522
81,19,,"[0, 1, 2, 3, 4, 5, 6, 7, 8, 9, 10, 11, 12, 13, 14, 15, 16, 17, 18, 19]","[{'pst': (57, 4), 'tst': 5}, {'pst': (66, 18), 'tst': 4}, {'pst': (73, 10), 'tst': 3}, {'pst': (77, 17), 'tst': 2}, {'pst': (72, 11), 'tst': 2}, {'pst': (79, 19), 'tst': 1}, {'pst': (74, 7), 'tst': 0}, {'pst': (63, 14), 'tst': 0}]",0.6070071930731191,7.635249400128382
82,0,"{'text': 'If you want to legalize drugs, then you should also legalize prostitution.'}","[0, 1, 2, 3, 4, 5, 6, 7, 8, 9, 10, 11, 12, 13, 14, 15, 16, 17, 18, 19]","[{'pst': (48, 1), 'tst': 6}, {'pst': (76, 0), 'tst': 5}, {'pst': (55, 17), 'tst': 4}, {'pst': (67, 13), 'tst': 3}, {'pst': (80, 0), 'tst': 1}, {'pst': (57, 4), 'tst': 1}, {'pst': (63, 16), 'tst': 0}, {'pst': (55, 16), 'tst': 0}]",0.6047058409186988,7.655464995846279
82,1,,"[0, 1, 2, 3, 4, 5, 6, 7, 8, 9, 10, 11, 12, 13, 14, 15, 16, 17, 18, 19]","[{'pst': (66, 18), 'tst': 6}, {'pst': (55, 17), 'tst': 3}, {'pst': (48, 11), 'tst': 3}, {'pst': (62, 9), 'tst': 2}, {'pst': (62, 7), 'tst': 1}, {'pst': (72, 18), 'tst': 1}, {'pst': (63, 7), 'tst': 0}, {'pst': (60, 13), 'tst': 0}]",0.6165156384342474,8.344182497909522
82,2,"{'text': 'If you want to legalize drugs, then you should also legalize prostitution.'}","[0, 1, 2, 3, 4, 5, 6, 7, 8, 9, 10, 11, 12, 13, 14, 15, 16, 17, 18, 19]","[{'pst': (72, 18), 'tst': 6}, {'pst': (49, 3), 'tst': 4}, {'pst': (65, 4), 'tst': 3}, {'pst': (62, 9), 'tst': 2}, {'pst': (78, 7), 'tst': 2}, {'pst': (52, 16), 'tst': 1}, {'pst': (80, 0), 'tst': 1}, {'pst': (78, 4), 'tst': 0}]",0.6165156384342474,8.344182497909522
82,3,,"[0, 1, 2, 3, 4, 5, 6, 7, 8, 9, 10, 11, 12, 13, 14, 15, 16, 17, 18, 19]","[{'pst': (60, 8), 'tst': 6}, {'pst': (46, 5), 'tst': 5}, {'pst': (76, 0), 'tst': 3}, {'pst': (56, 1), 'tst': 3}, {'pst': (67, 8), 'tst': 2}, {'pst': (69, 13), 'tst': 1}, {'pst': (55, 16), 'tst': 0}, {'pst': (72, 11), 'tst': 0}]",0.6165156384342474,8.344182497909522
82,4,,"[0, 1, 2, 3, 4, 5, 6, 7, 8, 9, 10, 11, 12, 13, 14, 15, 16, 17, 18, 19]","[{'pst': (63, 16), 'tst': 8}, {'pst': (40, 11), 'tst': 8}, {'pst': (65, 4), 'tst': 4}, {'pst': (55, 16), 'tst': 3}, {'pst': (46, 5), 'tst': 1}, {'pst': (77, 13), 'tst': 1}, {'pst': (78, 11), 'tst': 0}, {'pst': (40, 0), 'tst': 0}]",0.6165156384342474,8.344182497909522
82,5,,"[0, 1, 2, 3, 4, 5, 6, 7, 8, 9, 10, 11, 12, 13, 14, 15, 16, 17, 18, 19]","[{'pst': (67, 8), 'tst': 3}, {'pst': (78, 7), 'tst': 3}, {'pst': (20, 8), 'tst': 2}, {'pst': (74, 18), 'tst': 2}, {'pst': (52, 10), 'tst': 1}, {'pst': (60, 8), 'tst': 1}, {'pst': (81, 5), 'tst': 0}, {'pst': (80, 0), 'tst': 0}]",0.6038078398652693,8.102273919042998
82,6,"{'text': 'If you want to legalize drugs, then you should also legalize prostitution.'}","[0, 1, 2, 3, 4, 5, 6, 7, 8, 9, 10, 11, 12, 13, 14, 15, 16, 17, 18, 19]","[{'pst': (52, 6), 'tst': 9}, {'pst': (60, 9), 'tst': 5}, {'pst': (47, 7), 'tst': 3}, {'pst': (67, 8), 'tst': 2}, {'pst': (53, 18), 'tst': 2}, {'pst': (78, 11), 'tst': 1}, {'pst': (52, 16), 'tst': 1}, {'pst': (81, 6), 'tst': 0}]",0.6165156384342474,8.344182497909522
82,7,,"[0, 1, 2, 3, 4, 5, 6, 7, 8, 9, 10, 11, 12, 13, 14, 15, 16, 17, 18, 19]","[{'pst': (72, 3), 'tst': 6}, {'pst': (57, 14), 'tst': 4}, {'pst': (78, 7), 'tst': 3}, {'pst': (71, 7), 'tst': 3}, {'pst': (69, 14), 'tst': 2}, {'pst': (38, 3), 'tst': 2}, {'pst': (80, 7), 'tst': 1}, {'pst': (72, 18), 'tst': 0}]",0.6165156384342474,8.344182497909522
82,8,,"[0, 1, 2, 3, 4, 5, 6, 7, 8, 9, 10, 11, 12, 13, 14, 15, 16, 17, 18, 19]","[{'pst': (63, 14), 'tst': 10}, {'pst': (63, 16), 'tst': 7}, {'pst': (70, 17), 'tst': 4}, {'pst': (78, 8), 'tst': 3}, {'pst': (72, 18), 'tst': 2}, {'pst': (80, 0), 'tst': 1}, {'pst': (80, 7), 'tst': 0}, {'pst': (52, 16), 'tst': 0}]",0.6165156384342474,8.344182497909522
82,9,,"[0, 1, 2, 3, 4, 5, 6, 7, 8, 9, 10, 11, 12, 13, 14, 15, 16, 17, 18, 19]","[{'pst': (74, 7), 'tst': 5}, {'pst': (75, 6), 'tst': 4}, {'pst': (60, 16), 'tst': 3}, {'pst': (71, 13), 'tst': 2}, {'pst': (71, 12), 'tst': 2}, {'pst': (78, 18), 'tst': 1}, {'pst': (69, 13), 'tst': 1}, {'pst': (81, 9), 'tst': 0}]",0.6165156384342474,8.344182497909522
82,10,,"[0, 1, 2, 3, 4, 5, 6, 7, 8, 9, 10, 11, 12, 13, 14, 15, 16, 17, 18, 19]","[{'pst': (60, 16), 'tst': 5}, {'pst': (60, 8), 'tst': 4}, {'pst': (52, 16), 'tst': 2}, {'pst': (57, 4), 'tst': 2}, {'pst': (46, 5), 'tst': 1}, {'pst': (38, 3), 'tst': 1}, {'pst': (81, 10), 'tst': 0}, {'pst': (67, 13), 'tst': 0}]",0.5953316695703633,7.62250895267666
82,11,,"[0, 1, 2, 3, 4, 5, 6, 7, 8, 9, 10, 11, 12, 13, 14, 15, 16, 17, 18, 19]","[{'pst': (60, 16), 'tst': 4}, {'pst': (78, 11), 'tst': 3}, {'pst': (77, 5), 'tst': 2}, {'pst': (40, 11), 'tst': 2}, {'pst': (77, 17), 'tst': 1}, {'pst': (78, 7), 'tst': 1}, {'pst': (65, 4), 'tst': 0}, {'pst': (77, 13), 'tst': 0}]",0.6165156384342474,8.344182497909522
82,12,"{'text': 'If you want to legalize drugs, then you should also legalize prostitution.'}","[0, 1, 2, 3, 4, 5, 6, 7, 8, 9, 10, 11, 12, 13, 14, 15, 16, 17, 18, 19]","[{'pst': (60, 13), 'tst': 7}, {'pst': (67, 13), 'tst': 4}, {'pst': (72, 11), 'tst': 3}, {'pst': (69, 13), 'tst': 2}, {'pst': (69, 14), 'tst': 1}, {'pst': (70, 17), 'tst': 1}, {'pst': (78, 8), 'tst': 0}, {'pst': (75, 6), 'tst': 0}]",0.6165156384342474,8.344182497909522
82,13,,"[0, 1, 2, 3, 4, 5, 6, 7, 8, 9, 10, 11, 12, 13, 14, 15, 16, 17, 18, 19]","[{'pst': (40, 11), 'tst': 5}, {'pst': (77, 13), 'tst': 4}, {'pst': (78, 18), 'tst': 3}, {'pst': (63, 6), 'tst': 3}, {'pst': (52, 16), 'tst': 1}, {'pst': (76, 0), 'tst': 1}, {'pst': (55, 17), 'tst': 0}, {'pst': (38, 3), 'tst': 0}]",0.6165156384342474,8.344182497909522
82,14,,"[0, 1, 2, 3, 4, 5, 6, 7, 8, 9, 10, 11, 12, 13, 14, 15, 16, 17, 18, 19]","[{'pst': (38, 3), 'tst': 4}, {'pst': (78, 8), 'tst': 3}, {'pst': (63, 14), 'tst': 3}, {'pst': (69, 14), 'tst': 2}, {'pst': (46, 5), 'tst': 1}, {'pst': (79, 19), 'tst': 1}, {'pst': (60, 9), 'tst': 0}, {'pst': (80, 0), 'tst': 0}]",0.6165156384342474,8.344182497909522
82,15,,"[0, 1, 2, 3, 4, 5, 6, 7, 8, 9, 10, 11, 12, 13, 14, 15, 16, 17, 18, 19]","[{'pst': (52, 16), 'tst': 4}, {'pst': (71, 12), 'tst': 4}, {'pst': (77, 4), 'tst': 3}, {'pst': (66, 16), 'tst': 3}, {'pst': (49, 3), 'tst': 1}, {'pst': (48, 11), 'tst': 1}, {'pst': (60, 16), 'tst': 0}, {'pst': (57, 4), 'tst': 0}]",0.5869730431339416,7.4467967542349776
82,16,,"[0, 1, 2, 3, 4, 5, 6, 7, 8, 9, 10, 11, 12, 13, 14, 15, 16, 17, 18, 19]","[{'pst': (76, 0), 'tst': 5}, {'pst': (65, 4), 'tst': 4}, {'pst': (62, 9), 'tst': 3}, {'pst': (53, 8), 'tst': 3}, {'pst': (69, 14), 'tst': 2}, {'pst': (61, 10), 'tst': 1}, {'pst': (67, 8), 'tst': 0}, {'pst': (81, 5), 'tst': 0}]",0.6165156384342474,8.344182497909522
82,17,,"[0, 1, 2, 3, 4, 5, 6, 7, 8, 9, 10, 11, 12, 13, 14, 15, 16, 17, 18, 19]","[{'pst': (61, 10), 'tst': 5}, {'pst': (78, 8), 'tst': 3}, {'pst': (78, 4), 'tst': 3}, {'pst': (47, 7), 'tst': 2}, {'pst': (72, 3), 'tst': 2}, {'pst': (52, 6), 'tst': 1}, {'pst': (71, 12), 'tst': 1}, {'pst': (78, 18), 'tst': 0}]",0.6165156384342474,8.344182497909522
82,18,"{'text': 'If you want to legalize drugs, then you should also legalize prostitution.'}","[0, 1, 2, 3, 4, 5, 6, 7, 8, 9, 10, 11, 12, 13, 14, 15, 16, 17, 18, 19]","[{'pst': (40, 0), 'tst': 4}, {'pst': (53, 18), 'tst': 4}, {'pst': (78, 18), 'tst': 3}, {'pst': (79, 19), 'tst': 2}, {'pst': (62, 7), 'tst': 1}, {'pst': (77, 4), 'tst': 1}, {'pst': (77, 5), 'tst': 0}, {'pst': (75, 6), 'tst': 0}]",0.6165156384342474,8.344182497909522
82,19,,"[0, 1, 2, 3, 4, 5, 6, 7, 8, 9, 10, 11, 12, 13, 14, 15, 16, 17, 18, 19]","[{'pst': (57, 4), 'tst': 6}, {'pst': (73, 10), 'tst': 4}, {'pst': (77, 17), 'tst': 3}, {'pst': (72, 11), 'tst': 3}, {'pst': (74, 7), 'tst': 1}, {'pst': (63, 14), 'tst': 1}, {'pst': (63, 16), 'tst': 0}, {'pst': (43, 19), 'tst': 0}]",0.6070071930731191,7.635249400128382
83,0,,"[0, 1, 2, 3, 4, 5, 6, 7, 8, 9, 10, 11, 12, 13, 14, 15, 16, 17, 18, 19]","[{'pst': (76, 0), 'tst': 6}, {'pst': (55, 17), 'tst': 5}, {'pst': (67, 13), 'tst': 4}, {'pst': (80, 0), 'tst': 2}, {'pst': (57, 4), 'tst': 2}, {'pst': (63, 16), 'tst': 1}, {'pst': (55, 16), 'tst': 1}, {'pst': (82, 0), 'tst': 0}]",0.5942386631469825,7.625391679214867
83,1,,"[0, 1, 2, 3, 4, 5, 6, 7, 8, 9, 10, 11, 12, 13, 14, 15, 16, 17, 18, 19]","[{'pst': (55, 17), 'tst': 4}, {'pst': (48, 11), 'tst': 4}, {'pst': (62, 9), 'tst': 3}, {'pst': (62, 7), 'tst': 2}, {'pst': (63, 7), 'tst': 1}, {'pst': (60, 13), 'tst': 1}, {'pst': (82, 18), 'tst': 0}, {'pst': (82, 12), 'tst': 0}]",0.6165156384342474,8.344182497909522
83,2,"{'text': 'If you want to legalize drugs, then you should also legalize prostitution.'}","[0, 1, 2, 3, 4, 5, 6, 7, 8, 9, 10, 11, 12, 13, 14, 15, 16, 17, 18, 19]","[{'pst': (72, 18), 'tst': 7}, {'pst': (65, 4), 'tst': 4}, {'pst': (78, 7), 'tst': 3}, {'pst': (52, 16), 'tst': 2}, {'pst': (80, 0), 'tst': 2}, {'pst': (78, 4), 'tst': 1}, {'pst': (82, 2), 'tst': 0}, {'pst': (60, 8), 'tst': 0}]",0.6165156384342474,8.344182497909522
83,3,"{'text': 'If you want to legalize drugs, then you should also legalize prostitution.'}","[0, 1, 2, 3, 4, 5, 6, 7, 8, 9, 10, 11, 12, 13, 14, 15, 16, 17, 18, 19]","[{'pst': (60, 8), 'tst': 7}, {'pst': (56, 1), 'tst': 4}, {'pst': (67, 8), 'tst': 3}, {'pst': (69, 13), 'tst': 2}, {'pst': (55, 16), 'tst': 1}, {'pst': (72, 11), 'tst': 1}, {'pst': (70, 17), 'tst': 0}, {'pst': (81, 5), 'tst': 0}]",0.6165156384342474,8.344182497909522
83,4,,"[0, 1, 2, 3, 4, 5, 6, 7, 8, 9, 10, 11, 12, 13, 14, 15, 16, 17, 18, 19]","[{'pst': (40, 11), 'tst': 9}, {'pst': (65, 4), 'tst': 5}, {'pst': (55, 16), 'tst': 4}, {'pst': (46, 5), 'tst': 2}, {'pst': (77, 13), 'tst': 2}, {'pst': (78, 11), 'tst': 1}, {'pst': (40, 0), 'tst': 1}, {'pst': (67, 13), 'tst': 0}]",0.6165156384342474,8.344182497909522
83,5,,"[0, 1, 2, 3, 4, 5, 6, 7, 8, 9, 10, 11, 12, 13, 14, 15, 16, 17, 18, 19]","[{'pst': (67, 8), 'tst': 4}, {'pst': (78, 7), 'tst': 4}, {'pst': (20, 8), 'tst': 3}, {'pst': (52, 10), 'tst': 2}, {'pst': (60, 8), 'tst': 2}, {'pst': (81, 5), 'tst': 1}, {'pst': (80, 0), 'tst': 1}, {'pst': (49, 3), 'tst': 0}]",0.6038078398652693,8.102273919042998
83,6,,"[0, 1, 2, 3, 4, 5, 6, 7, 8, 9, 10, 11, 12, 13, 14, 15, 16, 17, 18, 19]","[{'pst': (60, 9), 'tst': 6}, {'pst': (47, 7), 'tst': 4}, {'pst': (67, 8), 'tst': 3}, {'pst': (53, 18), 'tst': 3}, {'pst': (78, 11), 'tst': 2}, {'pst': (81, 6), 'tst': 1}, {'pst': (82, 6), 'tst': 0}, {'pst': (82, 2), 'tst': 0}]",0.6165156384342474,8.344182497909522
83,7,,"[0, 1, 2, 3, 4, 5, 6, 7, 8, 9, 10, 11, 12, 13, 14, 15, 16, 17, 18, 19]","[{'pst': (72, 3), 'tst': 7}, {'pst': (57, 14), 'tst': 5}, {'pst': (78, 7), 'tst': 4}, {'pst': (71, 7), 'tst': 4}, {'pst': (80, 7), 'tst': 2}, {'pst': (72, 18), 'tst': 1}, {'pst': (53, 18), 'tst': 0}, {'pst': (82, 0), 'tst': 0}]",0.6165156384342474,8.344182497909522
83,8,,"[0, 1, 2, 3, 4, 5, 6, 7, 8, 9, 10, 11, 12, 13, 14, 15, 16, 17, 18, 19]","[{'pst': (63, 14), 'tst': 11}, {'pst': (63, 16), 'tst': 8}, {'pst': (70, 17), 'tst': 5}, {'pst': (72, 18), 'tst': 3}, {'pst': (80, 7), 'tst': 1}, {'pst': (52, 16), 'tst': 1}, {'pst': (78, 18), 'tst': 0}, {'pst': (65, 4), 'tst': 0}]",0.6165156384342474,8.344182497909522
83,9,,"[0, 1, 2, 3, 4, 5, 6, 7, 8, 9, 10, 11, 12, 13, 14, 15, 16, 17, 18, 19]","[{'pst': (75, 6), 'tst': 5}, {'pst': (60, 16), 'tst': 4}, {'pst': (71, 13), 'tst': 3}, {'pst': (71, 12), 'tst': 3}, {'pst': (78, 18), 'tst': 2}, {'pst': (81, 9), 'tst': 1}, {'pst': (63, 7), 'tst': 0}, {'pst': (53, 8), 'tst': 0}]",0.6165156384342474,8.344182497909522
83,10,,"[0, 1, 2, 3, 4, 5, 6, 7, 8, 9, 10, 11, 12, 13, 14, 15, 16, 17, 18, 19]","[{'pst': (60, 16), 'tst': 6}, {'pst': (52, 16), 'tst': 3}, {'pst': (46, 5), 'tst': 2}, {'pst': (38, 3), 'tst': 2}, {'pst': (81, 10), 'tst': 1}, {'pst': (67, 13), 'tst': 1}, {'pst': (71, 7), 'tst': 0}, {'pst': (79, 19), 'tst': 0}]",0.5942386631469825,7.625391679214867
83,11,"{'text': 'If you want to legalize drugs, then you should also legalize prostitution.'}","[0, 1, 2, 3, 4, 5, 6, 7, 8, 9, 10, 11, 12, 13, 14, 15, 16, 17, 18, 19]","[{'pst': (60, 16), 'tst': 5}, {'pst': (78, 11), 'tst': 4}, {'pst': (77, 17), 'tst': 2}, {'pst': (78, 7), 'tst': 2}, {'pst': (65, 4), 'tst': 1}, {'pst': (77, 13), 'tst': 1}, {'pst': (55, 17), 'tst': 0}, {'pst': (49, 3), 'tst': 0}]",0.6165156384342474,8.344182497909522
83,12,,"[0, 1, 2, 3, 4, 5, 6, 7, 8, 9, 10, 11, 12, 13, 14, 15, 16, 17, 18, 19]","[{'pst': (67, 13), 'tst': 5}, {'pst': (69, 13), 'tst': 3}, {'pst': (69, 14), 'tst': 2}, {'pst': (70, 17), 'tst': 2}, {'pst': (78, 8), 'tst': 1}, {'pst': (75, 6), 'tst': 1}, {'pst': (82, 12), 'tst': 0}, {'pst': (55, 17), 'tst': 0}]",0.6165156384342474,8.344182497909522
83,13,,"[0, 1, 2, 3, 4, 5, 6, 7, 8, 9, 10, 11, 12, 13, 14, 15, 16, 17, 18, 19]","[{'pst': (77, 13), 'tst': 5}, {'pst': (78, 18), 'tst': 4}, {'pst': (63, 6), 'tst': 4}, {'pst': (76, 0), 'tst': 2}, {'pst': (55, 17), 'tst': 1}, {'pst': (38, 3), 'tst': 1}, {'pst': (62, 9), 'tst': 0}, {'pst': (75, 6), 'tst': 0}]",0.6165156384342474,8.344182497909522
83,14,,"[0, 1, 2, 3, 4, 5, 6, 7, 8, 9, 10, 11, 12, 13, 14, 15, 16, 17, 18, 19]","[{'pst': (38, 3), 'tst': 5}, {'pst': (78, 8), 'tst': 4}, {'pst': (46, 5), 'tst': 2}, {'pst': (79, 19), 'tst': 2}, {'pst': (60, 9), 'tst': 1}, {'pst': (80, 0), 'tst': 1}, {'pst': (72, 3), 'tst': 0}, {'pst': (48, 1), 'tst': 0}]",0.5869730431339416,7.4467967542349776
83,15,"{'text': 'If you want to legalize drugs, then you should also legalize prostitution.'}","[0, 1, 2, 3, 4, 5, 6, 7, 8, 9, 10, 11, 12, 13, 14, 15, 16, 17, 18, 19]","[{'pst': (52, 16), 'tst': 5}, {'pst': (77, 4), 'tst': 4}, {'pst': (49, 3), 'tst': 2}, {'pst': (48, 11), 'tst': 2}, {'pst': (60, 16), 'tst': 1}, {'pst': (57, 4), 'tst': 1}, {'pst': (77, 5), 'tst': 0}, {'pst': (72, 11), 'tst': 0}]",0.5935817745966367,7.62185488736539
83,16,,"[0, 1, 2, 3, 4, 5, 6, 7, 8, 9, 10, 11, 12, 13, 14, 15, 16, 17, 18, 19]","[{'pst': (65, 4), 'tst': 5}, {'pst': (62, 9), 'tst': 4}, {'pst': (53, 8), 'tst': 4}, {'pst': (69, 14), 'tst': 3}, {'pst': (61, 10), 'tst': 2}, {'pst': (67, 8), 'tst': 1}, {'pst': (81, 5), 'tst': 1}, {'pst': (74, 18), 'tst': 0}]",0.6165156384342474,8.344182497909522
83,17,,"[0, 1, 2, 3, 4, 5, 6, 7, 8, 9, 10, 11, 12, 13, 14, 15, 16, 17, 18, 19]","[{'pst': (78, 8), 'tst': 4}, {'pst': (78, 4), 'tst': 4}, {'pst': (47, 7), 'tst': 3}, {'pst': (52, 6), 'tst': 2}, {'pst': (71, 12), 'tst': 2}, {'pst': (78, 18), 'tst': 1}, {'pst': (78, 11), 'tst': 0}, {'pst': (78, 7), 'tst': 0}]",0.6165156384342474,8.344182497909522
83,18,,"[0, 1, 2, 3, 4, 5, 6, 7, 8, 9, 10, 11, 12, 13, 14, 15, 16, 17, 18, 19]","[{'pst': (40, 0), 'tst': 5}, {'pst': (78, 18), 'tst': 4}, {'pst': (79, 19), 'tst': 3}, {'pst': (62, 7), 'tst': 2}, {'pst': (77, 5), 'tst': 1}, {'pst': (75, 6), 'tst': 1}, {'pst': (82, 18), 'tst': 0}, {'pst': (60, 16), 'tst': 0}]",0.6165156384342474,8.344182497909522
83,19,,"[0, 1, 2, 3, 4, 5, 6, 7, 8, 9, 10, 11, 12, 13, 14, 15, 16, 17, 18, 19]","[{'pst': (57, 4), 'tst': 7}, {'pst': (73, 10), 'tst': 5}, {'pst': (74, 7), 'tst': 2}, {'pst': (63, 14), 'tst': 2}, {'pst': (63, 16), 'tst': 1}, {'pst': (43, 19), 'tst': 1}, {'pst': (38, 3), 'tst': 0}, {'pst': (80, 0), 'tst': 0}]",0.6070071930731191,7.635249400128382
84,0,"{'text': 'If you want to legalize drugs, then you should also legalize prostitution.'}","[0, 1, 2, 3, 4, 5, 6, 7, 8, 9, 10, 11, 12, 13, 14, 15, 16, 17, 18, 19]","[{'pst': (55, 17), 'tst': 6}, {'pst': (67, 13), 'tst': 5}, {'pst': (57, 4), 'tst': 3}, {'pst': (63, 16), 'tst': 2}, {'pst': (55, 16), 'tst': 2}, {'pst': (82, 0), 'tst': 1}, {'pst': (72, 11), 'tst': 0}, {'pst': (53, 8), 'tst': 0}]",0.5994139301602949,7.6378727009057314
84,1,,"[0, 1, 2, 3, 4, 5, 6, 7, 8, 9, 10, 11, 12, 13, 14, 15, 16, 17, 18, 19]","[{'pst': (48, 11), 'tst': 5}, {'pst': (62, 9), 'tst': 4}, {'pst': (63, 7), 'tst': 2}, {'pst': (60, 13), 'tst': 2}, {'pst': (82, 18), 'tst': 1}, {'pst': (82, 12), 'tst': 1}, {'pst': (83, 3), 'tst': 0}, {'pst': (81, 9), 'tst': 0}]",0.6165156384342474,8.344182497909522
84,2,"{'text': 'If you want to legalize drugs, then you should also legalize prostitution.'}","[0, 1, 2, 3, 4, 5, 6, 7, 8, 9, 10, 11, 12, 13, 14, 15, 16, 17, 18, 19]","[{'pst': (72, 18), 'tst': 8}, {'pst': (65, 4), 'tst': 5}, {'pst': (78, 7), 'tst': 4}, {'pst': (52, 16), 'tst': 3}, {'pst': (82, 2), 'tst': 1}, {'pst': (60, 8), 'tst': 1}, {'pst': (83, 2), 'tst': 0}, {'pst': (83, 11), 'tst': 0}]",0.6165156384342474,8.344182497909522
84,3,"{'text': 'If you want to legalize drugs, then you should also legalize prostitution.'}","[0, 1, 2, 3, 4, 5, 6, 7, 8, 9, 10, 11, 12, 13, 14, 15, 16, 17, 18, 19]","[{'pst': (60, 8), 'tst': 8}, {'pst': (67, 8), 'tst': 4}, {'pst': (69, 13), 'tst': 3}, {'pst': (55, 16), 'tst': 2}, {'pst': (72, 11), 'tst': 2}, {'pst': (70, 17), 'tst': 1}, {'pst': (81, 5), 'tst': 1}, {'pst': (83, 3), 'tst': 0}]",0.6165156384342474,8.344182497909522
84,4,"{'text': 'If you want to legalize drugs, then you should also legalize prostitution.'}","[0, 1, 2, 3, 4, 5, 6, 7, 8, 9, 10, 11, 12, 13, 14, 15, 16, 17, 18, 19]","[{'pst': (65, 4), 'tst': 6}, {'pst': (46, 5), 'tst': 3}, {'pst': (77, 13), 'tst': 3}, {'pst': (78, 11), 'tst': 2}, {'pst': (40, 0), 'tst': 2}, {'pst': (67, 13), 'tst': 1}, {'pst': (60, 8), 'tst': 0}, {'pst': (82, 2), 'tst': 0}]",0.6165156384342474,8.344182497909522
84,5,,"[0, 1, 2, 3, 4, 5, 6, 7, 8, 9, 10, 11, 12, 13, 14, 15, 16, 17, 18, 19]","[{'pst': (78, 7), 'tst': 5}, {'pst': (20, 8), 'tst': 4}, {'pst': (52, 10), 'tst': 3}, {'pst': (60, 8), 'tst': 3}, {'pst': (80, 0), 'tst': 2}, {'pst': (49, 3), 'tst': 1}, {'pst': (72, 3), 'tst': 0}, {'pst': (48, 11), 'tst': 0}]",0.6091563271394277,8.120413307104341
84,6,,"[0, 1, 2, 3, 4, 5, 6, 7, 8, 9, 10, 11, 12, 13, 14, 15, 16, 17, 18, 19]","[{'pst': (60, 9), 'tst': 7}, {'pst': (67, 8), 'tst': 4}, {'pst': (53, 18), 'tst': 4}, {'pst': (78, 11), 'tst': 3}, {'pst': (81, 6), 'tst': 2}, {'pst': (82, 6), 'tst': 1}, {'pst': (82, 2), 'tst': 1}, {'pst': (65, 4), 'tst': 0}]",0.6165156384342474,8.344182497909522
84,7,,"[0, 1, 2, 3, 4, 5, 6, 7, 8, 9, 10, 11, 12, 13, 14, 15, 16, 17, 18, 19]","[{'pst': (57, 14), 'tst': 6}, {'pst': (78, 7), 'tst': 5}, {'pst': (71, 7), 'tst': 5}, {'pst': (72, 18), 'tst': 2}, {'pst': (53, 18), 'tst': 1}, {'pst': (82, 0), 'tst': 1}, {'pst': (80, 7), 'tst': 0}, {'pst': (81, 10), 'tst': 0}]",0.5869730431339416,7.4467967542349776
84,8,,"[0, 1, 2, 3, 4, 5, 6, 7, 8, 9, 10, 11, 12, 13, 14, 15, 16, 17, 18, 19]","[{'pst': (63, 16), 'tst': 9}, {'pst': (72, 18), 'tst': 4}, {'pst': (80, 7), 'tst': 2}, {'pst': (52, 16), 'tst': 2}, {'pst': (78, 18), 'tst': 1}, {'pst': (65, 4), 'tst': 1}, {'pst': (49, 3), 'tst': 0}, {'pst': (70, 17), 'tst': 0}]",0.6165156384342474,8.344182497909522
84,9,"{'text': 'If you want to legalize drugs, then you should also legalize prostitution.'}","[0, 1, 2, 3, 4, 5, 6, 7, 8, 9, 10, 11, 12, 13, 14, 15, 16, 17, 18, 19]","[{'pst': (60, 16), 'tst': 5}, {'pst': (71, 13), 'tst': 4}, {'pst': (71, 12), 'tst': 4}, {'pst': (81, 9), 'tst': 2}, {'pst': (63, 7), 'tst': 1}, {'pst': (53, 8), 'tst': 1}, {'pst': (56, 1), 'tst': 0}, {'pst': (80, 0), 'tst': 0}]",0.6165156384342474,8.344182497909522
84,10,"{'text': 'If you want to legalize drugs, then you should also legalize prostitution.'}","[0, 1, 2, 3, 4, 5, 6, 7, 8, 9, 10, 11, 12, 13, 14, 15, 16, 17, 18, 19]","[{'pst': (52, 16), 'tst': 4}, {'pst': (46, 5), 'tst': 3}, {'pst': (38, 3), 'tst': 3}, {'pst': (67, 13), 'tst': 2}, {'pst': (71, 7), 'tst': 1}, {'pst': (79, 19), 'tst': 1}, {'pst': (82, 18), 'tst': 0}, {'pst': (82, 0), 'tst': 0}]",0.6165156384342474,8.344182497909522
84,11,,"[0, 1, 2, 3, 4, 5, 6, 7, 8, 9, 10, 11, 12, 13, 14, 15, 16, 17, 18, 19]","[{'pst': (60, 16), 'tst': 6}, {'pst': (77, 17), 'tst': 3}, {'pst': (78, 7), 'tst': 3}, {'pst': (65, 4), 'tst': 2}, {'pst': (77, 13), 'tst': 2}, {'pst': (55, 17), 'tst': 1}, {'pst': (49, 3), 'tst': 1}, {'pst': (83, 11), 'tst': 0}]",0.6165156384342474,8.344182497909522
84,12,,"[0, 1, 2, 3, 4, 5, 6, 7, 8, 9, 10, 11, 12, 13, 14, 15, 16, 17, 18, 19]","[{'pst': (67, 13), 'tst': 6}, {'pst': (70, 17), 'tst': 3}, {'pst': (78, 8), 'tst': 2}, {'pst': (75, 6), 'tst': 2}, {'pst': (82, 12), 'tst': 1}, {'pst': (55, 17), 'tst': 1}, {'pst': (63, 7), 'tst': 0}, {'pst': (60, 16), 'tst': 0}]",0.6165156384342474,8.344182497909522
84,13,,"[0, 1, 2, 3, 4, 5, 6, 7, 8, 9, 10, 11, 12, 13, 14, 15, 16, 17, 18, 19]","[{'pst': (77, 13), 'tst': 6}, {'pst': (63, 6), 'tst': 5}, {'pst': (55, 17), 'tst': 2}, {'pst': (38, 3), 'tst': 2}, {'pst': (62, 9), 'tst': 1}, {'pst': (75, 6), 'tst': 1}, {'pst': (61, 10), 'tst': 0}, {'pst': (52, 16), 'tst': 0}]",0.6165156384342474,8.344182497909522
84,14,,"[0, 1, 2, 3, 4, 5, 6, 7, 8, 9, 10, 11, 12, 13, 14, 15, 16, 17, 18, 19]","[{'pst': (38, 3), 'tst': 6}, {'pst': (46, 5), 'tst': 3}, {'pst': (60, 9), 'tst': 2}, {'pst': (80, 0), 'tst': 2}, {'pst': (72, 3), 'tst': 1}, {'pst': (48, 1), 'tst': 1}, {'pst': (67, 13), 'tst': 0}, {'pst': (74, 18), 'tst': 0}]",0.5935817745966367,7.62185488736539
84,15,,"[0, 1, 2, 3, 4, 5, 6, 7, 8, 9, 10, 11, 12, 13, 14, 15, 16, 17, 18, 19]","[{'pst': (77, 4), 'tst': 5}, {'pst': (48, 11), 'tst': 3}, {'pst': (60, 16), 'tst': 2}, {'pst': (57, 4), 'tst': 2}, {'pst': (77, 5), 'tst': 1}, {'pst': (72, 11), 'tst': 1}, {'pst': (83, 15), 'tst': 0}, {'pst': (70, 17), 'tst': 0}]",0.5964324883889096,7.633865942322917
84,16,,"[0, 1, 2, 3, 4, 5, 6, 7, 8, 9, 10, 11, 12, 13, 14, 15, 16, 17, 18, 19]","[{'pst': (62, 9), 'tst': 5}, {'pst': (53, 8), 'tst': 5}, {'pst': (69, 14), 'tst': 4}, {'pst': (61, 10), 'tst': 3}, {'pst': (67, 8), 'tst': 2}, {'pst': (74, 18), 'tst': 1}, {'pst': (77, 4), 'tst': 0}, {'pst': (60, 13), 'tst': 0}]",0.6165156384342474,8.344182497909522
84,17,,"[0, 1, 2, 3, 4, 5, 6, 7, 8, 9, 10, 11, 12, 13, 14, 15, 16, 17, 18, 19]","[{'pst': (78, 8), 'tst': 5}, {'pst': (78, 4), 'tst': 5}, {'pst': (71, 12), 'tst': 3}, {'pst': (78, 18), 'tst': 2}, {'pst': (78, 11), 'tst': 1}, {'pst': (78, 7), 'tst': 1}, {'pst': (72, 11), 'tst': 0}, {'pst': (82, 0), 'tst': 0}]",0.6165156384342474,8.344182497909522
84,18,,"[0, 1, 2, 3, 4, 5, 6, 7, 8, 9, 10, 11, 12, 13, 14, 15, 16, 17, 18, 19]","[{'pst': (78, 18), 'tst': 5}, {'pst': (62, 7), 'tst': 3}, {'pst': (77, 5), 'tst': 2}, {'pst': (75, 6), 'tst': 2}, {'pst': (82, 18), 'tst': 1}, {'pst': (60, 16), 'tst': 1}, {'pst': (60, 9), 'tst': 0}, {'pst': (67, 13), 'tst': 0}]",0.6165156384342474,8.344182497909522
84,19,,"[0, 1, 2, 3, 4, 5, 6, 7, 8, 9, 10, 11, 12, 13, 14, 15, 16, 17, 18, 19]","[{'pst': (73, 10), 'tst': 6}, {'pst': (63, 14), 'tst': 3}, {'pst': (63, 16), 'tst': 2}, {'pst': (43, 19), 'tst': 2}, {'pst': (38, 3), 'tst': 1}, {'pst': (80, 0), 'tst': 1}, {'pst': (81, 6), 'tst': 0}, {'pst': (82, 6), 'tst': 0}]",0.6165156384342474,8.344182497909522
85,0,,"[0, 1, 2, 3, 4, 5, 6, 7, 8, 9, 10, 11, 12, 13, 14, 15, 16, 17, 18, 19]","[{'pst': (57, 4), 'tst': 4}, {'pst': (63, 16), 'tst': 3}, {'pst': (55, 16), 'tst': 3}, {'pst': (82, 0), 'tst': 2}, {'pst': (72, 11), 'tst': 1}, {'pst': (53, 8), 'tst': 1}, {'pst': (84, 0), 'tst': 0}, {'pst': (60, 13), 'tst': 0}]",0.6070071930731191,7.635249400128382
85,1,,"[0, 1, 2, 3, 4, 5, 6, 7, 8, 9, 10, 11, 12, 13, 14, 15, 16, 17, 18, 19]","[{'pst': (63, 7), 'tst': 3}, {'pst': (60, 13), 'tst': 3}, {'pst': (82, 18), 'tst': 2}, {'pst': (82, 12), 'tst': 2}, {'pst': (83, 3), 'tst': 1}, {'pst': (81, 9), 'tst': 1}, {'pst': (78, 8), 'tst': 0}, {'pst': (81, 10), 'tst': 0}]",0.5869730431339416,7.4467967542349776
85,2,"{'text': 'If you want to legalize drugs, then you should also legalize prostitution.'}","[0, 1, 2, 3, 4, 5, 6, 7, 8, 9, 10, 11, 12, 13, 14, 15, 16, 17, 18, 19]","[{'pst': (78, 7), 'tst': 5}, {'pst': (52, 16), 'tst': 4}, {'pst': (82, 2), 'tst': 2}, {'pst': (60, 8), 'tst': 2}, {'pst': (83, 2), 'tst': 1}, {'pst': (83, 11), 'tst': 1}, {'pst': (84, 2), 'tst': 0}, {'pst': (55, 16), 'tst': 0}]",0.6165156384342474,8.344182497909522
85,3,"{'text': 'If you want to legalize drugs, then you should also legalize prostitution.'}","[0, 1, 2, 3, 4, 5, 6, 7, 8, 9, 10, 11, 12, 13, 14, 15, 16, 17, 18, 19]","[{'pst': (60, 8), 'tst': 9}, {'pst': (69, 13), 'tst': 4}, {'pst': (55, 16), 'tst': 3}, {'pst': (72, 11), 'tst': 3}, {'pst': (70, 17), 'tst': 2}, {'pst': (81, 5), 'tst': 2}, {'pst': (83, 3), 'tst': 1}, {'pst': (84, 3), 'tst': 0}]",0.6165156384342474,8.344182497909522
85,4,,"[0, 1, 2, 3, 4, 5, 6, 7, 8, 9, 10, 11, 12, 13, 14, 15, 16, 17, 18, 19]","[{'pst': (65, 4), 'tst': 7}, {'pst': (77, 13), 'tst': 4}, {'pst': (78, 11), 'tst': 3}, {'pst': (40, 0), 'tst': 3}, {'pst': (67, 13), 'tst': 2}, {'pst': (60, 8), 'tst': 1}, {'pst': (82, 2), 'tst': 1}, {'pst': (84, 4), 'tst': 0}]",0.6165156384342474,8.344182497909522
85,5,,"[0, 1, 2, 3, 4, 5, 6, 7, 8, 9, 10, 11, 12, 13, 14, 15, 16, 17, 18, 19]","[{'pst': (78, 7), 'tst': 6}, {'pst': (20, 8), 'tst': 5}, {'pst': (52, 10), 'tst': 4}, {'pst': (60, 8), 'tst': 4}, {'pst': (80, 0), 'tst': 3}, {'pst': (72, 3), 'tst': 1}, {'pst': (48, 11), 'tst': 1}, {'pst': (78, 4), 'tst': 0}]",0.6091563271394277,8.120413307104341
85,6,,"[0, 1, 2, 3, 4, 5, 6, 7, 8, 9, 10, 11, 12, 13, 14, 15, 16, 17, 18, 19]","[{'pst': (67, 8), 'tst': 5}, {'pst': (53, 18), 'tst': 5}, {'pst': (78, 11), 'tst': 4}, {'pst': (82, 6), 'tst': 2}, {'pst': (82, 2), 'tst': 2}, {'pst': (65, 4), 'tst': 1}, {'pst': (84, 4), 'tst': 0}, {'pst': (80, 0), 'tst': 0}]",0.6165156384342474,8.344182497909522
85,7,,"[0, 1, 2, 3, 4, 5, 6, 7, 8, 9, 10, 11, 12, 13, 14, 15, 16, 17, 18, 19]","[{'pst': (78, 7), 'tst': 6}, {'pst': (71, 7), 'tst': 6}, {'pst': (72, 18), 'tst': 3}, {'pst': (53, 18), 'tst': 2}, {'pst': (82, 0), 'tst': 2}, {'pst': (80, 7), 'tst': 1}, {'pst': (81, 10), 'tst': 1}, {'pst': (52, 10), 'tst': 0}]",0.5953574210826224,7.508224449897318
85,8,,"[0, 1, 2, 3, 4, 5, 6, 7, 8, 9, 10, 11, 12, 13, 14, 15, 16, 17, 18, 19]","[{'pst': (63, 16), 'tst': 10}, {'pst': (80, 7), 'tst': 3}, {'pst': (78, 18), 'tst': 2}, {'pst': (65, 4), 'tst': 2}, {'pst': (49, 3), 'tst': 1}, {'pst': (70, 17), 'tst': 1}, {'pst': (38, 3), 'tst': 0}, {'pst': (84, 10), 'tst': 0}]",0.6165156384342474,8.344182497909522
85,9,"{'text': 'If you want to legalize drugs, then you should also legalize prostitution.'}","[0, 1, 2, 3, 4, 5, 6, 7, 8, 9, 10, 11, 12, 13, 14, 15, 16, 17, 18, 19]","[{'pst': (60, 16), 'tst': 6}, {'pst': (81, 9), 'tst': 3}, {'pst': (63, 7), 'tst': 2}, {'pst': (53, 8), 'tst': 2}, {'pst': (56, 1), 'tst': 1}, {'pst': (80, 0), 'tst': 1}, {'pst': (84, 9), 'tst': 0}, {'pst': (71, 13), 'tst': 0}]",0.6165156384342474,8.344182497909522
85,10,,"[0, 1, 2, 3, 4, 5, 6, 7, 8, 9, 10, 11, 12, 13, 14, 15, 16, 17, 18, 19]","[{'pst': (52, 16), 'tst': 5}, {'pst': (46, 5), 'tst': 4}, {'pst': (67, 13), 'tst': 3}, {'pst': (71, 7), 'tst': 2}, {'pst': (82, 18), 'tst': 1}, {'pst': (82, 0), 'tst': 1}, {'pst': (84, 10), 'tst': 0}, {'pst': (72, 3), 'tst': 0}]",0.6165156384342474,8.344182497909522
85,11,,"[0, 1, 2, 3, 4, 5, 6, 7, 8, 9, 10, 11, 12, 13, 14, 15, 16, 17, 18, 19]","[{'pst': (60, 16), 'tst': 7}, {'pst': (78, 7), 'tst': 4}, {'pst': (65, 4), 'tst': 3}, {'pst': (55, 17), 'tst': 2}, {'pst': (49, 3), 'tst': 2}, {'pst': (83, 11), 'tst': 1}, {'pst': (70, 17), 'tst': 0}, {'pst': (48, 11), 'tst': 0}]",0.6165156384342474,8.344182497909522
85,12,"{'text': 'If you want to legalize drugs, then you should also legalize prostitution.'}","[0, 1, 2, 3, 4, 5, 6, 7, 8, 9, 10, 11, 12, 13, 14, 15, 16, 17, 18, 19]","[{'pst': (78, 8), 'tst': 3}, {'pst': (75, 6), 'tst': 3}, {'pst': (82, 12), 'tst': 2}, {'pst': (55, 17), 'tst': 2}, {'pst': (63, 7), 'tst': 1}, {'pst': (60, 16), 'tst': 1}, {'pst': (62, 7), 'tst': 0}, {'pst': (74, 18), 'tst': 0}]",0.6165156384342474,8.344182497909522
85,13,,"[0, 1, 2, 3, 4, 5, 6, 7, 8, 9, 10, 11, 12, 13, 14, 15, 16, 17, 18, 19]","[{'pst': (77, 13), 'tst': 7}, {'pst': (63, 6), 'tst': 6}, {'pst': (62, 9), 'tst': 2}, {'pst': (75, 6), 'tst': 2}, {'pst': (61, 10), 'tst': 1}, {'pst': (52, 16), 'tst': 1}, {'pst': (70, 17), 'tst': 0}, {'pst': (83, 11), 'tst': 0}]",0.6165156384342474,8.344182497909522
85,14,,"[0, 1, 2, 3, 4, 5, 6, 7, 8, 9, 10, 11, 12, 13, 14, 15, 16, 17, 18, 19]","[{'pst': (38, 3), 'tst': 7}, {'pst': (60, 9), 'tst': 3}, {'pst': (80, 0), 'tst': 3}, {'pst': (72, 3), 'tst': 2}, {'pst': (48, 1), 'tst': 2}, {'pst': (67, 13), 'tst': 1}, {'pst': (74, 18), 'tst': 1}, {'pst': (55, 17), 'tst': 0}]",0.5942386631469825,7.625391679214867
85,15,,"[0, 1, 2, 3, 4, 5, 6, 7, 8, 9, 10, 11, 12, 13, 14, 15, 16, 17, 18, 19]","[{'pst': (60, 16), 'tst': 3}, {'pst': (57, 4), 'tst': 3}, {'pst': (77, 5), 'tst': 2}, {'pst': (72, 11), 'tst': 2}, {'pst': (83, 15), 'tst': 1}, {'pst': (70, 17), 'tst': 1}, {'pst': (78, 18), 'tst': 0}, {'pst': (60, 8), 'tst': 0}]",0.6034397657486131,7.7033096325632755
85,16,,"[0, 1, 2, 3, 4, 5, 6, 7, 8, 9, 10, 11, 12, 13, 14, 15, 16, 17, 18, 19]","[{'pst': (53, 8), 'tst': 6}, {'pst': (69, 14), 'tst': 5}, {'pst': (61, 10), 'tst': 4}, {'pst': (74, 18), 'tst': 2}, {'pst': (77, 4), 'tst': 1}, {'pst': (60, 13), 'tst': 1}, {'pst': (65, 4), 'tst': 0}, {'pst': (80, 0), 'tst': 0}]",0.6165156384342474,8.344182497909522
85,17,"{'text': 'If you want to legalize drugs, then you should also legalize prostitution.'}","[0, 1, 2, 3, 4, 5, 6, 7, 8, 9, 10, 11, 12, 13, 14, 15, 16, 17, 18, 19]","[{'pst': (78, 8), 'tst': 6}, {'pst': (71, 12), 'tst': 4}, {'pst': (78, 18), 'tst': 3}, {'pst': (78, 11), 'tst': 2}, {'pst': (78, 7), 'tst': 2}, {'pst': (72, 11), 'tst': 1}, {'pst': (82, 0), 'tst': 1}, {'pst': (52, 10), 'tst': 0}]",0.6165156384342474,8.344182497909522
85,18,,"[0, 1, 2, 3, 4, 5, 6, 7, 8, 9, 10, 11, 12, 13, 14, 15, 16, 17, 18, 19]","[{'pst': (62, 7), 'tst': 4}, {'pst': (77, 5), 'tst': 3}, {'pst': (75, 6), 'tst': 3}, {'pst': (82, 18), 'tst': 2}, {'pst': (60, 16), 'tst': 2}, {'pst': (60, 9), 'tst': 1}, {'pst': (67, 13), 'tst': 1}, {'pst': (61, 10), 'tst': 0}]",0.6165156384342474,8.344182497909522
85,19,,"[0, 1, 2, 3, 4, 5, 6, 7, 8, 9, 10, 11, 12, 13, 14, 15, 16, 17, 18, 19]","[{'pst': (63, 16), 'tst': 3}, {'pst': (43, 19), 'tst': 3}, {'pst': (38, 3), 'tst': 2}, {'pst': (80, 0), 'tst': 2}, {'pst': (81, 6), 'tst': 1}, {'pst': (82, 6), 'tst': 1}, {'pst': (78, 8), 'tst': 0}, {'pst': (20, 8), 'tst': 0}]",0.6055573292923172,8.03143393718483
86,0,"{'text': 'If you want to legalize drugs, then you should also legalize prostitution.'}","[0, 1, 2, 3, 4, 5, 6, 7, 8, 9, 10, 11, 12, 13, 14, 15, 16, 17, 18, 19]","[{'pst': (57, 4), 'tst': 5}, {'pst': (82, 0), 'tst': 3}, {'pst': (72, 11), 'tst': 2}, {'pst': (53, 8), 'tst': 2}, {'pst': (84, 0), 'tst': 1}, {'pst': (60, 13), 'tst': 1}, {'pst': (84, 10), 'tst': 0}, {'pst': (48, 1), 'tst': 0}]",0.6023794868321932,7.517007003742087
86,1,,"[0, 1, 2, 3, 4, 5, 6, 7, 8, 9, 10, 11, 12, 13, 14, 15, 16, 17, 18, 19]","[{'pst': (60, 13), 'tst': 4}, {'pst': (82, 18), 'tst': 3}, {'pst': (82, 12), 'tst': 3}, {'pst': (81, 9), 'tst': 2}, {'pst': (78, 8), 'tst': 1}, {'pst': (81, 10), 'tst': 1}, {'pst': (85, 9), 'tst': 0}, {'pst': (40, 0), 'tst': 0}]",0.5935817745966367,7.62185488736539
86,2,,"[0, 1, 2, 3, 4, 5, 6, 7, 8, 9, 10, 11, 12, 13, 14, 15, 16, 17, 18, 19]","[{'pst': (78, 7), 'tst': 6}, {'pst': (52, 16), 'tst': 5}, {'pst': (60, 8), 'tst': 3}, {'pst': (83, 2), 'tst': 2}, {'pst': (83, 11), 'tst': 2}, {'pst': (84, 2), 'tst': 1}, {'pst': (55, 16), 'tst': 1}, {'pst': (85, 2), 'tst': 0}]",0.6165156384342474,8.344182497909522
86,3,,"[0, 1, 2, 3, 4, 5, 6, 7, 8, 9, 10, 11, 12, 13, 14, 15, 16, 17, 18, 19]","[{'pst': (60, 8), 'tst': 10}, {'pst': (72, 11), 'tst': 4}, {'pst': (70, 17), 'tst': 3}, {'pst': (81, 5), 'tst': 3}, {'pst': (83, 3), 'tst': 2}, {'pst': (84, 3), 'tst': 1}, {'pst': (85, 3), 'tst': 0}, {'pst': (67, 8), 'tst': 0}]",0.6165156384342474,8.344182497909522
86,4,,"[0, 1, 2, 3, 4, 5, 6, 7, 8, 9, 10, 11, 12, 13, 14, 15, 16, 17, 18, 19]","[{'pst': (77, 13), 'tst': 5}, {'pst': (78, 11), 'tst': 4}, {'pst': (40, 0), 'tst': 4}, {'pst': (67, 13), 'tst': 3}, {'pst': (60, 8), 'tst': 2}, {'pst': (82, 2), 'tst': 2}, {'pst': (84, 4), 'tst': 1}, {'pst': (71, 7), 'tst': 0}]",0.6165156384342474,8.344182497909522
86,5,,"[0, 1, 2, 3, 4, 5, 6, 7, 8, 9, 10, 11, 12, 13, 14, 15, 16, 17, 18, 19]","[{'pst': (78, 7), 'tst': 7}, {'pst': (20, 8), 'tst': 6}, {'pst': (52, 10), 'tst': 5}, {'pst': (60, 8), 'tst': 5}, {'pst': (48, 11), 'tst': 2}, {'pst': (78, 4), 'tst': 1}, {'pst': (81, 9), 'tst': 0}, {'pst': (84, 0), 'tst': 0}]",0.6091563271394277,8.120413307104341
86,6,"{'text': ""I don't think it's a good idea to legalize drugs.""}","[0, 1, 2, 3, 4, 5, 6, 7, 8, 9, 10, 11, 12, 13, 14, 15, 16, 17, 18, 19]","[{'pst': (67, 8), 'tst': 6}, {'pst': (82, 6), 'tst': 3}, {'pst': (82, 2), 'tst': 3}, {'pst': (65, 4), 'tst': 2}, {'pst': (84, 4), 'tst': 1}, {'pst': (80, 0), 'tst': 1}, {'pst': (77, 13), 'tst': 0}, {'pst': (82, 18), 'tst': 0}]",0.6165156384342474,8.344182497909522
86,7,,"[0, 1, 2, 3, 4, 5, 6, 7, 8, 9, 10, 11, 12, 13, 14, 15, 16, 17, 18, 19]","[{'pst': (78, 7), 'tst': 7}, {'pst': (71, 7), 'tst': 7}, {'pst': (53, 18), 'tst': 3}, {'pst': (82, 0), 'tst': 3}, {'pst': (80, 7), 'tst': 2}, {'pst': (81, 10), 'tst': 2}, {'pst': (52, 10), 'tst': 1}, {'pst': (85, 12), 'tst': 0}]",0.5935817745966367,7.62185488736539
86,8,"{'text': 'If you want to legalize drugs, then you should also legalize prostitution.'}","[0, 1, 2, 3, 4, 5, 6, 7, 8, 9, 10, 11, 12, 13, 14, 15, 16, 17, 18, 19]","[{'pst': (80, 7), 'tst': 4}, {'pst': (78, 18), 'tst': 3}, {'pst': (65, 4), 'tst': 3}, {'pst': (49, 3), 'tst': 2}, {'pst': (38, 3), 'tst': 1}, {'pst': (84, 10), 'tst': 1}, {'pst': (85, 9), 'tst': 0}, {'pst': (81, 5), 'tst': 0}]",0.6165156384342474,8.344182497909522
86,9,,"[0, 1, 2, 3, 4, 5, 6, 7, 8, 9, 10, 11, 12, 13, 14, 15, 16, 17, 18, 19]","[{'pst': (60, 16), 'tst': 7}, {'pst': (63, 7), 'tst': 3}, {'pst': (53, 8), 'tst': 3}, {'pst': (56, 1), 'tst': 2}, {'pst': (84, 9), 'tst': 1}, {'pst': (71, 13), 'tst': 1}, {'pst': (85, 9), 'tst': 0}, {'pst': (83, 3), 'tst': 0}]",0.6165156384342474,8.344182497909522
86,10,"{'text': 'If you want to legalize drugs, then you should also legalize prostitution.'}","[0, 1, 2, 3, 4, 5, 6, 7, 8, 9, 10, 11, 12, 13, 14, 15, 16, 17, 18, 19]","[{'pst': (52, 16), 'tst': 6}, {'pst': (46, 5), 'tst': 5}, {'pst': (71, 7), 'tst': 3}, {'pst': (82, 18), 'tst': 2}, {'pst': (82, 0), 'tst': 2}, {'pst': (84, 10), 'tst': 1}, {'pst': (72, 3), 'tst': 1}, {'pst': (80, 0), 'tst': 0}]",0.6165156384342474,8.344182497909522
86,11,,"[0, 1, 2, 3, 4, 5, 6, 7, 8, 9, 10, 11, 12, 13, 14, 15, 16, 17, 18, 19]","[{'pst': (60, 16), 'tst': 8}, {'pst': (78, 7), 'tst': 5}, {'pst': (65, 4), 'tst': 4}, {'pst': (83, 11), 'tst': 2}, {'pst': (70, 17), 'tst': 1}, {'pst': (48, 11), 'tst': 1}, {'pst': (80, 7), 'tst': 0}, {'pst': (71, 7), 'tst': 0}]",0.6165156384342474,8.344182497909522
86,12,,"[0, 1, 2, 3, 4, 5, 6, 7, 8, 9, 10, 11, 12, 13, 14, 15, 16, 17, 18, 19]","[{'pst': (78, 8), 'tst': 4}, {'pst': (82, 12), 'tst': 3}, {'pst': (55, 17), 'tst': 3}, {'pst': (63, 7), 'tst': 2}, {'pst': (60, 16), 'tst': 2}, {'pst': (62, 7), 'tst': 1}, {'pst': (74, 18), 'tst': 1}, {'pst': (85, 12), 'tst': 0}]",0.6165156384342474,8.344182497909522
86,13,,"[0, 1, 2, 3, 4, 5, 6, 7, 8, 9, 10, 11, 12, 13, 14, 15, 16, 17, 18, 19]","[{'pst': (77, 13), 'tst': 8}, {'pst': (62, 9), 'tst': 3}, {'pst': (75, 6), 'tst': 3}, {'pst': (52, 16), 'tst': 2}, {'pst': (70, 17), 'tst': 1}, {'pst': (83, 11), 'tst': 1}, {'pst': (57, 4), 'tst': 0}, {'pst': (84, 9), 'tst': 0}]",0.5953574210826224,7.508224449897318
86,14,,"[0, 1, 2, 3, 4, 5, 6, 7, 8, 9, 10, 11, 12, 13, 14, 15, 16, 17, 18, 19]","[{'pst': (60, 9), 'tst': 4}, {'pst': (80, 0), 'tst': 4}, {'pst': (72, 3), 'tst': 3}, {'pst': (48, 1), 'tst': 3}, {'pst': (67, 13), 'tst': 2}, {'pst': (55, 17), 'tst': 1}, {'pst': (84, 4), 'tst': 0}, {'pst': (65, 4), 'tst': 0}]",0.5964324883889096,7.633865942322917
86,15,,"[0, 1, 2, 3, 4, 5, 6, 7, 8, 9, 10, 11, 12, 13, 14, 15, 16, 17, 18, 19]","[{'pst': (57, 4), 'tst': 4}, {'pst': (77, 5), 'tst': 3}, {'pst': (72, 11), 'tst': 3}, {'pst': (83, 15), 'tst': 2}, {'pst': (78, 18), 'tst': 1}, {'pst': (60, 8), 'tst': 1}, {'pst': (60, 16), 'tst': 0}, {'pst': (20, 8), 'tst': 0}]",0.5970290389958974,7.279248816617369
86,16,,"[0, 1, 2, 3, 4, 5, 6, 7, 8, 9, 10, 11, 12, 13, 14, 15, 16, 17, 18, 19]","[{'pst': (53, 8), 'tst': 7}, {'pst': (74, 18), 'tst': 3}, {'pst': (77, 4), 'tst': 2}, {'pst': (60, 13), 'tst': 2}, {'pst': (65, 4), 'tst': 1}, {'pst': (80, 0), 'tst': 1}, {'pst': (49, 3), 'tst': 0}, {'pst': (38, 3), 'tst': 0}]",0.6165156384342474,8.344182497909522
86,17,"{'text': 'If you want to legalize drugs, then you should also legalize prostitution.'}","[0, 1, 2, 3, 4, 5, 6, 7, 8, 9, 10, 11, 12, 13, 14, 15, 16, 17, 18, 19]","[{'pst': (71, 12), 'tst': 5}, {'pst': (78, 11), 'tst': 3}, {'pst': (78, 7), 'tst': 3}, {'pst': (72, 11), 'tst': 2}, {'pst': (82, 0), 'tst': 2}, {'pst': (52, 10), 'tst': 1}, {'pst': (85, 17), 'tst': 0}, {'pst': (43, 19), 'tst': 0}]",0.6165156384342474,8.344182497909522
86,18,,"[0, 1, 2, 3, 4, 5, 6, 7, 8, 9, 10, 11, 12, 13, 14, 15, 16, 17, 18, 19]","[{'pst': (62, 7), 'tst': 5}, {'pst': (82, 18), 'tst': 3}, {'pst': (60, 16), 'tst': 3}, {'pst': (60, 9), 'tst': 2}, {'pst': (67, 13), 'tst': 2}, {'pst': (61, 10), 'tst': 1}, {'pst': (63, 16), 'tst': 0}, {'pst': (52, 10), 'tst': 0}]",0.6165156384342474,8.344182497909522
86,19,,"[0, 1, 2, 3, 4, 5, 6, 7, 8, 9, 10, 11, 12, 13, 14, 15, 16, 17, 18, 19]","[{'pst': (63, 16), 'tst': 4}, {'pst': (38, 3), 'tst': 3}, {'pst': (81, 6), 'tst': 2}, {'pst': (82, 6), 'tst': 2}, {'pst': (78, 8), 'tst': 1}, {'pst': (20, 8), 'tst': 1}, {'pst': (83, 11), 'tst': 0}, {'pst': (72, 18), 'tst': 0}]",0.5995571728742716,8.17015841909731
87,0,"{'text': 'If you want to legalize drugs, then you should also legalize prostitution.'}","[0, 1, 2, 3, 4, 5, 6, 7, 8, 9, 10, 11, 12, 13, 14, 15, 16, 17, 18, 19]","[{'pst': (57, 4), 'tst': 6}, {'pst': (82, 0), 'tst': 4}, {'pst': (84, 0), 'tst': 2}, {'pst': (60, 13), 'tst': 2}, {'pst': (84, 10), 'tst': 1}, {'pst': (48, 1), 'tst': 1}, {'pst': (86, 0), 'tst': 0}, {'pst': (83, 11), 'tst': 0}]",0.6047058409186988,7.655464995846279
87,1,,"[0, 1, 2, 3, 4, 5, 6, 7, 8, 9, 10, 11, 12, 13, 14, 15, 16, 17, 18, 19]","[{'pst': (82, 18), 'tst': 4}, {'pst': (82, 12), 'tst': 4}, {'pst': (81, 9), 'tst': 3}, {'pst': (78, 8), 'tst': 2}, {'pst': (85, 9), 'tst': 1}, {'pst': (40, 0), 'tst': 1}, {'pst': (38, 3), 'tst': 0}, {'pst': (82, 6), 'tst': 0}]",0.6165156384342474,8.344182497909522
87,2,,"[0, 1, 2, 3, 4, 5, 6, 7, 8, 9, 10, 11, 12, 13, 14, 15, 16, 17, 18, 19]","[{'pst': (60, 8), 'tst': 4}, {'pst': (83, 2), 'tst': 3}, {'pst': (83, 11), 'tst': 3}, {'pst': (84, 2), 'tst': 2}, {'pst': (55, 16), 'tst': 2}, {'pst': (85, 2), 'tst': 1}, {'pst': (84, 10), 'tst': 0}, {'pst': (74, 18), 'tst': 0}]",0.6165156384342474,8.344182497909522
87,3,"{'text': 'If you want to legalize drugs, then you should also legalize prostitution.'}","[0, 1, 2, 3, 4, 5, 6, 7, 8, 9, 10, 11, 12, 13, 14, 15, 16, 17, 18, 19]","[{'pst': (72, 11), 'tst': 5}, {'pst': (81, 5), 'tst': 4}, {'pst': (83, 3), 'tst': 3}, {'pst': (84, 3), 'tst': 2}, {'pst': (85, 3), 'tst': 1}, {'pst': (67, 8), 'tst': 1}, {'pst': (82, 12), 'tst': 0}, {'pst': (82, 0), 'tst': 0}]",0.6165156384342474,8.344182497909522
87,4,,"[0, 1, 2, 3, 4, 5, 6, 7, 8, 9, 10, 11, 12, 13, 14, 15, 16, 17, 18, 19]","[{'pst': (77, 13), 'tst': 6}, {'pst': (78, 11), 'tst': 5}, {'pst': (40, 0), 'tst': 5}, {'pst': (82, 2), 'tst': 3}, {'pst': (84, 4), 'tst': 2}, {'pst': (71, 7), 'tst': 1}, {'pst': (80, 7), 'tst': 0}, {'pst': (84, 0), 'tst': 0}]",0.6165156384342474,8.344182497909522
87,5,,"[0, 1, 2, 3, 4, 5, 6, 7, 8, 9, 10, 11, 12, 13, 14, 15, 16, 17, 18, 19]","[{'pst': (78, 7), 'tst': 8}, {'pst': (20, 8), 'tst': 7}, {'pst': (52, 10), 'tst': 6}, {'pst': (60, 8), 'tst': 6}, {'pst': (81, 9), 'tst': 1}, {'pst': (84, 0), 'tst': 1}, {'pst': (62, 9), 'tst': 0}, {'pst': (48, 1), 'tst': 0}]",0.5816522072392635,7.3429392208289705
87,6,,"[0, 1, 2, 3, 4, 5, 6, 7, 8, 9, 10, 11, 12, 13, 14, 15, 16, 17, 18, 19]","[{'pst': (67, 8), 'tst': 7}, {'pst': (82, 6), 'tst': 4}, {'pst': (82, 2), 'tst': 4}, {'pst': (84, 4), 'tst': 2}, {'pst': (77, 13), 'tst': 1}, {'pst': (82, 18), 'tst': 1}, {'pst': (86, 6), 'tst': 0}, {'pst': (72, 18), 'tst': 0}]",0.5197382579137843,6.541274105146675
87,7,,"[0, 1, 2, 3, 4, 5, 6, 7, 8, 9, 10, 11, 12, 13, 14, 15, 16, 17, 18, 19]","[{'pst': (71, 7), 'tst': 8}, {'pst': (53, 18), 'tst': 4}, {'pst': (82, 0), 'tst': 4}, {'pst': (80, 7), 'tst': 3}, {'pst': (81, 10), 'tst': 3}, {'pst': (85, 12), 'tst': 1}, {'pst': (78, 8), 'tst': 0}, {'pst': (75, 6), 'tst': 0}]",0.5942386631469825,7.625391679214867
87,8,,"[0, 1, 2, 3, 4, 5, 6, 7, 8, 9, 10, 11, 12, 13, 14, 15, 16, 17, 18, 19]","[{'pst': (80, 7), 'tst': 5}, {'pst': (78, 18), 'tst': 4}, {'pst': (65, 4), 'tst': 4}, {'pst': (49, 3), 'tst': 3}, {'pst': (85, 9), 'tst': 1}, {'pst': (81, 5), 'tst': 1}, {'pst': (86, 8), 'tst': 0}, {'pst': (46, 5), 'tst': 0}]",0.6165156384342474,8.344182497909522
87,9,,"[0, 1, 2, 3, 4, 5, 6, 7, 8, 9, 10, 11, 12, 13, 14, 15, 16, 17, 18, 19]","[{'pst': (63, 7), 'tst': 4}, {'pst': (53, 8), 'tst': 4}, {'pst': (56, 1), 'tst': 3}, {'pst': (84, 9), 'tst': 2}, {'pst': (85, 9), 'tst': 1}, {'pst': (83, 3), 'tst': 1}, {'pst': (57, 4), 'tst': 0}, {'pst': (86, 17), 'tst': 0}]",0.5953574210826224,7.508224449897318
87,10,,"[0, 1, 2, 3, 4, 5, 6, 7, 8, 9, 10, 11, 12, 13, 14, 15, 16, 17, 18, 19]","[{'pst': (71, 7), 'tst': 4}, {'pst': (82, 18), 'tst': 3}, {'pst': (82, 0), 'tst': 3}, {'pst': (84, 10), 'tst': 2}, {'pst': (72, 3), 'tst': 2}, {'pst': (80, 0), 'tst': 1}, {'pst': (86, 10), 'tst': 0}, {'pst': (85, 3), 'tst': 0}]",0.6165156384342474,8.344182497909522
87,11,,"[0, 1, 2, 3, 4, 5, 6, 7, 8, 9, 10, 11, 12, 13, 14, 15, 16, 17, 18, 19]","[{'pst': (65, 4), 'tst': 5}, {'pst': (83, 11), 'tst': 3}, {'pst': (70, 17), 'tst': 2}, {'pst': (48, 11), 'tst': 2}, {'pst': (80, 7), 'tst': 1}, {'pst': (71, 7), 'tst': 1}, {'pst': (75, 6), 'tst': 0}, {'pst': (82, 12), 'tst': 0}]",0.6165156384342474,8.344182497909522
87,12,,"[0, 1, 2, 3, 4, 5, 6, 7, 8, 9, 10, 11, 12, 13, 14, 15, 16, 17, 18, 19]","[{'pst': (82, 12), 'tst': 4}, {'pst': (55, 17), 'tst': 4}, {'pst': (63, 7), 'tst': 3}, {'pst': (60, 16), 'tst': 3}, {'pst': (62, 7), 'tst': 2}, {'pst': (85, 12), 'tst': 1}, {'pst': (77, 4), 'tst': 0}, {'pst': (82, 6), 'tst': 0}]",0.6165156384342474,8.344182497909522
87,13,,"[0, 1, 2, 3, 4, 5, 6, 7, 8, 9, 10, 11, 12, 13, 14, 15, 16, 17, 18, 19]","[{'pst': (62, 9), 'tst': 4}, {'pst': (75, 6), 'tst': 4}, {'pst': (52, 16), 'tst': 3}, {'pst': (70, 17), 'tst': 2}, {'pst': (83, 11), 'tst': 2}, {'pst': (57, 4), 'tst': 1}, {'pst': (84, 9), 'tst': 1}, {'pst': (60, 9), 'tst': 0}]",0.5935817745966367,7.62185488736539
87,14,,"[0, 1, 2, 3, 4, 5, 6, 7, 8, 9, 10, 11, 12, 13, 14, 15, 16, 17, 18, 19]","[{'pst': (60, 9), 'tst': 5}, {'pst': (80, 0), 'tst': 5}, {'pst': (72, 3), 'tst': 4}, {'pst': (67, 13), 'tst': 3}, {'pst': (55, 17), 'tst': 2}, {'pst': (84, 4), 'tst': 1}, {'pst': (65, 4), 'tst': 1}, {'pst': (81, 6), 'tst': 0}]",0.6165156384342474,8.344182497909522
87,15,,"[0, 1, 2, 3, 4, 5, 6, 7, 8, 9, 10, 11, 12, 13, 14, 15, 16, 17, 18, 19]","[{'pst': (77, 5), 'tst': 4}, {'pst': (72, 11), 'tst': 4}, {'pst': (83, 15), 'tst': 3}, {'pst': (78, 18), 'tst': 2}, {'pst': (60, 8), 'tst': 2}, {'pst': (60, 16), 'tst': 1}, {'pst': (20, 8), 'tst': 1}, {'pst': (53, 8), 'tst': 0}]",0.6030824493319097,8.090897133224482
87,16,,"[0, 1, 2, 3, 4, 5, 6, 7, 8, 9, 10, 11, 12, 13, 14, 15, 16, 17, 18, 19]","[{'pst': (74, 18), 'tst': 4}, {'pst': (77, 4), 'tst': 3}, {'pst': (65, 4), 'tst': 2}, {'pst': (80, 0), 'tst': 2}, {'pst': (49, 3), 'tst': 1}, {'pst': (38, 3), 'tst': 1}, {'pst': (84, 0), 'tst': 0}, {'pst': (82, 6), 'tst': 0}]",0.6165156384342474,8.344182497909522
87,17,,"[0, 1, 2, 3, 4, 5, 6, 7, 8, 9, 10, 11, 12, 13, 14, 15, 16, 17, 18, 19]","[{'pst': (71, 12), 'tst': 6}, {'pst': (78, 11), 'tst': 4}, {'pst': (72, 11), 'tst': 3}, {'pst': (52, 10), 'tst': 2}, {'pst': (85, 17), 'tst': 1}, {'pst': (43, 19), 'tst': 1}, {'pst': (86, 17), 'tst': 0}, {'pst': (63, 16), 'tst': 0}]",0.6165156384342474,8.344182497909522
87,18,,"[0, 1, 2, 3, 4, 5, 6, 7, 8, 9, 10, 11, 12, 13, 14, 15, 16, 17, 18, 19]","[{'pst': (82, 18), 'tst': 4}, {'pst': (60, 9), 'tst': 3}, {'pst': (67, 13), 'tst': 3}, {'pst': (61, 10), 'tst': 2}, {'pst': (63, 16), 'tst': 1}, {'pst': (52, 10), 'tst': 1}, {'pst': (78, 11), 'tst': 0}, {'pst': (71, 7), 'tst': 0}]",0.6165156384342474,8.344182497909522
87,19,,"[0, 1, 2, 3, 4, 5, 6, 7, 8, 9, 10, 11, 12, 13, 14, 15, 16, 17, 18, 19]","[{'pst': (63, 16), 'tst': 5}, {'pst': (82, 6), 'tst': 3}, {'pst': (78, 8), 'tst': 2}, {'pst': (20, 8), 'tst': 2}, {'pst': (83, 11), 'tst': 1}, {'pst': (72, 18), 'tst': 1}, {'pst': (85, 9), 'tst': 0}, {'pst': (48, 1), 'tst': 0}]",0.5757222016178007,7.483309630623797
88,0,,"[0, 1, 2, 3, 4, 5, 6, 7, 8, 9, 10, 11, 12, 13, 14, 15, 16, 17, 18, 19]","[{'pst': (82, 0), 'tst': 5}, {'pst': (60, 13), 'tst': 3}, {'pst': (84, 10), 'tst': 2}, {'pst': (48, 1), 'tst': 2}, {'pst': (86, 0), 'tst': 1}, {'pst': (83, 11), 'tst': 1}, {'pst': (87, 0), 'tst': 0}, {'pst': (70, 17), 'tst': 0}]",0.5964324883889096,7.633865942322917
88,1,"{'text': 'If you want to legalize drugs, then you should also legalize prostitution.'}","[0, 1, 2, 3, 4, 5, 6, 7, 8, 9, 10, 11, 12, 13, 14, 15, 16, 17, 18, 19]","[{'pst': (82, 18), 'tst': 5}, {'pst': (82, 12), 'tst': 5}, {'pst': (81, 9), 'tst': 4}, {'pst': (40, 0), 'tst': 2}, {'pst': (38, 3), 'tst': 1}, {'pst': (82, 6), 'tst': 1}, {'pst': (78, 11), 'tst': 0}, {'pst': (84, 4), 'tst': 0}]",0.6165156384342474,8.344182497909522
88,2,,"[0, 1, 2, 3, 4, 5, 6, 7, 8, 9, 10, 11, 12, 13, 14, 15, 16, 17, 18, 19]","[{'pst': (60, 8), 'tst': 5}, {'pst': (83, 2), 'tst': 4}, {'pst': (84, 2), 'tst': 3}, {'pst': (55, 16), 'tst': 3}, {'pst': (85, 2), 'tst': 2}, {'pst': (84, 10), 'tst': 1}, {'pst': (74, 18), 'tst': 1}, {'pst': (43, 19), 'tst': 0}]",0.6165156384342474,8.344182497909522
88,3,,"[0, 1, 2, 3, 4, 5, 6, 7, 8, 9, 10, 11, 12, 13, 14, 15, 16, 17, 18, 19]","[{'pst': (72, 11), 'tst': 6}, {'pst': (84, 3), 'tst': 3}, {'pst': (85, 3), 'tst': 2}, {'pst': (67, 8), 'tst': 2}, {'pst': (82, 12), 'tst': 1}, {'pst': (82, 0), 'tst': 1}, {'pst': (87, 3), 'tst': 0}, {'pst': (78, 8), 'tst': 0}]",0.6165156384342474,8.344182497909522
88,4,"{'text': 'If you want to legalize drugs, then you should also legalize prostitution.'}","[0, 1, 2, 3, 4, 5, 6, 7, 8, 9, 10, 11, 12, 13, 14, 15, 16, 17, 18, 19]","[{'pst': (77, 13), 'tst': 7}, {'pst': (40, 0), 'tst': 6}, {'pst': (82, 2), 'tst': 4}, {'pst': (84, 4), 'tst': 3}, {'pst': (71, 7), 'tst': 2}, {'pst': (80, 7), 'tst': 1}, {'pst': (84, 0), 'tst': 1}, {'pst': (85, 9), 'tst': 0}]",0.6165156384342474,8.344182497909522
88,5,,"[0, 1, 2, 3, 4, 5, 6, 7, 8, 9, 10, 11, 12, 13, 14, 15, 16, 17, 18, 19]","[{'pst': (20, 8), 'tst': 8}, {'pst': (52, 10), 'tst': 7}, {'pst': (81, 9), 'tst': 2}, {'pst': (84, 0), 'tst': 2}, {'pst': (62, 9), 'tst': 1}, {'pst': (48, 1), 'tst': 1}, {'pst': (86, 8), 'tst': 0}, {'pst': (72, 11), 'tst': 0}]",0.5849829369250511,7.329964963500791
88,6,,"[0, 1, 2, 3, 4, 5, 6, 7, 8, 9, 10, 11, 12, 13, 14, 15, 16, 17, 18, 19]","[{'pst': (67, 8), 'tst': 8}, {'pst': (84, 4), 'tst': 3}, {'pst': (77, 13), 'tst': 2}, {'pst': (82, 18), 'tst': 2}, {'pst': (86, 6), 'tst': 1}, {'pst': (72, 18), 'tst': 1}, {'pst': (62, 7), 'tst': 0}, {'pst': (71, 12), 'tst': 0}]",0.5261791100666078,6.627226733645026
88,7,,"[0, 1, 2, 3, 4, 5, 6, 7, 8, 9, 10, 11, 12, 13, 14, 15, 16, 17, 18, 19]","[{'pst': (71, 7), 'tst': 9}, {'pst': (82, 0), 'tst': 5}, {'pst': (81, 10), 'tst': 4}, {'pst': (85, 12), 'tst': 2}, {'pst': (78, 8), 'tst': 1}, {'pst': (75, 6), 'tst': 1}, {'pst': (77, 4), 'tst': 0}, {'pst': (60, 13), 'tst': 0}]",0.5994139301602949,7.6378727009057314
88,8,,"[0, 1, 2, 3, 4, 5, 6, 7, 8, 9, 10, 11, 12, 13, 14, 15, 16, 17, 18, 19]","[{'pst': (78, 18), 'tst': 5}, {'pst': (49, 3), 'tst': 4}, {'pst': (85, 9), 'tst': 2}, {'pst': (81, 5), 'tst': 2}, {'pst': (86, 8), 'tst': 1}, {'pst': (46, 5), 'tst': 1}, {'pst': (72, 18), 'tst': 0}, {'pst': (48, 11), 'tst': 0}]",0.6165156384342474,8.344182497909522
88,9,,"[0, 1, 2, 3, 4, 5, 6, 7, 8, 9, 10, 11, 12, 13, 14, 15, 16, 17, 18, 19]","[{'pst': (63, 7), 'tst': 5}, {'pst': (84, 9), 'tst': 3}, {'pst': (85, 9), 'tst': 2}, {'pst': (83, 3), 'tst': 2}, {'pst': (57, 4), 'tst': 1}, {'pst': (86, 17), 'tst': 1}, {'pst': (55, 17), 'tst': 0}, {'pst': (83, 2), 'tst': 0}]",0.5942386631469825,7.625391679214867
88,10,,"[0, 1, 2, 3, 4, 5, 6, 7, 8, 9, 10, 11, 12, 13, 14, 15, 16, 17, 18, 19]","[{'pst': (82, 18), 'tst': 4}, {'pst': (82, 0), 'tst': 4}, {'pst': (72, 3), 'tst': 3}, {'pst': (80, 0), 'tst': 2}, {'pst': (86, 10), 'tst': 1}, {'pst': (85, 3), 'tst': 1}, {'pst': (83, 15), 'tst': 0}, {'pst': (85, 2), 'tst': 0}]",0.6165156384342474,8.344182497909522
88,11,,"[0, 1, 2, 3, 4, 5, 6, 7, 8, 9, 10, 11, 12, 13, 14, 15, 16, 17, 18, 19]","[{'pst': (83, 11), 'tst': 4}, {'pst': (48, 11), 'tst': 3}, {'pst': (80, 7), 'tst': 2}, {'pst': (71, 7), 'tst': 2}, {'pst': (75, 6), 'tst': 1}, {'pst': (82, 12), 'tst': 1}, {'pst': (84, 9), 'tst': 0}, {'pst': (82, 6), 'tst': 0}]",0.6165156384342474,8.344182497909522
88,12,,"[0, 1, 2, 3, 4, 5, 6, 7, 8, 9, 10, 11, 12, 13, 14, 15, 16, 17, 18, 19]","[{'pst': (55, 17), 'tst': 5}, {'pst': (63, 7), 'tst': 4}, {'pst': (60, 16), 'tst': 4}, {'pst': (85, 12), 'tst': 2}, {'pst': (77, 4), 'tst': 1}, {'pst': (82, 6), 'tst': 1}, {'pst': (62, 9), 'tst': 0}, {'pst': (75, 6), 'tst': 0}]",0.6165156384342474,8.344182497909522
88,13,,"[0, 1, 2, 3, 4, 5, 6, 7, 8, 9, 10, 11, 12, 13, 14, 15, 16, 17, 18, 19]","[{'pst': (75, 6), 'tst': 5}, {'pst': (70, 17), 'tst': 3}, {'pst': (83, 11), 'tst': 3}, {'pst': (57, 4), 'tst': 2}, {'pst': (84, 9), 'tst': 2}, {'pst': (60, 9), 'tst': 1}, {'pst': (72, 18), 'tst': 0}, {'pst': (71, 12), 'tst': 0}]",0.5964324883889096,7.633865942322917
88,14,,"[0, 1, 2, 3, 4, 5, 6, 7, 8, 9, 10, 11, 12, 13, 14, 15, 16, 17, 18, 19]","[{'pst': (72, 3), 'tst': 5}, {'pst': (67, 13), 'tst': 4}, {'pst': (55, 17), 'tst': 3}, {'pst': (84, 4), 'tst': 2}, {'pst': (65, 4), 'tst': 2}, {'pst': (81, 6), 'tst': 1}, {'pst': (63, 7), 'tst': 0}, {'pst': (82, 18), 'tst': 0}]",0.6165156384342474,8.344182497909522
88,15,,"[0, 1, 2, 3, 4, 5, 6, 7, 8, 9, 10, 11, 12, 13, 14, 15, 16, 17, 18, 19]","[{'pst': (72, 11), 'tst': 5}, {'pst': (83, 15), 'tst': 4}, {'pst': (60, 8), 'tst': 3}, {'pst': (60, 16), 'tst': 2}, {'pst': (20, 8), 'tst': 2}, {'pst': (53, 8), 'tst': 1}, {'pst': (49, 3), 'tst': 0}, {'pst': (84, 9), 'tst': 0}]",0.5992353165332608,8.141999156069968
88,16,"{'text': 'If you want to legalize drugs, then you should also legalize prostitution.'}","[0, 1, 2, 3, 4, 5, 6, 7, 8, 9, 10, 11, 12, 13, 14, 15, 16, 17, 18, 19]","[{'pst': (77, 4), 'tst': 4}, {'pst': (80, 0), 'tst': 3}, {'pst': (49, 3), 'tst': 2}, {'pst': (38, 3), 'tst': 2}, {'pst': (84, 0), 'tst': 1}, {'pst': (82, 6), 'tst': 1}, {'pst': (84, 4), 'tst': 0}, {'pst': (48, 1), 'tst': 0}]",0.5869730431339416,7.4467967542349776
88,17,,"[0, 1, 2, 3, 4, 5, 6, 7, 8, 9, 10, 11, 12, 13, 14, 15, 16, 17, 18, 19]","[{'pst': (78, 11), 'tst': 5}, {'pst': (52, 10), 'tst': 3}, {'pst': (85, 17), 'tst': 2}, {'pst': (43, 19), 'tst': 2}, {'pst': (86, 17), 'tst': 1}, {'pst': (63, 16), 'tst': 1}, {'pst': (77, 13), 'tst': 0}, {'pst': (74, 18), 'tst': 0}]",0.6165156384342474,8.344182497909522
88,18,,"[0, 1, 2, 3, 4, 5, 6, 7, 8, 9, 10, 11, 12, 13, 14, 15, 16, 17, 18, 19]","[{'pst': (60, 9), 'tst': 4}, {'pst': (67, 13), 'tst': 4}, {'pst': (61, 10), 'tst': 3}, {'pst': (63, 16), 'tst': 2}, {'pst': (78, 11), 'tst': 1}, {'pst': (71, 7), 'tst': 1}, {'pst': (85, 9), 'tst': 0}, {'pst': (85, 12), 'tst': 0}]",0.6165156384342474,8.344182497909522
88,19,,"[0, 1, 2, 3, 4, 5, 6, 7, 8, 9, 10, 11, 12, 13, 14, 15, 16, 17, 18, 19]","[{'pst': (82, 6), 'tst': 4}, {'pst': (78, 8), 'tst': 3}, {'pst': (20, 8), 'tst': 3}, {'pst': (83, 11), 'tst': 2}, {'pst': (72, 18), 'tst': 2}, {'pst': (85, 9), 'tst': 1}, {'pst': (48, 1), 'tst': 1}, {'pst': (86, 8), 'tst': 0}]",0.5864419462693689,7.392058763690088
89,0,{'text': 'I more or less agree with what my peers are saying here.'},"[0, 1, 2, 3, 4, 5, 6, 7, 8, 9, 10, 11, 12, 13, 14, 15, 16, 17, 18, 19]","[{'pst': (84, 10), 'tst': 3}, {'pst': (48, 1), 'tst': 3}, {'pst': (86, 0), 'tst': 2}, {'pst': (83, 11), 'tst': 2}, {'pst': (87, 0), 'tst': 1}, {'pst': (70, 17), 'tst': 1}, {'pst': (46, 5), 'tst': 0}, {'pst': (82, 0), 'tst': 0}]",0.6034397657486131,7.7033096325632755
89,1,"{'text': 'If you want to legalize drugs, then you should also legalize prostitution.'}","[0, 1, 2, 3, 4, 5, 6, 7, 8, 9, 10, 11, 12, 13, 14, 15, 16, 17, 18, 19]","[{'pst': (82, 18), 'tst': 6}, {'pst': (81, 9), 'tst': 5}, {'pst': (38, 3), 'tst': 2}, {'pst': (82, 6), 'tst': 2}, {'pst': (78, 11), 'tst': 1}, {'pst': (84, 4), 'tst': 1}, {'pst': (88, 1), 'tst': 0}, {'pst': (88, 16), 'tst': 0}]",0.6165156384342474,8.344182497909522
89,2,,"[0, 1, 2, 3, 4, 5, 6, 7, 8, 9, 10, 11, 12, 13, 14, 15, 16, 17, 18, 19]","[{'pst': (60, 8), 'tst': 6}, {'pst': (83, 2), 'tst': 5}, {'pst': (55, 16), 'tst': 4}, {'pst': (84, 10), 'tst': 2}, {'pst': (74, 18), 'tst': 2}, {'pst': (43, 19), 'tst': 1}, {'pst': (60, 16), 'tst': 0}, {'pst': (40, 0), 'tst': 0}]",0.6165156384342474,8.344182497909522
89,3,,"[0, 1, 2, 3, 4, 5, 6, 7, 8, 9, 10, 11, 12, 13, 14, 15, 16, 17, 18, 19]","[{'pst': (72, 11), 'tst': 7}, {'pst': (85, 3), 'tst': 3}, {'pst': (67, 8), 'tst': 3}, {'pst': (82, 12), 'tst': 2}, {'pst': (82, 0), 'tst': 2}, {'pst': (87, 3), 'tst': 1}, {'pst': (78, 8), 'tst': 1}, {'pst': (84, 2), 'tst': 0}]",0.6165156384342474,8.344182497909522
89,4,,"[0, 1, 2, 3, 4, 5, 6, 7, 8, 9, 10, 11, 12, 13, 14, 15, 16, 17, 18, 19]","[{'pst': (77, 13), 'tst': 8}, {'pst': (40, 0), 'tst': 7}, {'pst': (82, 2), 'tst': 5}, {'pst': (84, 4), 'tst': 4}, {'pst': (80, 7), 'tst': 2}, {'pst': (84, 0), 'tst': 2}, {'pst': (85, 9), 'tst': 1}, {'pst': (88, 4), 'tst': 0}]",0.6165156384342474,8.344182497909522
89,5,"{'text': 'If you want to legalize drugs, then you should also legalize prostitution.'}","[0, 1, 2, 3, 4, 5, 6, 7, 8, 9, 10, 11, 12, 13, 14, 15, 16, 17, 18, 19]","[{'pst': (52, 10), 'tst': 8}, {'pst': (84, 0), 'tst': 3}, {'pst': (62, 9), 'tst': 2}, {'pst': (48, 1), 'tst': 2}, {'pst': (86, 8), 'tst': 1}, {'pst': (72, 11), 'tst': 1}, {'pst': (83, 15), 'tst': 0}, {'pst': (55, 16), 'tst': 0}]",0.5964324883889096,7.633865942322917
89,6,,"[0, 1, 2, 3, 4, 5, 6, 7, 8, 9, 10, 11, 12, 13, 14, 15, 16, 17, 18, 19]","[{'pst': (77, 13), 'tst': 3}, {'pst': (82, 18), 'tst': 3}, {'pst': (86, 6), 'tst': 2}, {'pst': (72, 18), 'tst': 2}, {'pst': (62, 7), 'tst': 1}, {'pst': (71, 12), 'tst': 1}, {'pst': (84, 2), 'tst': 0}, {'pst': (46, 5), 'tst': 0}]",0.5368542988154407,6.724980979385791
89,7,,"[0, 1, 2, 3, 4, 5, 6, 7, 8, 9, 10, 11, 12, 13, 14, 15, 16, 17, 18, 19]","[{'pst': (71, 7), 'tst': 10}, {'pst': (81, 10), 'tst': 5}, {'pst': (85, 12), 'tst': 3}, {'pst': (78, 8), 'tst': 2}, {'pst': (75, 6), 'tst': 2}, {'pst': (77, 4), 'tst': 1}, {'pst': (60, 13), 'tst': 1}, {'pst': (55, 17), 'tst': 0}]",0.6034397657486131,7.7033096325632755
89,8,,"[0, 1, 2, 3, 4, 5, 6, 7, 8, 9, 10, 11, 12, 13, 14, 15, 16, 17, 18, 19]","[{'pst': (49, 3), 'tst': 5}, {'pst': (85, 9), 'tst': 3}, {'pst': (81, 5), 'tst': 3}, {'pst': (86, 8), 'tst': 2}, {'pst': (46, 5), 'tst': 2}, {'pst': (72, 18), 'tst': 1}, {'pst': (48, 11), 'tst': 1}, {'pst': (84, 10), 'tst': 0}]",0.6165156384342474,8.344182497909522
89,9,"{'text': 'If you want to legalize drugs, then you should also legalize prostitution.'}","[0, 1, 2, 3, 4, 5, 6, 7, 8, 9, 10, 11, 12, 13, 14, 15, 16, 17, 18, 19]","[{'pst': (63, 7), 'tst': 6}, {'pst': (84, 9), 'tst': 4}, {'pst': (83, 3), 'tst': 3}, {'pst': (86, 17), 'tst': 2}, {'pst': (55, 17), 'tst': 1}, {'pst': (83, 2), 'tst': 1}, {'pst': (60, 16), 'tst': 0}, {'pst': (86, 0), 'tst': 0}]",0.6165156384342474,8.344182497909522
89,10,,"[0, 1, 2, 3, 4, 5, 6, 7, 8, 9, 10, 11, 12, 13, 14, 15, 16, 17, 18, 19]","[{'pst': (82, 0), 'tst': 5}, {'pst': (80, 0), 'tst': 3}, {'pst': (86, 10), 'tst': 2}, {'pst': (85, 3), 'tst': 2}, {'pst': (83, 15), 'tst': 1}, {'pst': (85, 2), 'tst': 1}, {'pst': (87, 3), 'tst': 0}, {'pst': (46, 5), 'tst': 0}]",0.6165156384342474,8.344182497909522
89,11,,"[0, 1, 2, 3, 4, 5, 6, 7, 8, 9, 10, 11, 12, 13, 14, 15, 16, 17, 18, 19]","[{'pst': (83, 11), 'tst': 5}, {'pst': (80, 7), 'tst': 3}, {'pst': (71, 7), 'tst': 3}, {'pst': (82, 12), 'tst': 2}, {'pst': (84, 9), 'tst': 1}, {'pst': (82, 6), 'tst': 1}, {'pst': (63, 16), 'tst': 0}, {'pst': (85, 12), 'tst': 0}]",0.6165156384342474,8.344182497909522
89,12,,"[0, 1, 2, 3, 4, 5, 6, 7, 8, 9, 10, 11, 12, 13, 14, 15, 16, 17, 18, 19]","[{'pst': (60, 16), 'tst': 5}, {'pst': (85, 12), 'tst': 3}, {'pst': (77, 4), 'tst': 2}, {'pst': (82, 6), 'tst': 2}, {'pst': (62, 9), 'tst': 1}, {'pst': (75, 6), 'tst': 1}, {'pst': (49, 3), 'tst': 0}, {'pst': (87, 0), 'tst': 0}]",0.6165156384342474,8.344182497909522
89,13,,"[0, 1, 2, 3, 4, 5, 6, 7, 8, 9, 10, 11, 12, 13, 14, 15, 16, 17, 18, 19]","[{'pst': (70, 17), 'tst': 4}, {'pst': (83, 11), 'tst': 4}, {'pst': (57, 4), 'tst': 3}, {'pst': (84, 9), 'tst': 3}, {'pst': (60, 9), 'tst': 2}, {'pst': (72, 18), 'tst': 1}, {'pst': (71, 12), 'tst': 1}, {'pst': (82, 6), 'tst': 0}]",0.5994139301602949,7.6378727009057314
89,14,,"[0, 1, 2, 3, 4, 5, 6, 7, 8, 9, 10, 11, 12, 13, 14, 15, 16, 17, 18, 19]","[{'pst': (55, 17), 'tst': 4}, {'pst': (84, 4), 'tst': 3}, {'pst': (65, 4), 'tst': 3}, {'pst': (81, 6), 'tst': 2}, {'pst': (63, 7), 'tst': 1}, {'pst': (82, 18), 'tst': 1}, {'pst': (38, 3), 'tst': 0}, {'pst': (53, 8), 'tst': 0}]",0.6165156384342474,8.344182497909522
89,15,,"[0, 1, 2, 3, 4, 5, 6, 7, 8, 9, 10, 11, 12, 13, 14, 15, 16, 17, 18, 19]","[{'pst': (72, 11), 'tst': 6}, {'pst': (60, 8), 'tst': 4}, {'pst': (20, 8), 'tst': 3}, {'pst': (53, 8), 'tst': 2}, {'pst': (49, 3), 'tst': 1}, {'pst': (84, 9), 'tst': 1}, {'pst': (52, 10), 'tst': 0}, {'pst': (82, 6), 'tst': 0}]",0.6038078398652693,8.102273919042998
89,16,,"[0, 1, 2, 3, 4, 5, 6, 7, 8, 9, 10, 11, 12, 13, 14, 15, 16, 17, 18, 19]","[{'pst': (80, 0), 'tst': 4}, {'pst': (49, 3), 'tst': 3}, {'pst': (38, 3), 'tst': 3}, {'pst': (84, 0), 'tst': 2}, {'pst': (82, 6), 'tst': 2}, {'pst': (84, 4), 'tst': 1}, {'pst': (48, 1), 'tst': 1}, {'pst': (88, 16), 'tst': 0}]",0.5953574210826224,7.508224449897318
89,17,,"[0, 1, 2, 3, 4, 5, 6, 7, 8, 9, 10, 11, 12, 13, 14, 15, 16, 17, 18, 19]","[{'pst': (52, 10), 'tst': 4}, {'pst': (43, 19), 'tst': 3}, {'pst': (86, 17), 'tst': 2}, {'pst': (63, 16), 'tst': 2}, {'pst': (77, 13), 'tst': 1}, {'pst': (74, 18), 'tst': 1}, {'pst': (60, 9), 'tst': 0}, {'pst': (71, 12), 'tst': 0}]",0.6165156384342474,8.344182497909522
89,18,"{'text': 'If you want to legalize drugs, then you should also legalize prostitution.'}","[0, 1, 2, 3, 4, 5, 6, 7, 8, 9, 10, 11, 12, 13, 14, 15, 16, 17, 18, 19]","[{'pst': (60, 9), 'tst': 5}, {'pst': (61, 10), 'tst': 4}, {'pst': (63, 16), 'tst': 3}, {'pst': (78, 11), 'tst': 2}, {'pst': (71, 7), 'tst': 2}, {'pst': (85, 9), 'tst': 1}, {'pst': (85, 12), 'tst': 1}, {'pst': (81, 5), 'tst': 0}]",0.6165156384342474,8.344182497909522
89,19,"{'text': 'If you want to legalize drugs, then you should also legalize prostitution.'}","[0, 1, 2, 3, 4, 5, 6, 7, 8, 9, 10, 11, 12, 13, 14, 15, 16, 17, 18, 19]","[{'pst': (82, 6), 'tst': 5}, {'pst': (78, 8), 'tst': 4}, {'pst': (20, 8), 'tst': 4}, {'pst': (83, 11), 'tst': 3}, {'pst': (85, 9), 'tst': 2}, {'pst': (48, 1), 'tst': 2}, {'pst': (86, 8), 'tst': 1}, {'pst': (61, 10), 'tst': 0}]",0.5850328602699335,7.503633463320565
90,0,,"[0, 1, 2, 3, 4, 5, 6, 7, 8, 9, 10, 11, 12, 13, 14, 15, 16, 17, 18, 19]","[{'pst': (48, 1), 'tst': 4}, {'pst': (86, 0), 'tst': 3}, {'pst': (83, 11), 'tst': 3}, {'pst': (87, 0), 'tst': 2}, {'pst': (70, 17), 'tst': 2}, {'pst': (46, 5), 'tst': 1}, {'pst': (82, 0), 'tst': 1}, {'pst': (89, 0), 'tst': 0}]",0.6049239039224952,7.463552417289163
90,1,,"[0, 1, 2, 3, 4, 5, 6, 7, 8, 9, 10, 11, 12, 13, 14, 15, 16, 17, 18, 19]","[{'pst': (38, 3), 'tst': 3}, {'pst': (82, 6), 'tst': 3}, {'pst': (78, 11), 'tst': 2}, {'pst': (84, 4), 'tst': 2}, {'pst': (88, 1), 'tst': 1}, {'pst': (88, 16), 'tst': 1}, {'pst': (89, 1), 'tst': 0}, {'pst': (67, 8), 'tst': 0}]",0.6165156384342474,8.344182497909522
90,2,,"[0, 1, 2, 3, 4, 5, 6, 7, 8, 9, 10, 11, 12, 13, 14, 15, 16, 17, 18, 19]","[{'pst': (83, 2), 'tst': 6}, {'pst': (55, 16), 'tst': 5}, {'pst': (84, 10), 'tst': 3}, {'pst': (74, 18), 'tst': 3}, {'pst': (43, 19), 'tst': 2}, {'pst': (60, 16), 'tst': 1}, {'pst': (40, 0), 'tst': 1}, {'pst': (82, 18), 'tst': 0}]",0.6165156384342474,8.344182497909522
90,3,,"[0, 1, 2, 3, 4, 5, 6, 7, 8, 9, 10, 11, 12, 13, 14, 15, 16, 17, 18, 19]","[{'pst': (72, 11), 'tst': 8}, {'pst': (85, 3), 'tst': 4}, {'pst': (82, 12), 'tst': 3}, {'pst': (82, 0), 'tst': 3}, {'pst': (78, 8), 'tst': 2}, {'pst': (84, 2), 'tst': 1}, {'pst': (89, 18), 'tst': 0}, {'pst': (86, 8), 'tst': 0}]",0.6165156384342474,8.344182497909522
90,4,,"[0, 1, 2, 3, 4, 5, 6, 7, 8, 9, 10, 11, 12, 13, 14, 15, 16, 17, 18, 19]","[{'pst': (77, 13), 'tst': 9}, {'pst': (40, 0), 'tst': 8}, {'pst': (80, 7), 'tst': 3}, {'pst': (84, 0), 'tst': 3}, {'pst': (85, 9), 'tst': 2}, {'pst': (88, 4), 'tst': 1}, {'pst': (61, 10), 'tst': 0}, {'pst': (82, 6), 'tst': 0}]",0.6165156384342474,8.344182497909522
90,5,,"[0, 1, 2, 3, 4, 5, 6, 7, 8, 9, 10, 11, 12, 13, 14, 15, 16, 17, 18, 19]","[{'pst': (84, 0), 'tst': 4}, {'pst': (62, 9), 'tst': 3}, {'pst': (48, 1), 'tst': 3}, {'pst': (72, 11), 'tst': 2}, {'pst': (83, 15), 'tst': 1}, {'pst': (55, 16), 'tst': 1}, {'pst': (89, 5), 'tst': 0}, {'pst': (89, 1), 'tst': 0}]",0.5994139301602949,7.6378727009057314
90,6,,"[0, 1, 2, 3, 4, 5, 6, 7, 8, 9, 10, 11, 12, 13, 14, 15, 16, 17, 18, 19]","[{'pst': (82, 18), 'tst': 4}, {'pst': (86, 6), 'tst': 3}, {'pst': (72, 18), 'tst': 3}, {'pst': (62, 7), 'tst': 2}, {'pst': (84, 2), 'tst': 1}, {'pst': (46, 5), 'tst': 1}, {'pst': (60, 8), 'tst': 0}, {'pst': (82, 6), 'tst': 0}]",0.5439009742067954,6.724452343572866
90,7,,"[0, 1, 2, 3, 4, 5, 6, 7, 8, 9, 10, 11, 12, 13, 14, 15, 16, 17, 18, 19]","[{'pst': (81, 10), 'tst': 6}, {'pst': (85, 12), 'tst': 4}, {'pst': (78, 8), 'tst': 3}, {'pst': (75, 6), 'tst': 3}, {'pst': (60, 13), 'tst': 2}, {'pst': (55, 17), 'tst': 1}, {'pst': (60, 8), 'tst': 0}, {'pst': (89, 0), 'tst': 0}]",0.6049239039224952,7.463552417289163
90,8,,"[0, 1, 2, 3, 4, 5, 6, 7, 8, 9, 10, 11, 12, 13, 14, 15, 16, 17, 18, 19]","[{'pst': (49, 3), 'tst': 6}, {'pst': (81, 5), 'tst': 4}, {'pst': (46, 5), 'tst': 3}, {'pst': (72, 18), 'tst': 2}, {'pst': (48, 11), 'tst': 2}, {'pst': (84, 10), 'tst': 1}, {'pst': (89, 9), 'tst': 0}, {'pst': (87, 0), 'tst': 0}]",0.6165156384342474,8.344182497909522
90,9,,"[0, 1, 2, 3, 4, 5, 6, 7, 8, 9, 10, 11, 12, 13, 14, 15, 16, 17, 18, 19]","[{'pst': (63, 7), 'tst': 7}, {'pst': (83, 3), 'tst': 4}, {'pst': (86, 17), 'tst': 3}, {'pst': (55, 17), 'tst': 2}, {'pst': (60, 16), 'tst': 1}, {'pst': (86, 0), 'tst': 1}, {'pst': (89, 9), 'tst': 0}, {'pst': (86, 6), 'tst': 0}]",0.5063286544961123,6.476345072781321
90,10,,"[0, 1, 2, 3, 4, 5, 6, 7, 8, 9, 10, 11, 12, 13, 14, 15, 16, 17, 18, 19]","[{'pst': (80, 0), 'tst': 4}, {'pst': (86, 10), 'tst': 3}, {'pst': (85, 3), 'tst': 3}, {'pst': (85, 2), 'tst': 2}, {'pst': (87, 3), 'tst': 1}, {'pst': (46, 5), 'tst': 1}, {'pst': (89, 19), 'tst': 0}, {'pst': (71, 12), 'tst': 0}]",0.6165156384342474,8.344182497909522
90,11,,"[0, 1, 2, 3, 4, 5, 6, 7, 8, 9, 10, 11, 12, 13, 14, 15, 16, 17, 18, 19]","[{'pst': (80, 7), 'tst': 4}, {'pst': (71, 7), 'tst': 4}, {'pst': (84, 9), 'tst': 2}, {'pst': (82, 6), 'tst': 2}, {'pst': (63, 16), 'tst': 1}, {'pst': (85, 12), 'tst': 1}, {'pst': (46, 5), 'tst': 0}, {'pst': (57, 4), 'tst': 0}]",0.5869730431339416,7.4467967542349776
90,12,,"[0, 1, 2, 3, 4, 5, 6, 7, 8, 9, 10, 11, 12, 13, 14, 15, 16, 17, 18, 19]","[{'pst': (85, 12), 'tst': 4}, {'pst': (77, 4), 'tst': 3}, {'pst': (82, 6), 'tst': 3}, {'pst': (62, 9), 'tst': 2}, {'pst': (75, 6), 'tst': 2}, {'pst': (49, 3), 'tst': 1}, {'pst': (87, 0), 'tst': 1}, {'pst': (40, 0), 'tst': 0}]",0.6165156384342474,8.344182497909522
90,13,"{'text': 'If you want to legalize drugs, then you should also legalize prostitution.'}","[0, 1, 2, 3, 4, 5, 6, 7, 8, 9, 10, 11, 12, 13, 14, 15, 16, 17, 18, 19]","[{'pst': (70, 17), 'tst': 5}, {'pst': (57, 4), 'tst': 4}, {'pst': (84, 9), 'tst': 4}, {'pst': (60, 9), 'tst': 3}, {'pst': (72, 18), 'tst': 2}, {'pst': (71, 12), 'tst': 2}, {'pst': (82, 6), 'tst': 1}, {'pst': (81, 5), 'tst': 0}]",0.6034397657486131,7.7033096325632755
90,14,"{'text': 'If you want to legalize drugs, then you should also legalize prostitution.'}","[0, 1, 2, 3, 4, 5, 6, 7, 8, 9, 10, 11, 12, 13, 14, 15, 16, 17, 18, 19]","[{'pst': (84, 4), 'tst': 4}, {'pst': (81, 6), 'tst': 3}, {'pst': (63, 7), 'tst': 2}, {'pst': (82, 18), 'tst': 2}, {'pst': (38, 3), 'tst': 1}, {'pst': (53, 8), 'tst': 1}, {'pst': (61, 10), 'tst': 0}, {'pst': (83, 15), 'tst': 0}]",0.6165156384342474,8.344182497909522
90,15,,"[0, 1, 2, 3, 4, 5, 6, 7, 8, 9, 10, 11, 12, 13, 14, 15, 16, 17, 18, 19]","[{'pst': (20, 8), 'tst': 4}, {'pst': (53, 8), 'tst': 3}, {'pst': (49, 3), 'tst': 2}, {'pst': (84, 9), 'tst': 2}, {'pst': (52, 10), 'tst': 1}, {'pst': (82, 6), 'tst': 1}, {'pst': (60, 16), 'tst': 0}, {'pst': (89, 0), 'tst': 0}]",0.6044216699869939,7.791162563759782
90,16,,"[0, 1, 2, 3, 4, 5, 6, 7, 8, 9, 10, 11, 12, 13, 14, 15, 16, 17, 18, 19]","[{'pst': (80, 0), 'tst': 5}, {'pst': (49, 3), 'tst': 4}, {'pst': (82, 6), 'tst': 3}, {'pst': (84, 4), 'tst': 2}, {'pst': (48, 1), 'tst': 2}, {'pst': (88, 16), 'tst': 1}, {'pst': (67, 8), 'tst': 0}, {'pst': (84, 9), 'tst': 0}]",0.5942386631469825,7.625391679214867
90,17,,"[0, 1, 2, 3, 4, 5, 6, 7, 8, 9, 10, 11, 12, 13, 14, 15, 16, 17, 18, 19]","[{'pst': (43, 19), 'tst': 4}, {'pst': (86, 17), 'tst': 3}, {'pst': (77, 13), 'tst': 2}, {'pst': (74, 18), 'tst': 2}, {'pst': (60, 9), 'tst': 1}, {'pst': (71, 12), 'tst': 1}, {'pst': (85, 3), 'tst': 0}, {'pst': (20, 8), 'tst': 0}]",0.6055573292923172,8.03143393718483
90,18,,"[0, 1, 2, 3, 4, 5, 6, 7, 8, 9, 10, 11, 12, 13, 14, 15, 16, 17, 18, 19]","[{'pst': (63, 16), 'tst': 4}, {'pst': (78, 11), 'tst': 3}, {'pst': (71, 7), 'tst': 3}, {'pst': (85, 9), 'tst': 2}, {'pst': (85, 12), 'tst': 2}, {'pst': (81, 5), 'tst': 1}, {'pst': (89, 18), 'tst': 0}, {'pst': (43, 19), 'tst': 0}]",0.6165156384342474,8.344182497909522
90,19,,"[0, 1, 2, 3, 4, 5, 6, 7, 8, 9, 10, 11, 12, 13, 14, 15, 16, 17, 18, 19]","[{'pst': (82, 6), 'tst': 6}, {'pst': (78, 8), 'tst': 5}, {'pst': (83, 11), 'tst': 4}, {'pst': (85, 9), 'tst': 3}, {'pst': (48, 1), 'tst': 3}, {'pst': (86, 8), 'tst': 2}, {'pst': (61, 10), 'tst': 1}, {'pst': (89, 19), 'tst': 0}]",0.5942386631469825,7.625391679214867
91,0,,"[0, 1, 2, 3, 4, 5, 6, 7, 8, 9, 10, 11, 12, 13, 14, 15, 16, 17, 18, 19]","[{'pst': (48, 1), 'tst': 5}, {'pst': (83, 11), 'tst': 4}, {'pst': (70, 17), 'tst': 3}, {'pst': (46, 5), 'tst': 2}, {'pst': (82, 0), 'tst': 2}, {'pst': (89, 0), 'tst': 1}, {'pst': (43, 19), 'tst': 0}, {'pst': (83, 2), 'tst': 0}]",0.6025142240965341,6.614658358410206
91,1,,"[0, 1, 2, 3, 4, 5, 6, 7, 8, 9, 10, 11, 12, 13, 14, 15, 16, 17, 18, 19]","[{'pst': (82, 6), 'tst': 4}, {'pst': (78, 11), 'tst': 3}, {'pst': (84, 4), 'tst': 3}, {'pst': (88, 1), 'tst': 2}, {'pst': (89, 1), 'tst': 1}, {'pst': (67, 8), 'tst': 1}, {'pst': (84, 9), 'tst': 0}, {'pst': (86, 0), 'tst': 0}]",0.6165156384342474,8.344182497909522
91,2,"{'text': 'If you want to legalize drugs, then you should also legalize prostitution.'}","[0, 1, 2, 3, 4, 5, 6, 7, 8, 9, 10, 11, 12, 13, 14, 15, 16, 17, 18, 19]","[{'pst': (83, 2), 'tst': 7}, {'pst': (55, 16), 'tst': 6}, {'pst': (43, 19), 'tst': 3}, {'pst': (60, 16), 'tst': 2}, {'pst': (40, 0), 'tst': 2}, {'pst': (82, 18), 'tst': 1}, {'pst': (86, 10), 'tst': 0}, {'pst': (75, 6), 'tst': 0}]",0.6165156384342474,8.344182497909522
91,3,,"[0, 1, 2, 3, 4, 5, 6, 7, 8, 9, 10, 11, 12, 13, 14, 15, 16, 17, 18, 19]","[{'pst': (72, 11), 'tst': 9}, {'pst': (82, 12), 'tst': 4}, {'pst': (78, 8), 'tst': 3}, {'pst': (84, 2), 'tst': 2}, {'pst': (89, 18), 'tst': 1}, {'pst': (86, 8), 'tst': 1}, {'pst': (67, 8), 'tst': 0}, {'pst': (89, 0), 'tst': 0}]",0.6158828132845511,8.28634373160585
91,4,,"[0, 1, 2, 3, 4, 5, 6, 7, 8, 9, 10, 11, 12, 13, 14, 15, 16, 17, 18, 19]","[{'pst': (40, 0), 'tst': 9}, {'pst': (80, 7), 'tst': 4}, {'pst': (84, 0), 'tst': 4}, {'pst': (85, 9), 'tst': 3}, {'pst': (88, 4), 'tst': 2}, {'pst': (61, 10), 'tst': 1}, {'pst': (82, 6), 'tst': 1}, {'pst': (63, 7), 'tst': 0}]",0.6165156384342474,8.344182497909522
91,5,,"[0, 1, 2, 3, 4, 5, 6, 7, 8, 9, 10, 11, 12, 13, 14, 15, 16, 17, 18, 19]","[{'pst': (84, 0), 'tst': 5}, {'pst': (62, 9), 'tst': 4}, {'pst': (48, 1), 'tst': 4}, {'pst': (83, 15), 'tst': 2}, {'pst': (89, 5), 'tst': 1}, {'pst': (89, 1), 'tst': 1}, {'pst': (89, 9), 'tst': 0}, {'pst': (83, 11), 'tst': 0}]",0.5994139301602949,7.6378727009057314
91,6,,"[0, 1, 2, 3, 4, 5, 6, 7, 8, 9, 10, 11, 12, 13, 14, 15, 16, 17, 18, 19]","[{'pst': (86, 6), 'tst': 4}, {'pst': (72, 18), 'tst': 4}, {'pst': (84, 2), 'tst': 2}, {'pst': (46, 5), 'tst': 2}, {'pst': (60, 8), 'tst': 1}, {'pst': (82, 6), 'tst': 1}, {'pst': (81, 5), 'tst': 0}, {'pst': (48, 11), 'tst': 0}]",0.5139778429938575,6.400768118975232
91,7,,"[0, 1, 2, 3, 4, 5, 6, 7, 8, 9, 10, 11, 12, 13, 14, 15, 16, 17, 18, 19]","[{'pst': (81, 10), 'tst': 7}, {'pst': (85, 12), 'tst': 5}, {'pst': (78, 8), 'tst': 4}, {'pst': (60, 13), 'tst': 3}, {'pst': (55, 17), 'tst': 2}, {'pst': (60, 8), 'tst': 1}, {'pst': (89, 0), 'tst': 1}, {'pst': (86, 6), 'tst': 0}]",0.4962736023067945,5.914846523308999
91,8,,"[0, 1, 2, 3, 4, 5, 6, 7, 8, 9, 10, 11, 12, 13, 14, 15, 16, 17, 18, 19]","[{'pst': (49, 3), 'tst': 7}, {'pst': (46, 5), 'tst': 4}, {'pst': (72, 18), 'tst': 3}, {'pst': (48, 11), 'tst': 3}, {'pst': (84, 10), 'tst': 2}, {'pst': (89, 9), 'tst': 1}, {'pst': (87, 0), 'tst': 1}, {'pst': (61, 10), 'tst': 0}]",0.6165156384342474,8.344182497909522
91,9,"{'text': 'If you want to legalize drugs, then you should also legalize prostitution.'}","[0, 1, 2, 3, 4, 5, 6, 7, 8, 9, 10, 11, 12, 13, 14, 15, 16, 17, 18, 19]","[{'pst': (83, 3), 'tst': 5}, {'pst': (86, 17), 'tst': 4}, {'pst': (60, 16), 'tst': 2}, {'pst': (86, 0), 'tst': 2}, {'pst': (89, 9), 'tst': 1}, {'pst': (86, 6), 'tst': 1}, {'pst': (84, 4), 'tst': 0}, {'pst': (86, 10), 'tst': 0}]",0.5231127785215662,6.610595420352757
91,10,,"[0, 1, 2, 3, 4, 5, 6, 7, 8, 9, 10, 11, 12, 13, 14, 15, 16, 17, 18, 19]","[{'pst': (80, 0), 'tst': 5}, {'pst': (85, 3), 'tst': 4}, {'pst': (85, 2), 'tst': 3}, {'pst': (87, 3), 'tst': 2}, {'pst': (89, 19), 'tst': 1}, {'pst': (71, 12), 'tst': 1}, {'pst': (46, 5), 'tst': 0}, {'pst': (77, 13), 'tst': 0}]",0.6165156384342474,8.344182497909522
91,11,"{'text': 'If you want to legalize drugs, then you should also legalize prostitution.'}","[0, 1, 2, 3, 4, 5, 6, 7, 8, 9, 10, 11, 12, 13, 14, 15, 16, 17, 18, 19]","[{'pst': (80, 7), 'tst': 5}, {'pst': (84, 9), 'tst': 3}, {'pst': (82, 6), 'tst': 3}, {'pst': (63, 16), 'tst': 2}, {'pst': (85, 12), 'tst': 2}, {'pst': (46, 5), 'tst': 1}, {'pst': (57, 4), 'tst': 1}, {'pst': (78, 11), 'tst': 0}]",0.5953574210826224,7.508224449897318
91,12,,"[0, 1, 2, 3, 4, 5, 6, 7, 8, 9, 10, 11, 12, 13, 14, 15, 16, 17, 18, 19]","[{'pst': (77, 4), 'tst': 4}, {'pst': (62, 9), 'tst': 3}, {'pst': (75, 6), 'tst': 3}, {'pst': (49, 3), 'tst': 2}, {'pst': (87, 0), 'tst': 2}, {'pst': (40, 0), 'tst': 1}, {'pst': (86, 6), 'tst': 0}, {'pst': (70, 17), 'tst': 0}]",0.5197382579137843,6.541274105146675
91,13,,"[0, 1, 2, 3, 4, 5, 6, 7, 8, 9, 10, 11, 12, 13, 14, 15, 16, 17, 18, 19]","[{'pst': (70, 17), 'tst': 6}, {'pst': (84, 9), 'tst': 5}, {'pst': (60, 9), 'tst': 4}, {'pst': (71, 12), 'tst': 3}, {'pst': (82, 6), 'tst': 2}, {'pst': (81, 5), 'tst': 1}, {'pst': (90, 13), 'tst': 0}, {'pst': (83, 11), 'tst': 0}]",0.6165156384342474,8.344182497909522
91,14,,"[0, 1, 2, 3, 4, 5, 6, 7, 8, 9, 10, 11, 12, 13, 14, 15, 16, 17, 18, 19]","[{'pst': (63, 7), 'tst': 3}, {'pst': (82, 18), 'tst': 3}, {'pst': (38, 3), 'tst': 2}, {'pst': (53, 8), 'tst': 2}, {'pst': (61, 10), 'tst': 1}, {'pst': (83, 15), 'tst': 1}, {'pst': (90, 14), 'tst': 0}, {'pst': (78, 8), 'tst': 0}]",0.6165156384342474,8.344182497909522
91,15,,"[0, 1, 2, 3, 4, 5, 6, 7, 8, 9, 10, 11, 12, 13, 14, 15, 16, 17, 18, 19]","[{'pst': (20, 8), 'tst': 5}, {'pst': (53, 8), 'tst': 4}, {'pst': (49, 3), 'tst': 3}, {'pst': (52, 10), 'tst': 2}, {'pst': (82, 6), 'tst': 2}, {'pst': (60, 16), 'tst': 1}, {'pst': (89, 0), 'tst': 1}, {'pst': (86, 17), 'tst': 0}]",0.6052814242130583,6.81584879310009
91,16,,"[0, 1, 2, 3, 4, 5, 6, 7, 8, 9, 10, 11, 12, 13, 14, 15, 16, 17, 18, 19]","[{'pst': (49, 3), 'tst': 5}, {'pst': (82, 6), 'tst': 4}, {'pst': (84, 4), 'tst': 3}, {'pst': (48, 1), 'tst': 3}, {'pst': (88, 16), 'tst': 2}, {'pst': (67, 8), 'tst': 1}, {'pst': (84, 9), 'tst': 1}, {'pst': (84, 0), 'tst': 0}]",0.5964324883889096,7.633865942322917
91,17,,"[0, 1, 2, 3, 4, 5, 6, 7, 8, 9, 10, 11, 12, 13, 14, 15, 16, 17, 18, 19]","[{'pst': (86, 17), 'tst': 4}, {'pst': (77, 13), 'tst': 3}, {'pst': (74, 18), 'tst': 3}, {'pst': (60, 9), 'tst': 2}, {'pst': (71, 12), 'tst': 2}, {'pst': (85, 3), 'tst': 1}, {'pst': (20, 8), 'tst': 1}, {'pst': (86, 0), 'tst': 0}]",0.6030824493319097,8.090897133224482
91,18,,"[0, 1, 2, 3, 4, 5, 6, 7, 8, 9, 10, 11, 12, 13, 14, 15, 16, 17, 18, 19]","[{'pst': (71, 7), 'tst': 4}, {'pst': (85, 9), 'tst': 3}, {'pst': (85, 12), 'tst': 3}, {'pst': (81, 5), 'tst': 2}, {'pst': (89, 18), 'tst': 1}, {'pst': (43, 19), 'tst': 1}, {'pst': (87, 0), 'tst': 0}, {'pst': (60, 13), 'tst': 0}]",0.6165156384342474,8.344182497909522
91,19,,"[0, 1, 2, 3, 4, 5, 6, 7, 8, 9, 10, 11, 12, 13, 14, 15, 16, 17, 18, 19]","[{'pst': (78, 8), 'tst': 6}, {'pst': (83, 11), 'tst': 5}, {'pst': (85, 9), 'tst': 4}, {'pst': (86, 8), 'tst': 3}, {'pst': (61, 10), 'tst': 2}, {'pst': (89, 19), 'tst': 1}, {'pst': (60, 9), 'tst': 0}, {'pst': (82, 6), 'tst': 0}]",0.6165156384342474,8.344182497909522
92,0,"{'text': 'If you want to legalize drugs, then you should also legalize prostitution.'}","[0, 1, 2, 3, 4, 5, 6, 7, 8, 9, 10, 11, 12, 13, 14, 15, 16, 17, 18, 19]","[{'pst': (83, 11), 'tst': 5}, {'pst': (70, 17), 'tst': 4}, {'pst': (82, 0), 'tst': 3}, {'pst': (89, 0), 'tst': 2}, {'pst': (43, 19), 'tst': 1}, {'pst': (83, 2), 'tst': 1}, {'pst': (71, 7), 'tst': 0}, {'pst': (91, 11), 'tst': 0}]",0.6154540169306824,6.808465381977741
92,1,,"[0, 1, 2, 3, 4, 5, 6, 7, 8, 9, 10, 11, 12, 13, 14, 15, 16, 17, 18, 19]","[{'pst': (82, 6), 'tst': 5}, {'pst': (78, 11), 'tst': 4}, {'pst': (88, 1), 'tst': 3}, {'pst': (67, 8), 'tst': 2}, {'pst': (84, 9), 'tst': 1}, {'pst': (86, 0), 'tst': 1}, {'pst': (85, 2), 'tst': 0}, {'pst': (82, 12), 'tst': 0}]",0.6165156384342474,8.344182497909522
92,2,,"[0, 1, 2, 3, 4, 5, 6, 7, 8, 9, 10, 11, 12, 13, 14, 15, 16, 17, 18, 19]","[{'pst': (43, 19), 'tst': 4}, {'pst': (60, 16), 'tst': 3}, {'pst': (40, 0), 'tst': 3}, {'pst': (82, 18), 'tst': 2}, {'pst': (86, 10), 'tst': 1}, {'pst': (75, 6), 'tst': 1}, {'pst': (91, 2), 'tst': 0}, {'pst': (63, 16), 'tst': 0}]",0.6165156384342474,8.344182497909522
92,3,"{'text': 'If you want to legalize drugs, then you should also legalize prostitution.'}","[0, 1, 2, 3, 4, 5, 6, 7, 8, 9, 10, 11, 12, 13, 14, 15, 16, 17, 18, 19]","[{'pst': (82, 12), 'tst': 5}, {'pst': (78, 8), 'tst': 4}, {'pst': (84, 2), 'tst': 3}, {'pst': (89, 18), 'tst': 2}, {'pst': (67, 8), 'tst': 1}, {'pst': (89, 0), 'tst': 1}, {'pst': (86, 10), 'tst': 0}, {'pst': (60, 8), 'tst': 0}]",0.610930233236468,7.040217591759696
92,4,,"[0, 1, 2, 3, 4, 5, 6, 7, 8, 9, 10, 11, 12, 13, 14, 15, 16, 17, 18, 19]","[{'pst': (40, 0), 'tst': 10}, {'pst': (80, 7), 'tst': 5}, {'pst': (84, 0), 'tst': 5}, {'pst': (85, 9), 'tst': 4}, {'pst': (82, 6), 'tst': 2}, {'pst': (63, 7), 'tst': 1}, {'pst': (87, 3), 'tst': 0}, {'pst': (60, 9), 'tst': 0}]",0.6165156384342474,8.344182497909522
92,5,"{'text': 'If you want to legalize drugs, then you should also legalize prostitution.'}","[0, 1, 2, 3, 4, 5, 6, 7, 8, 9, 10, 11, 12, 13, 14, 15, 16, 17, 18, 19]","[{'pst': (62, 9), 'tst': 5}, {'pst': (48, 1), 'tst': 5}, {'pst': (89, 5), 'tst': 2}, {'pst': (89, 1), 'tst': 2}, {'pst': (89, 9), 'tst': 1}, {'pst': (83, 11), 'tst': 1}, {'pst': (72, 11), 'tst': 0}, {'pst': (20, 8), 'tst': 0}]",0.5935308925881124,7.275372718450024
92,6,,"[0, 1, 2, 3, 4, 5, 6, 7, 8, 9, 10, 11, 12, 13, 14, 15, 16, 17, 18, 19]","[{'pst': (86, 6), 'tst': 5}, {'pst': (72, 18), 'tst': 5}, {'pst': (84, 2), 'tst': 3}, {'pst': (82, 6), 'tst': 2}, {'pst': (81, 5), 'tst': 1}, {'pst': (48, 11), 'tst': 1}, {'pst': (60, 8), 'tst': 0}, {'pst': (86, 0), 'tst': 0}]",0.5139778429938575,6.400768118975232
92,7,"{'text': 'If you want to legalize drugs, then you should also legalize prostitution.'}","[0, 1, 2, 3, 4, 5, 6, 7, 8, 9, 10, 11, 12, 13, 14, 15, 16, 17, 18, 19]","[{'pst': (81, 10), 'tst': 8}, {'pst': (85, 12), 'tst': 6}, {'pst': (78, 8), 'tst': 5}, {'pst': (55, 17), 'tst': 3}, {'pst': (60, 8), 'tst': 2}, {'pst': (89, 0), 'tst': 2}, {'pst': (86, 6), 'tst': 1}, {'pst': (82, 18), 'tst': 0}]",0.5020303848951166,5.831887707495809
92,8,,"[0, 1, 2, 3, 4, 5, 6, 7, 8, 9, 10, 11, 12, 13, 14, 15, 16, 17, 18, 19]","[{'pst': (46, 5), 'tst': 5}, {'pst': (72, 18), 'tst': 4}, {'pst': (48, 11), 'tst': 4}, {'pst': (89, 9), 'tst': 2}, {'pst': (87, 0), 'tst': 2}, {'pst': (61, 10), 'tst': 1}, {'pst': (63, 7), 'tst': 0}, {'pst': (84, 0), 'tst': 0}]",0.6165156384342474,8.344182497909522
92,9,,"[0, 1, 2, 3, 4, 5, 6, 7, 8, 9, 10, 11, 12, 13, 14, 15, 16, 17, 18, 19]","[{'pst': (60, 16), 'tst': 3}, {'pst': (86, 0), 'tst': 3}, {'pst': (89, 9), 'tst': 2}, {'pst': (86, 6), 'tst': 2}, {'pst': (84, 4), 'tst': 1}, {'pst': (86, 10), 'tst': 1}, {'pst': (91, 9), 'tst': 0}, {'pst': (83, 11), 'tst': 0}]",0.53156744635619,6.67396300690292
92,10,"{'text': 'If you want to legalize drugs, then you should also legalize prostitution.'}","[0, 1, 2, 3, 4, 5, 6, 7, 8, 9, 10, 11, 12, 13, 14, 15, 16, 17, 18, 19]","[{'pst': (85, 3), 'tst': 5}, {'pst': (85, 2), 'tst': 4}, {'pst': (87, 3), 'tst': 3}, {'pst': (89, 19), 'tst': 2}, {'pst': (71, 12), 'tst': 2}, {'pst': (46, 5), 'tst': 1}, {'pst': (77, 13), 'tst': 1}, {'pst': (84, 4), 'tst': 0}]",0.6165156384342474,8.344182497909522
92,11,,"[0, 1, 2, 3, 4, 5, 6, 7, 8, 9, 10, 11, 12, 13, 14, 15, 16, 17, 18, 19]","[{'pst': (84, 9), 'tst': 4}, {'pst': (82, 6), 'tst': 4}, {'pst': (63, 16), 'tst': 3}, {'pst': (85, 12), 'tst': 3}, {'pst': (57, 4), 'tst': 2}, {'pst': (78, 11), 'tst': 1}, {'pst': (91, 11), 'tst': 0}, {'pst': (89, 5), 'tst': 0}]",0.5942386631469825,7.625391679214867
92,12,,"[0, 1, 2, 3, 4, 5, 6, 7, 8, 9, 10, 11, 12, 13, 14, 15, 16, 17, 18, 19]","[{'pst': (77, 4), 'tst': 5}, {'pst': (75, 6), 'tst': 4}, {'pst': (49, 3), 'tst': 3}, {'pst': (87, 0), 'tst': 3}, {'pst': (40, 0), 'tst': 2}, {'pst': (86, 6), 'tst': 1}, {'pst': (70, 17), 'tst': 1}, {'pst': (74, 18), 'tst': 0}]",0.5231127785215662,6.610595420352757
92,13,,"[0, 1, 2, 3, 4, 5, 6, 7, 8, 9, 10, 11, 12, 13, 14, 15, 16, 17, 18, 19]","[{'pst': (84, 9), 'tst': 6}, {'pst': (60, 9), 'tst': 5}, {'pst': (71, 12), 'tst': 4}, {'pst': (82, 6), 'tst': 3}, {'pst': (81, 5), 'tst': 2}, {'pst': (90, 13), 'tst': 1}, {'pst': (83, 11), 'tst': 1}, {'pst': (87, 3), 'tst': 0}]",0.6165156384342474,8.344182497909522
92,14,,"[0, 1, 2, 3, 4, 5, 6, 7, 8, 9, 10, 11, 12, 13, 14, 15, 16, 17, 18, 19]","[{'pst': (63, 7), 'tst': 4}, {'pst': (82, 18), 'tst': 4}, {'pst': (38, 3), 'tst': 3}, {'pst': (83, 15), 'tst': 2}, {'pst': (90, 14), 'tst': 1}, {'pst': (78, 8), 'tst': 1}, {'pst': (71, 7), 'tst': 0}, {'pst': (82, 6), 'tst': 0}]",0.6165156384342474,8.344182497909522
92,15,,"[0, 1, 2, 3, 4, 5, 6, 7, 8, 9, 10, 11, 12, 13, 14, 15, 16, 17, 18, 19]","[{'pst': (49, 3), 'tst': 4}, {'pst': (52, 10), 'tst': 3}, {'pst': (82, 6), 'tst': 3}, {'pst': (60, 16), 'tst': 2}, {'pst': (89, 0), 'tst': 2}, {'pst': (86, 17), 'tst': 1}, {'pst': (89, 19), 'tst': 0}, {'pst': (83, 2), 'tst': 0}]",0.6110235197315294,6.905389669729125
92,16,,"[0, 1, 2, 3, 4, 5, 6, 7, 8, 9, 10, 11, 12, 13, 14, 15, 16, 17, 18, 19]","[{'pst': (82, 6), 'tst': 5}, {'pst': (84, 4), 'tst': 4}, {'pst': (48, 1), 'tst': 4}, {'pst': (88, 16), 'tst': 3}, {'pst': (67, 8), 'tst': 2}, {'pst': (84, 9), 'tst': 2}, {'pst': (84, 0), 'tst': 1}, {'pst': (89, 1), 'tst': 0}]",0.5994139301602949,7.6378727009057314
92,17,,"[0, 1, 2, 3, 4, 5, 6, 7, 8, 9, 10, 11, 12, 13, 14, 15, 16, 17, 18, 19]","[{'pst': (77, 13), 'tst': 4}, {'pst': (74, 18), 'tst': 4}, {'pst': (60, 9), 'tst': 3}, {'pst': (71, 12), 'tst': 3}, {'pst': (85, 3), 'tst': 2}, {'pst': (20, 8), 'tst': 2}, {'pst': (86, 0), 'tst': 1}, {'pst': (87, 3), 'tst': 0}]",0.5995571728742716,8.17015841909731
92,18,,"[0, 1, 2, 3, 4, 5, 6, 7, 8, 9, 10, 11, 12, 13, 14, 15, 16, 17, 18, 19]","[{'pst': (85, 9), 'tst': 4}, {'pst': (85, 12), 'tst': 4}, {'pst': (81, 5), 'tst': 3}, {'pst': (89, 18), 'tst': 2}, {'pst': (43, 19), 'tst': 2}, {'pst': (87, 0), 'tst': 1}, {'pst': (60, 13), 'tst': 1}, {'pst': (82, 18), 'tst': 0}]",0.6165156384342474,8.344182497909522
92,19,"{'text': 'If you want to legalize drugs, then you should also legalize prostitution.'}","[0, 1, 2, 3, 4, 5, 6, 7, 8, 9, 10, 11, 12, 13, 14, 15, 16, 17, 18, 19]","[{'pst': (83, 11), 'tst': 6}, {'pst': (86, 8), 'tst': 4}, {'pst': (61, 10), 'tst': 3}, {'pst': (89, 19), 'tst': 2}, {'pst': (60, 9), 'tst': 1}, {'pst': (82, 6), 'tst': 1}, {'pst': (48, 1), 'tst': 0}, {'pst': (53, 8), 'tst': 0}]",0.5953574210826224,7.508224449897318
93,0,,"[0, 1, 2, 3, 4, 5, 6, 7, 8, 9, 10, 11, 12, 13, 14, 15, 16, 17, 18, 19]","[{'pst': (83, 11), 'tst': 6}, {'pst': (70, 17), 'tst': 5}, {'pst': (89, 0), 'tst': 3}, {'pst': (43, 19), 'tst': 2}, {'pst': (83, 2), 'tst': 2}, {'pst': (71, 7), 'tst': 1}, {'pst': (91, 11), 'tst': 1}, {'pst': (92, 0), 'tst': 0}]",0.6227951668870356,6.734511990003135
93,1,,"[0, 1, 2, 3, 4, 5, 6, 7, 8, 9, 10, 11, 12, 13, 14, 15, 16, 17, 18, 19]","[{'pst': (82, 6), 'tst': 6}, {'pst': (67, 8), 'tst': 3}, {'pst': (84, 9), 'tst': 2}, {'pst': (86, 0), 'tst': 2}, {'pst': (85, 2), 'tst': 1}, {'pst': (82, 12), 'tst': 1}, {'pst': (89, 5), 'tst': 0}, {'pst': (87, 0), 'tst': 0}]",0.6165156384342474,8.344182497909522
93,2,,"[0, 1, 2, 3, 4, 5, 6, 7, 8, 9, 10, 11, 12, 13, 14, 15, 16, 17, 18, 19]","[{'pst': (60, 16), 'tst': 4}, {'pst': (82, 18), 'tst': 3}, {'pst': (86, 10), 'tst': 2}, {'pst': (75, 6), 'tst': 2}, {'pst': (91, 2), 'tst': 1}, {'pst': (63, 16), 'tst': 1}, {'pst': (38, 3), 'tst': 0}, {'pst': (91, 9), 'tst': 0}]",0.6165156384342474,8.344182497909522
93,3,"{'text': 'If you want to legalize drugs, then you should also legalize prostitution.'}","[0, 1, 2, 3, 4, 5, 6, 7, 8, 9, 10, 11, 12, 13, 14, 15, 16, 17, 18, 19]","[{'pst': (78, 8), 'tst': 5}, {'pst': (84, 2), 'tst': 4}, {'pst': (67, 8), 'tst': 2}, {'pst': (89, 0), 'tst': 2}, {'pst': (86, 10), 'tst': 1}, {'pst': (60, 8), 'tst': 1}, {'pst': (92, 3), 'tst': 0}, {'pst': (92, 10), 'tst': 0}]",0.6154540169306824,6.808465381977741
93,4,,"[0, 1, 2, 3, 4, 5, 6, 7, 8, 9, 10, 11, 12, 13, 14, 15, 16, 17, 18, 19]","[{'pst': (40, 0), 'tst': 11}, {'pst': (80, 7), 'tst': 6}, {'pst': (82, 6), 'tst': 3}, {'pst': (63, 7), 'tst': 2}, {'pst': (87, 3), 'tst': 1}, {'pst': (60, 9), 'tst': 1}, {'pst': (92, 3), 'tst': 0}, {'pst': (77, 13), 'tst': 0}]",0.6165156384342474,8.344182497909522
93,5,,"[0, 1, 2, 3, 4, 5, 6, 7, 8, 9, 10, 11, 12, 13, 14, 15, 16, 17, 18, 19]","[{'pst': (62, 9), 'tst': 6}, {'pst': (89, 5), 'tst': 3}, {'pst': (89, 1), 'tst': 3}, {'pst': (89, 9), 'tst': 2}, {'pst': (72, 11), 'tst': 1}, {'pst': (20, 8), 'tst': 1}, {'pst': (92, 5), 'tst': 0}, {'pst': (60, 13), 'tst': 0}]",0.5995571728742716,8.17015841909731
93,6,"{'text': 'If you want to legalize drugs, then you should also legalize prostitution.'}","[0, 1, 2, 3, 4, 5, 6, 7, 8, 9, 10, 11, 12, 13, 14, 15, 16, 17, 18, 19]","[{'pst': (84, 2), 'tst': 4}, {'pst': (82, 6), 'tst': 3}, {'pst': (81, 5), 'tst': 2}, {'pst': (48, 11), 'tst': 2}, {'pst': (60, 8), 'tst': 1}, {'pst': (86, 0), 'tst': 1}, {'pst': (61, 10), 'tst': 0}, {'pst': (63, 7), 'tst': 0}]",0.6165156384342474,8.344182497909522
93,7,,"[0, 1, 2, 3, 4, 5, 6, 7, 8, 9, 10, 11, 12, 13, 14, 15, 16, 17, 18, 19]","[{'pst': (85, 12), 'tst': 7}, {'pst': (78, 8), 'tst': 6}, {'pst': (55, 17), 'tst': 4}, {'pst': (89, 0), 'tst': 3}, {'pst': (86, 6), 'tst': 2}, {'pst': (82, 18), 'tst': 1}, {'pst': (92, 7), 'tst': 0}, {'pst': (86, 10), 'tst': 0}]",0.5067266688708383,5.815471570266798
93,8,"{'text': 'If you want to legalize drugs, then you should also legalize prostitution.'}","[0, 1, 2, 3, 4, 5, 6, 7, 8, 9, 10, 11, 12, 13, 14, 15, 16, 17, 18, 19]","[{'pst': (72, 18), 'tst': 5}, {'pst': (48, 11), 'tst': 5}, {'pst': (89, 9), 'tst': 3}, {'pst': (61, 10), 'tst': 2}, {'pst': (63, 7), 'tst': 1}, {'pst': (84, 0), 'tst': 1}, {'pst': (67, 8), 'tst': 0}, {'pst': (89, 1), 'tst': 0}]",0.6165156384342474,8.344182497909522
93,9,,"[0, 1, 2, 3, 4, 5, 6, 7, 8, 9, 10, 11, 12, 13, 14, 15, 16, 17, 18, 19]","[{'pst': (86, 0), 'tst': 4}, {'pst': (86, 6), 'tst': 3}, {'pst': (84, 4), 'tst': 2}, {'pst': (86, 10), 'tst': 2}, {'pst': (91, 9), 'tst': 1}, {'pst': (83, 11), 'tst': 1}, {'pst': (43, 19), 'tst': 0}, {'pst': (38, 3), 'tst': 0}]",0.5439009742067954,6.724452343572866
93,10,,"[0, 1, 2, 3, 4, 5, 6, 7, 8, 9, 10, 11, 12, 13, 14, 15, 16, 17, 18, 19]","[{'pst': (85, 2), 'tst': 5}, {'pst': (87, 3), 'tst': 4}, {'pst': (89, 19), 'tst': 3}, {'pst': (46, 5), 'tst': 2}, {'pst': (77, 13), 'tst': 2}, {'pst': (84, 4), 'tst': 1}, {'pst': (92, 10), 'tst': 0}, {'pst': (60, 16), 'tst': 0}]",0.6165156384342474,8.344182497909522
93,11,,"[0, 1, 2, 3, 4, 5, 6, 7, 8, 9, 10, 11, 12, 13, 14, 15, 16, 17, 18, 19]","[{'pst': (84, 9), 'tst': 5}, {'pst': (85, 12), 'tst': 4}, {'pst': (57, 4), 'tst': 3}, {'pst': (78, 11), 'tst': 2}, {'pst': (91, 11), 'tst': 1}, {'pst': (89, 5), 'tst': 1}, {'pst': (83, 2), 'tst': 0}, {'pst': (72, 11), 'tst': 0}]",0.5994139301602949,7.6378727009057314
93,12,,"[0, 1, 2, 3, 4, 5, 6, 7, 8, 9, 10, 11, 12, 13, 14, 15, 16, 17, 18, 19]","[{'pst': (77, 4), 'tst': 6}, {'pst': (75, 6), 'tst': 5}, {'pst': (49, 3), 'tst': 4}, {'pst': (86, 6), 'tst': 2}, {'pst': (70, 17), 'tst': 2}, {'pst': (74, 18), 'tst': 1}, {'pst': (84, 2), 'tst': 0}, {'pst': (84, 9), 'tst': 0}]",0.53156744635619,6.67396300690292
93,13,,"[0, 1, 2, 3, 4, 5, 6, 7, 8, 9, 10, 11, 12, 13, 14, 15, 16, 17, 18, 19]","[{'pst': (60, 9), 'tst': 6}, {'pst': (82, 6), 'tst': 4}, {'pst': (81, 5), 'tst': 3}, {'pst': (90, 13), 'tst': 2}, {'pst': (83, 11), 'tst': 2}, {'pst': (87, 3), 'tst': 1}, {'pst': (91, 2), 'tst': 0}, {'pst': (57, 4), 'tst': 0}]",0.5869730431339416,7.4467967542349776
93,14,,"[0, 1, 2, 3, 4, 5, 6, 7, 8, 9, 10, 11, 12, 13, 14, 15, 16, 17, 18, 19]","[{'pst': (63, 7), 'tst': 5}, {'pst': (38, 3), 'tst': 4}, {'pst': (83, 15), 'tst': 3}, {'pst': (78, 8), 'tst': 2}, {'pst': (71, 7), 'tst': 1}, {'pst': (82, 6), 'tst': 1}, {'pst': (61, 10), 'tst': 0}, {'pst': (60, 9), 'tst': 0}]",0.6165156384342474,8.344182497909522
93,15,,"[0, 1, 2, 3, 4, 5, 6, 7, 8, 9, 10, 11, 12, 13, 14, 15, 16, 17, 18, 19]","[{'pst': (52, 10), 'tst': 4}, {'pst': (82, 6), 'tst': 4}, {'pst': (89, 0), 'tst': 3}, {'pst': (86, 17), 'tst': 2}, {'pst': (89, 19), 'tst': 1}, {'pst': (83, 2), 'tst': 1}]",0.61578713512996,6.628777058955036
93,16,,"[0, 1, 2, 3, 4, 5, 6, 7, 8, 9, 10, 11, 12, 13, 14, 15, 16, 17, 18, 19]","[{'pst': (84, 4), 'tst': 5}, {'pst': (48, 1), 'tst': 5}, {'pst': (88, 16), 'tst': 4}, {'pst': (67, 8), 'tst': 3}, {'pst': (84, 9), 'tst': 3}, {'pst': (89, 1), 'tst': 1}, {'pst': (46, 5), 'tst': 0}, {'pst': (92, 5), 'tst': 0}]",0.6034397657486131,7.7033096325632755
93,17,,"[0, 1, 2, 3, 4, 5, 6, 7, 8, 9, 10, 11, 12, 13, 14, 15, 16, 17, 18, 19]","[{'pst': (77, 13), 'tst': 5}, {'pst': (60, 9), 'tst': 4}, {'pst': (71, 12), 'tst': 4}, {'pst': (85, 3), 'tst': 3}, {'pst': (20, 8), 'tst': 3}, {'pst': (87, 3), 'tst': 1}, {'pst': (61, 10), 'tst': 0}, {'pst': (57, 4), 'tst': 0}]",0.5752568178268144,7.580430991508187
93,18,,"[0, 1, 2, 3, 4, 5, 6, 7, 8, 9, 10, 11, 12, 13, 14, 15, 16, 17, 18, 19]","[{'pst': (85, 12), 'tst': 5}, {'pst': (81, 5), 'tst': 4}, {'pst': (89, 18), 'tst': 3}, {'pst': (43, 19), 'tst': 3}, {'pst': (60, 13), 'tst': 2}, {'pst': (82, 18), 'tst': 1}, {'pst': (85, 9), 'tst': 0}, {'pst': (90, 13), 'tst': 0}]",0.6165156384342474,8.344182497909522
93,19,,"[0, 1, 2, 3, 4, 5, 6, 7, 8, 9, 10, 11, 12, 13, 14, 15, 16, 17, 18, 19]","[{'pst': (83, 11), 'tst': 7}, {'pst': (61, 10), 'tst': 4}, {'pst': (89, 19), 'tst': 3}, {'pst': (82, 6), 'tst': 2}, {'pst': (48, 1), 'tst': 1}, {'pst': (53, 8), 'tst': 1}, {'pst': (92, 19), 'tst': 0}, {'pst': (78, 11), 'tst': 0}]",0.5942386631469825,7.625391679214867
94,0,"{'text': 'If you want to legalize drugs, then you should also legalize prostitution.'}","[0, 1, 2, 3, 4, 5, 6, 7, 8, 9, 10, 11, 12, 13, 14, 15, 16, 17, 18, 19]","[{'pst': (83, 11), 'tst': 7}, {'pst': (70, 17), 'tst': 6}, {'pst': (43, 19), 'tst': 3}, {'pst': (83, 2), 'tst': 3}, {'pst': (71, 7), 'tst': 2}, {'pst': (91, 11), 'tst': 2}, {'pst': (92, 0), 'tst': 1}]",0.6153244845836598,8.296834613616072
94,1,,"[0, 1, 2, 3, 4, 5, 6, 7, 8, 9, 10, 11, 12, 13, 14, 15, 16, 17, 18, 19]","[{'pst': (67, 8), 'tst': 4}, {'pst': (84, 9), 'tst': 3}, {'pst': (85, 2), 'tst': 2}, {'pst': (82, 12), 'tst': 2}, {'pst': (89, 5), 'tst': 1}, {'pst': (87, 0), 'tst': 1}, {'pst': (78, 11), 'tst': 0}, {'pst': (71, 12), 'tst': 0}]",0.6165156384342474,8.344182497909522
94,2,,"[0, 1, 2, 3, 4, 5, 6, 7, 8, 9, 10, 11, 12, 13, 14, 15, 16, 17, 18, 19]","[{'pst': (82, 18), 'tst': 4}, {'pst': (86, 10), 'tst': 3}, {'pst': (75, 6), 'tst': 3}, {'pst': (91, 2), 'tst': 2}, {'pst': (63, 16), 'tst': 2}, {'pst': (38, 3), 'tst': 1}, {'pst': (91, 9), 'tst': 1}, {'pst': (84, 2), 'tst': 0}]",0.6165156384342474,8.344182497909522
94,3,,"[0, 1, 2, 3, 4, 5, 6, 7, 8, 9, 10, 11, 12, 13, 14, 15, 16, 17, 18, 19]","[{'pst': (84, 2), 'tst': 5}, {'pst': (67, 8), 'tst': 3}, {'pst': (89, 0), 'tst': 3}, {'pst': (86, 10), 'tst': 2}, {'pst': (92, 3), 'tst': 1}, {'pst': (92, 10), 'tst': 1}, {'pst': (93, 3), 'tst': 0}]",0.6188733897513691,6.670995170299472
94,4,,"[0, 1, 2, 3, 4, 5, 6, 7, 8, 9, 10, 11, 12, 13, 14, 15, 16, 17, 18, 19]","[{'pst': (80, 7), 'tst': 7}, {'pst': (82, 6), 'tst': 4}, {'pst': (87, 3), 'tst': 2}, {'pst': (60, 9), 'tst': 2}, {'pst': (92, 3), 'tst': 1}, {'pst': (77, 13), 'tst': 1}, {'pst': (89, 1), 'tst': 0}, {'pst': (87, 0), 'tst': 0}]",0.6165156384342474,8.344182497909522
94,5,"{'text': 'If you want to legalize drugs, then you should also legalize prostitution.'}","[0, 1, 2, 3, 4, 5, 6, 7, 8, 9, 10, 11, 12, 13, 14, 15, 16, 17, 18, 19]","[{'pst': (89, 1), 'tst': 4}, {'pst': (89, 9), 'tst': 3}, {'pst': (72, 11), 'tst': 2}, {'pst': (20, 8), 'tst': 2}, {'pst': (92, 5), 'tst': 1}, {'pst': (60, 13), 'tst': 1}, {'pst': (52, 10), 'tst': 0}, {'pst': (48, 1), 'tst': 0}]",0.5757222016178007,7.483309630623797
94,6,"{'text': 'If you want to legalize drugs, then you should also legalize prostitution.'}","[0, 1, 2, 3, 4, 5, 6, 7, 8, 9, 10, 11, 12, 13, 14, 15, 16, 17, 18, 19]","[{'pst': (84, 2), 'tst': 5}, {'pst': (81, 5), 'tst': 3}, {'pst': (48, 11), 'tst': 3}, {'pst': (60, 8), 'tst': 2}, {'pst': (61, 10), 'tst': 1}, {'pst': (63, 7), 'tst': 1}, {'pst': (93, 6), 'tst': 0}, {'pst': (43, 19), 'tst': 0}]",0.6165156384342474,8.344182497909522
94,7,"{'text': 'If you want to legalize drugs, then you should also legalize prostitution.'}","[0, 1, 2, 3, 4, 5, 6, 7, 8, 9, 10, 11, 12, 13, 14, 15, 16, 17, 18, 19]","[{'pst': (85, 12), 'tst': 8}, {'pst': (89, 0), 'tst': 4}, {'pst': (86, 6), 'tst': 3}, {'pst': (82, 18), 'tst': 2}, {'pst': (92, 7), 'tst': 1}, {'pst': (86, 10), 'tst': 1}, {'pst': (80, 7), 'tst': 0}, {'pst': (52, 10), 'tst': 0}]",0.5279845194921476,5.606933038095637
94,8,"{'text': 'If you want to legalize drugs, then you should also legalize prostitution.'}","[0, 1, 2, 3, 4, 5, 6, 7, 8, 9, 10, 11, 12, 13, 14, 15, 16, 17, 18, 19]","[{'pst': (72, 18), 'tst': 6}, {'pst': (89, 9), 'tst': 4}, {'pst': (61, 10), 'tst': 3}, {'pst': (63, 7), 'tst': 2}, {'pst': (84, 0), 'tst': 2}, {'pst': (67, 8), 'tst': 1}, {'pst': (89, 1), 'tst': 1}, {'pst': (93, 8), 'tst': 0}]",0.6165156384342474,8.344182497909522
94,9,,"[0, 1, 2, 3, 4, 5, 6, 7, 8, 9, 10, 11, 12, 13, 14, 15, 16, 17, 18, 19]","[{'pst': (86, 0), 'tst': 5}, {'pst': (84, 4), 'tst': 3}, {'pst': (86, 10), 'tst': 3}, {'pst': (91, 9), 'tst': 2}, {'pst': (43, 19), 'tst': 1}, {'pst': (38, 3), 'tst': 1}, {'pst': (81, 5), 'tst': 0}, {'pst': (40, 0), 'tst': 0}]",0.6165156384342474,8.344182497909522
94,10,"{'text': 'If you want to legalize drugs, then you should also legalize prostitution.'}","[0, 1, 2, 3, 4, 5, 6, 7, 8, 9, 10, 11, 12, 13, 14, 15, 16, 17, 18, 19]","[{'pst': (85, 2), 'tst': 6}, {'pst': (87, 3), 'tst': 5}, {'pst': (77, 13), 'tst': 3}, {'pst': (84, 4), 'tst': 2}, {'pst': (92, 10), 'tst': 1}, {'pst': (60, 16), 'tst': 1}, {'pst': (91, 2), 'tst': 0}, {'pst': (40, 0), 'tst': 0}]",0.6165156384342474,8.344182497909522
94,11,,"[0, 1, 2, 3, 4, 5, 6, 7, 8, 9, 10, 11, 12, 13, 14, 15, 16, 17, 18, 19]","[{'pst': (85, 12), 'tst': 5}, {'pst': (57, 4), 'tst': 4}, {'pst': (78, 11), 'tst': 3}, {'pst': (91, 11), 'tst': 2}, {'pst': (89, 5), 'tst': 2}, {'pst': (83, 2), 'tst': 1}, {'pst': (72, 11), 'tst': 1}, {'pst': (85, 2), 'tst': 0}]",0.6034397657486131,7.7033096325632755
94,12,,"[0, 1, 2, 3, 4, 5, 6, 7, 8, 9, 10, 11, 12, 13, 14, 15, 16, 17, 18, 19]","[{'pst': (75, 6), 'tst': 6}, {'pst': (86, 6), 'tst': 3}, {'pst': (70, 17), 'tst': 3}, {'pst': (74, 18), 'tst': 2}, {'pst': (84, 2), 'tst': 1}, {'pst': (84, 9), 'tst': 1}, {'pst': (81, 5), 'tst': 0}, {'pst': (89, 0), 'tst': 0}]",0.5448582708497026,6.731282392344179
94,13,,"[0, 1, 2, 3, 4, 5, 6, 7, 8, 9, 10, 11, 12, 13, 14, 15, 16, 17, 18, 19]","[{'pst': (60, 9), 'tst': 7}, {'pst': (81, 5), 'tst': 4}, {'pst': (90, 13), 'tst': 3}, {'pst': (83, 11), 'tst': 3}, {'pst': (87, 3), 'tst': 2}, {'pst': (91, 2), 'tst': 1}, {'pst': (57, 4), 'tst': 1}, {'pst': (43, 19), 'tst': 0}]",0.5953574210826224,7.508224449897318
94,14,,"[0, 1, 2, 3, 4, 5, 6, 7, 8, 9, 10, 11, 12, 13, 14, 15, 16, 17, 18, 19]","[{'pst': (63, 7), 'tst': 6}, {'pst': (38, 3), 'tst': 5}, {'pst': (83, 15), 'tst': 4}, {'pst': (71, 7), 'tst': 2}, {'pst': (82, 6), 'tst': 2}, {'pst': (61, 10), 'tst': 1}, {'pst': (60, 9), 'tst': 1}, {'pst': (91, 11), 'tst': 0}]",0.6165156384342474,8.344182497909522
94,15,,"[0, 1, 2, 3, 4, 5, 6, 7, 8, 9, 10, 11, 12, 13, 14, 15, 16, 17, 18, 19]","[{'pst': (52, 10), 'tst': 5}, {'pst': (82, 6), 'tst': 5}, {'pst': (86, 17), 'tst': 3}, {'pst': (89, 19), 'tst': 2}, {'pst': (83, 15), 'tst': 0}, {'pst': (81, 5), 'tst': 0}, {'pst': (72, 11), 'tst': 0}, {'pst': (84, 0), 'tst': 0}]",0.6165156384342474,8.344182497909522
94,16,,"[0, 1, 2, 3, 4, 5, 6, 7, 8, 9, 10, 11, 12, 13, 14, 15, 16, 17, 18, 19]","[{'pst': (84, 4), 'tst': 6}, {'pst': (48, 1), 'tst': 6}, {'pst': (67, 8), 'tst': 4}, {'pst': (84, 9), 'tst': 4}, {'pst': (89, 1), 'tst': 2}, {'pst': (46, 5), 'tst': 1}, {'pst': (92, 5), 'tst': 1}, {'pst': (55, 17), 'tst': 0}]",0.6034397657486131,7.7033096325632755
94,17,,"[0, 1, 2, 3, 4, 5, 6, 7, 8, 9, 10, 11, 12, 13, 14, 15, 16, 17, 18, 19]","[{'pst': (60, 9), 'tst': 5}, {'pst': (71, 12), 'tst': 5}, {'pst': (85, 3), 'tst': 4}, {'pst': (20, 8), 'tst': 4}, {'pst': (87, 3), 'tst': 2}, {'pst': (61, 10), 'tst': 1}, {'pst': (57, 4), 'tst': 1}, {'pst': (49, 3), 'tst': 0}]",0.5860708388770672,7.447253885560376
94,18,,"[0, 1, 2, 3, 4, 5, 6, 7, 8, 9, 10, 11, 12, 13, 14, 15, 16, 17, 18, 19]","[{'pst': (85, 12), 'tst': 6}, {'pst': (43, 19), 'tst': 4}, {'pst': (60, 13), 'tst': 3}, {'pst': (82, 18), 'tst': 2}, {'pst': (85, 9), 'tst': 1}, {'pst': (90, 13), 'tst': 1}, {'pst': (89, 5), 'tst': 0}, {'pst': (72, 18), 'tst': 0}]",0.6165156384342474,8.344182497909522
94,19,,"[0, 1, 2, 3, 4, 5, 6, 7, 8, 9, 10, 11, 12, 13, 14, 15, 16, 17, 18, 19]","[{'pst': (61, 10), 'tst': 5}, {'pst': (89, 19), 'tst': 4}, {'pst': (48, 1), 'tst': 2}, {'pst': (53, 8), 'tst': 2}, {'pst': (92, 19), 'tst': 1}, {'pst': (78, 11), 'tst': 1}, {'pst': (43, 19), 'tst': 0}, {'pst': (87, 0), 'tst': 0}]",0.5994139301602949,7.6378727009057314
95,0,,"[0, 1, 2, 3, 4, 5, 6, 7, 8, 9, 10, 11, 12, 13, 14, 15, 16, 17, 18, 19]","[{'pst': (70, 17), 'tst': 7}, {'pst': (83, 2), 'tst': 4}, {'pst': (71, 7), 'tst': 3}, {'pst': (91, 11), 'tst': 3}, {'pst': (92, 0), 'tst': 2}, {'pst': (94, 0), 'tst': 0}, {'pst': (85, 2), 'tst': 0}, {'pst': (86, 0), 'tst': 0}]",0.6165156384342474,8.344182497909522
95,1,,"[0, 1, 2, 3, 4, 5, 6, 7, 8, 9, 10, 11, 12, 13, 14, 15, 16, 17, 18, 19]","[{'pst': (84, 9), 'tst': 4}, {'pst': (85, 2), 'tst': 3}, {'pst': (89, 5), 'tst': 2}, {'pst': (87, 0), 'tst': 2}, {'pst': (78, 11), 'tst': 1}, {'pst': (71, 12), 'tst': 1}, {'pst': (67, 8), 'tst': 0}, {'pst': (38, 3), 'tst': 0}]",0.6165156384342474,8.344182497909522
95,2,,"[0, 1, 2, 3, 4, 5, 6, 7, 8, 9, 10, 11, 12, 13, 14, 15, 16, 17, 18, 19]","[{'pst': (86, 10), 'tst': 4}, {'pst': (75, 6), 'tst': 4}, {'pst': (91, 2), 'tst': 3}, {'pst': (38, 3), 'tst': 2}, {'pst': (91, 9), 'tst': 2}, {'pst': (84, 2), 'tst': 1}, {'pst': (85, 9), 'tst': 0}, {'pst': (86, 0), 'tst': 0}]",0.6165156384342474,8.344182497909522
95,3,,"[0, 1, 2, 3, 4, 5, 6, 7, 8, 9, 10, 11, 12, 13, 14, 15, 16, 17, 18, 19]","[{'pst': (67, 8), 'tst': 4}, {'pst': (89, 0), 'tst': 4}, {'pst': (92, 3), 'tst': 2}, {'pst': (92, 10), 'tst': 2}, {'pst': (93, 3), 'tst': 1}, {'pst': (46, 5), 'tst': 0}, {'pst': (52, 10), 'tst': 0}, {'pst': (40, 0), 'tst': 0}]",0.6329982628389594,6.648522001611032
95,4,,"[0, 1, 2, 3, 4, 5, 6, 7, 8, 9, 10, 11, 12, 13, 14, 15, 16, 17, 18, 19]","[{'pst': (87, 3), 'tst': 3}, {'pst': (60, 9), 'tst': 3}, {'pst': (92, 3), 'tst': 2}, {'pst': (77, 13), 'tst': 2}, {'pst': (89, 1), 'tst': 1}, {'pst': (87, 0), 'tst': 1}, {'pst': (70, 17), 'tst': 0}, {'pst': (91, 11), 'tst': 0}]",0.6165156384342474,8.344182497909522
95,5,"{'text': 'If you want to legalize drugs, then you should also legalize prostitution.'}","[0, 1, 2, 3, 4, 5, 6, 7, 8, 9, 10, 11, 12, 13, 14, 15, 16, 17, 18, 19]","[{'pst': (89, 1), 'tst': 5}, {'pst': (89, 9), 'tst': 4}, {'pst': (72, 11), 'tst': 3}, {'pst': (20, 8), 'tst': 3}, {'pst': (52, 10), 'tst': 1}, {'pst': (48, 1), 'tst': 1}, {'pst': (94, 5), 'tst': 0}, {'pst': (94, 6), 'tst': 0}]",0.586483466159213,7.60670178664565
95,6,,"[0, 1, 2, 3, 4, 5, 6, 7, 8, 9, 10, 11, 12, 13, 14, 15, 16, 17, 18, 19]","[{'pst': (84, 2), 'tst': 6}, {'pst': (81, 5), 'tst': 4}, {'pst': (60, 8), 'tst': 3}, {'pst': (61, 10), 'tst': 2}, {'pst': (93, 6), 'tst': 1}, {'pst': (43, 19), 'tst': 1}, {'pst': (94, 6), 'tst': 0}, {'pst': (94, 10), 'tst': 0}]",0.6165156384342474,8.344182497909522
95,7,,"[0, 1, 2, 3, 4, 5, 6, 7, 8, 9, 10, 11, 12, 13, 14, 15, 16, 17, 18, 19]","[{'pst': (85, 12), 'tst': 9}, {'pst': (89, 0), 'tst': 5}, {'pst': (92, 7), 'tst': 2}, {'pst': (86, 10), 'tst': 2}, {'pst': (80, 7), 'tst': 1}, {'pst': (52, 10), 'tst': 1}, {'pst': (94, 7), 'tst': 0}]",0.6306565517644072,6.6110137088122425
95,8,,"[0, 1, 2, 3, 4, 5, 6, 7, 8, 9, 10, 11, 12, 13, 14, 15, 16, 17, 18, 19]","[{'pst': (89, 9), 'tst': 5}, {'pst': (61, 10), 'tst': 4}, {'pst': (63, 7), 'tst': 3}, {'pst': (84, 0), 'tst': 3}, {'pst': (67, 8), 'tst': 2}, {'pst': (89, 1), 'tst': 2}, {'pst': (93, 8), 'tst': 1}, {'pst': (94, 8), 'tst': 0}]",0.6165156384342474,8.344182497909522
95,9,,"[0, 1, 2, 3, 4, 5, 6, 7, 8, 9, 10, 11, 12, 13, 14, 15, 16, 17, 18, 19]","[{'pst': (86, 0), 'tst': 6}, {'pst': (86, 10), 'tst': 4}, {'pst': (43, 19), 'tst': 2}, {'pst': (38, 3), 'tst': 2}, {'pst': (81, 5), 'tst': 1}, {'pst': (40, 0), 'tst': 1}, {'pst': (61, 10), 'tst': 0}, {'pst': (82, 18), 'tst': 0}]",0.6165156384342474,8.344182497909522
95,10,,"[0, 1, 2, 3, 4, 5, 6, 7, 8, 9, 10, 11, 12, 13, 14, 15, 16, 17, 18, 19]","[{'pst': (87, 3), 'tst': 6}, {'pst': (77, 13), 'tst': 4}, {'pst': (84, 4), 'tst': 3}, {'pst': (92, 10), 'tst': 2}, {'pst': (60, 16), 'tst': 2}, {'pst': (91, 2), 'tst': 1}, {'pst': (40, 0), 'tst': 1}, {'pst': (94, 10), 'tst': 0}]",0.6165156384342474,8.344182497909522
95,11,,"[0, 1, 2, 3, 4, 5, 6, 7, 8, 9, 10, 11, 12, 13, 14, 15, 16, 17, 18, 19]","[{'pst': (57, 4), 'tst': 5}, {'pst': (91, 11), 'tst': 3}, {'pst': (89, 5), 'tst': 3}, {'pst': (83, 2), 'tst': 2}, {'pst': (72, 11), 'tst': 2}, {'pst': (85, 2), 'tst': 1}, {'pst': (20, 8), 'tst': 0}, {'pst': (48, 11), 'tst': 0}]",0.5990306428598764,7.432517935986725
95,12,,"[0, 1, 2, 3, 4, 5, 6, 7, 8, 9, 10, 11, 12, 13, 14, 15, 16, 17, 18, 19]","[{'pst': (75, 6), 'tst': 7}, {'pst': (70, 17), 'tst': 4}, {'pst': (84, 2), 'tst': 2}, {'pst': (84, 9), 'tst': 2}, {'pst': (81, 5), 'tst': 1}, {'pst': (89, 0), 'tst': 1}, {'pst': (84, 4), 'tst': 0}, {'pst': (92, 5), 'tst': 0}]",0.610930233236468,7.040217591759696
95,13,,"[0, 1, 2, 3, 4, 5, 6, 7, 8, 9, 10, 11, 12, 13, 14, 15, 16, 17, 18, 19]","[{'pst': (81, 5), 'tst': 5}, {'pst': (90, 13), 'tst': 4}, {'pst': (83, 11), 'tst': 4}, {'pst': (91, 2), 'tst': 2}, {'pst': (57, 4), 'tst': 2}, {'pst': (43, 19), 'tst': 1}, {'pst': (92, 3), 'tst': 0}, {'pst': (20, 8), 'tst': 0}]",0.5906655532746978,7.261901417863967
95,14,,"[0, 1, 2, 3, 4, 5, 6, 7, 8, 9, 10, 11, 12, 13, 14, 15, 16, 17, 18, 19]","[{'pst': (63, 7), 'tst': 7}, {'pst': (38, 3), 'tst': 6}, {'pst': (82, 6), 'tst': 3}, {'pst': (61, 10), 'tst': 2}, {'pst': (60, 9), 'tst': 2}, {'pst': (91, 11), 'tst': 1}, {'pst': (87, 0), 'tst': 0}, {'pst': (82, 18), 'tst': 0}]",0.6165156384342474,8.344182497909522
95,15,,"[0, 1, 2, 3, 4, 5, 6, 7, 8, 9, 10, 11, 12, 13, 14, 15, 16, 17, 18, 19]","[{'pst': (86, 17), 'tst': 4}, {'pst': (89, 19), 'tst': 3}, {'pst': (83, 15), 'tst': 1}, {'pst': (81, 5), 'tst': 1}, {'pst': (72, 11), 'tst': 1}, {'pst': (84, 0), 'tst': 1}, {'pst': (92, 19), 'tst': 0}, {'pst': (75, 6), 'tst': 0}]",0.6165156384342474,8.344182497909522
95,16,,"[0, 1, 2, 3, 4, 5, 6, 7, 8, 9, 10, 11, 12, 13, 14, 15, 16, 17, 18, 19]","[{'pst': (67, 8), 'tst': 5}, {'pst': (84, 9), 'tst': 5}, {'pst': (89, 1), 'tst': 3}, {'pst': (46, 5), 'tst': 2}, {'pst': (92, 5), 'tst': 2}, {'pst': (55, 17), 'tst': 1}, {'pst': (57, 4), 'tst': 0}, {'pst': (85, 2), 'tst': 0}]",0.5953574210826224,7.508224449897318
95,17,,"[0, 1, 2, 3, 4, 5, 6, 7, 8, 9, 10, 11, 12, 13, 14, 15, 16, 17, 18, 19]","[{'pst': (60, 9), 'tst': 6}, {'pst': (71, 12), 'tst': 6}, {'pst': (87, 3), 'tst': 3}, {'pst': (61, 10), 'tst': 2}, {'pst': (57, 4), 'tst': 2}, {'pst': (49, 3), 'tst': 1}, {'pst': (71, 7), 'tst': 0}, {'pst': (60, 13), 'tst': 0}]",0.5942386631469825,7.625391679214867
95,18,,"[0, 1, 2, 3, 4, 5, 6, 7, 8, 9, 10, 11, 12, 13, 14, 15, 16, 17, 18, 19]","[{'pst': (43, 19), 'tst': 5}, {'pst': (82, 18), 'tst': 3}, {'pst': (85, 9), 'tst': 2}, {'pst': (90, 13), 'tst': 2}, {'pst': (89, 5), 'tst': 1}, {'pst': (72, 18), 'tst': 1}, {'pst': (67, 8), 'tst': 0}, {'pst': (84, 0), 'tst': 0}]",0.6165156384342474,8.344182497909522
95,19,"{'text': 'If you want to legalize drugs, then you should also legalize prostitution.'}","[0, 1, 2, 3, 4, 5, 6, 7, 8, 9, 10, 11, 12, 13, 14, 15, 16, 17, 18, 19]","[{'pst': (48, 1), 'tst': 3}, {'pst': (53, 8), 'tst': 3}, {'pst': (92, 19), 'tst': 2}, {'pst': (78, 11), 'tst': 2}, {'pst': (43, 19), 'tst': 1}, {'pst': (87, 0), 'tst': 1}, {'pst': (89, 19), 'tst': 0}, {'pst': (89, 5), 'tst': 0}]",0.6070071930731191,7.635249400128382
96,0,"{'text': 'If you want to legalize drugs, then you should also legalize prostitution.'}","[0, 1, 2, 3, 4, 5, 6, 7, 8, 9, 10, 11, 12, 13, 14, 15, 16, 17, 18, 19]","[{'pst': (83, 2), 'tst': 5}, {'pst': (71, 7), 'tst': 4}, {'pst': (92, 0), 'tst': 3}, {'pst': (94, 0), 'tst': 1}, {'pst': (85, 2), 'tst': 1}, {'pst': (86, 0), 'tst': 1}, {'pst': (95, 19), 'tst': 0}, {'pst': (87, 0), 'tst': 0}]",0.6165156384342474,8.344182497909522
96,1,,"[0, 1, 2, 3, 4, 5, 6, 7, 8, 9, 10, 11, 12, 13, 14, 15, 16, 17, 18, 19]","[{'pst': (89, 5), 'tst': 3}, {'pst': (87, 0), 'tst': 3}, {'pst': (78, 11), 'tst': 2}, {'pst': (71, 12), 'tst': 2}, {'pst': (67, 8), 'tst': 1}, {'pst': (38, 3), 'tst': 1}, {'pst': (60, 16), 'tst': 0}, {'pst': (91, 9), 'tst': 0}]",0.6165156384342474,8.344182497909522
96,2,,"[0, 1, 2, 3, 4, 5, 6, 7, 8, 9, 10, 11, 12, 13, 14, 15, 16, 17, 18, 19]","[{'pst': (75, 6), 'tst': 5}, {'pst': (91, 2), 'tst': 4}, {'pst': (38, 3), 'tst': 3}, {'pst': (91, 9), 'tst': 3}, {'pst': (84, 2), 'tst': 2}, {'pst': (85, 9), 'tst': 1}, {'pst': (86, 0), 'tst': 1}, {'pst': (85, 2), 'tst': 0}]",0.6165156384342474,8.344182497909522
96,3,"{'text': 'If you want to legalize drugs, then you should also legalize prostitution.'}","[0, 1, 2, 3, 4, 5, 6, 7, 8, 9, 10, 11, 12, 13, 14, 15, 16, 17, 18, 19]","[{'pst': (67, 8), 'tst': 5}, {'pst': (89, 0), 'tst': 5}, {'pst': (92, 3), 'tst': 3}, {'pst': (46, 5), 'tst': 1}, {'pst': (52, 10), 'tst': 1}, {'pst': (40, 0), 'tst': 1}, {'pst': (83, 2), 'tst': 0}, {'pst': (92, 5), 'tst': 0}]",0.6329982628389594,6.648522001611032
96,4,,"[0, 1, 2, 3, 4, 5, 6, 7, 8, 9, 10, 11, 12, 13, 14, 15, 16, 17, 18, 19]","[{'pst': (87, 3), 'tst': 4}, {'pst': (92, 3), 'tst': 3}, {'pst': (89, 1), 'tst': 2}, {'pst': (87, 0), 'tst': 2}, {'pst': (70, 17), 'tst': 1}, {'pst': (91, 11), 'tst': 1}, {'pst': (57, 4), 'tst': 0}, {'pst': (89, 0), 'tst': 0}]",0.5883606303647034,7.165541354479586
96,5,,"[0, 1, 2, 3, 4, 5, 6, 7, 8, 9, 10, 11, 12, 13, 14, 15, 16, 17, 18, 19]","[{'pst': (72, 11), 'tst': 4}, {'pst': (20, 8), 'tst': 4}, {'pst': (52, 10), 'tst': 2}, {'pst': (48, 1), 'tst': 2}, {'pst': (94, 5), 'tst': 1}, {'pst': (94, 6), 'tst': 1}, {'pst': (95, 5), 'tst': 0}, {'pst': (83, 2), 'tst': 0}]",0.596854508957366,7.587854510547595
96,6,,"[0, 1, 2, 3, 4, 5, 6, 7, 8, 9, 10, 11, 12, 13, 14, 15, 16, 17, 18, 19]","[{'pst': (81, 5), 'tst': 5}, {'pst': (60, 8), 'tst': 4}, {'pst': (61, 10), 'tst': 3}, {'pst': (93, 6), 'tst': 2}, {'pst': (94, 6), 'tst': 1}, {'pst': (94, 10), 'tst': 1}, {'pst': (83, 11), 'tst': 0}, {'pst': (92, 7), 'tst': 0}]",0.6165156384342474,8.344182497909522
96,7,"{'text': 'If you want to legalize drugs, then you should also legalize prostitution.'}","[0, 1, 2, 3, 4, 5, 6, 7, 8, 9, 10, 11, 12, 13, 14, 15, 16, 17, 18, 19]","[{'pst': (85, 12), 'tst': 10}, {'pst': (89, 0), 'tst': 6}, {'pst': (92, 7), 'tst': 3}, {'pst': (52, 10), 'tst': 2}, {'pst': (94, 7), 'tst': 1}, {'pst': (71, 7), 'tst': 0}, {'pst': (81, 5), 'tst': 0}, {'pst': (87, 0), 'tst': 0}]",0.6329982628389594,6.648522001611032
96,8,"{'text': 'If you want to legalize drugs, then you should also legalize prostitution.'}","[0, 1, 2, 3, 4, 5, 6, 7, 8, 9, 10, 11, 12, 13, 14, 15, 16, 17, 18, 19]","[{'pst': (89, 9), 'tst': 6}, {'pst': (61, 10), 'tst': 5}, {'pst': (84, 0), 'tst': 4}, {'pst': (67, 8), 'tst': 3}, {'pst': (93, 8), 'tst': 2}, {'pst': (94, 8), 'tst': 1}, {'pst': (84, 9), 'tst': 0}, {'pst': (60, 13), 'tst': 0}]",0.6165156384342474,8.344182497909522
96,9,"{'text': 'If you want to legalize drugs, then you should also legalize prostitution.'}","[0, 1, 2, 3, 4, 5, 6, 7, 8, 9, 10, 11, 12, 13, 14, 15, 16, 17, 18, 19]","[{'pst': (86, 10), 'tst': 5}, {'pst': (43, 19), 'tst': 3}, {'pst': (38, 3), 'tst': 3}, {'pst': (81, 5), 'tst': 2}, {'pst': (40, 0), 'tst': 2}, {'pst': (61, 10), 'tst': 1}, {'pst': (82, 18), 'tst': 1}, {'pst': (60, 13), 'tst': 0}]",0.6165156384342474,8.344182497909522
96,10,,"[0, 1, 2, 3, 4, 5, 6, 7, 8, 9, 10, 11, 12, 13, 14, 15, 16, 17, 18, 19]","[{'pst': (87, 3), 'tst': 7}, {'pst': (77, 13), 'tst': 5}, {'pst': (92, 10), 'tst': 3}, {'pst': (60, 16), 'tst': 3}, {'pst': (91, 2), 'tst': 2}, {'pst': (40, 0), 'tst': 2}, {'pst': (94, 10), 'tst': 1}, {'pst': (60, 13), 'tst': 0}]",0.6165156384342474,8.344182497909522
96,11,,"[0, 1, 2, 3, 4, 5, 6, 7, 8, 9, 10, 11, 12, 13, 14, 15, 16, 17, 18, 19]","[{'pst': (91, 11), 'tst': 4}, {'pst': (89, 5), 'tst': 4}, {'pst': (83, 2), 'tst': 3}, {'pst': (72, 11), 'tst': 3}, {'pst': (85, 2), 'tst': 2}, {'pst': (20, 8), 'tst': 1}, {'pst': (48, 11), 'tst': 1}, {'pst': (82, 18), 'tst': 0}]",0.5995571728742716,8.17015841909731
96,12,,"[0, 1, 2, 3, 4, 5, 6, 7, 8, 9, 10, 11, 12, 13, 14, 15, 16, 17, 18, 19]","[{'pst': (70, 17), 'tst': 5}, {'pst': (84, 9), 'tst': 3}, {'pst': (81, 5), 'tst': 2}, {'pst': (89, 0), 'tst': 2}, {'pst': (84, 4), 'tst': 1}, {'pst': (92, 5), 'tst': 1}, {'pst': (92, 10), 'tst': 0}, {'pst': (40, 0), 'tst': 0}]",0.6154540169306824,6.808465381977741
96,13,,"[0, 1, 2, 3, 4, 5, 6, 7, 8, 9, 10, 11, 12, 13, 14, 15, 16, 17, 18, 19]","[{'pst': (81, 5), 'tst': 6}, {'pst': (83, 11), 'tst': 5}, {'pst': (91, 2), 'tst': 3}, {'pst': (43, 19), 'tst': 2}, {'pst': (92, 3), 'tst': 1}, {'pst': (20, 8), 'tst': 1}, {'pst': (70, 17), 'tst': 0}, {'pst': (91, 9), 'tst': 0}]",0.5995571728742716,8.17015841909731
96,14,"{'text': 'If you want to legalize drugs, then you should also legalize prostitution.'}","[0, 1, 2, 3, 4, 5, 6, 7, 8, 9, 10, 11, 12, 13, 14, 15, 16, 17, 18, 19]","[{'pst': (63, 7), 'tst': 8}, {'pst': (61, 10), 'tst': 3}, {'pst': (60, 9), 'tst': 3}, {'pst': (91, 11), 'tst': 2}, {'pst': (87, 0), 'tst': 1}, {'pst': (82, 18), 'tst': 1}, {'pst': (75, 6), 'tst': 0}, {'pst': (94, 0), 'tst': 0}]",0.6165156384342474,8.344182497909522
96,15,,"[0, 1, 2, 3, 4, 5, 6, 7, 8, 9, 10, 11, 12, 13, 14, 15, 16, 17, 18, 19]","[{'pst': (83, 15), 'tst': 2}, {'pst': (81, 5), 'tst': 2}, {'pst': (72, 11), 'tst': 2}, {'pst': (84, 0), 'tst': 2}, {'pst': (92, 19), 'tst': 1}, {'pst': (75, 6), 'tst': 1}, {'pst': (38, 3), 'tst': 0}, {'pst': (48, 11), 'tst': 0}]",0.6165156384342474,8.344182497909522
96,16,,"[0, 1, 2, 3, 4, 5, 6, 7, 8, 9, 10, 11, 12, 13, 14, 15, 16, 17, 18, 19]","[{'pst': (89, 1), 'tst': 4}, {'pst': (46, 5), 'tst': 3}, {'pst': (92, 5), 'tst': 3}, {'pst': (55, 17), 'tst': 2}, {'pst': (57, 4), 'tst': 1}, {'pst': (85, 2), 'tst': 1}, {'pst': (70, 17), 'tst': 0}, {'pst': (20, 8), 'tst': 0}]",0.5906655532746978,7.261901417863967
96,17,,"[0, 1, 2, 3, 4, 5, 6, 7, 8, 9, 10, 11, 12, 13, 14, 15, 16, 17, 18, 19]","[{'pst': (60, 9), 'tst': 7}, {'pst': (87, 3), 'tst': 4}, {'pst': (61, 10), 'tst': 3}, {'pst': (49, 3), 'tst': 2}, {'pst': (71, 7), 'tst': 1}, {'pst': (60, 13), 'tst': 1}, {'pst': (94, 7), 'tst': 0}, {'pst': (94, 10), 'tst': 0}]",0.6165156384342474,8.344182497909522
96,18,,"[0, 1, 2, 3, 4, 5, 6, 7, 8, 9, 10, 11, 12, 13, 14, 15, 16, 17, 18, 19]","[{'pst': (82, 18), 'tst': 4}, {'pst': (85, 9), 'tst': 3}, {'pst': (90, 13), 'tst': 3}, {'pst': (89, 5), 'tst': 2}, {'pst': (67, 8), 'tst': 1}, {'pst': (84, 0), 'tst': 1}, {'pst': (95, 5), 'tst': 0}, {'pst': (93, 3), 'tst': 0}]",0.6165156384342474,8.344182497909522
96,19,,"[0, 1, 2, 3, 4, 5, 6, 7, 8, 9, 10, 11, 12, 13, 14, 15, 16, 17, 18, 19]","[{'pst': (48, 1), 'tst': 4}, {'pst': (78, 11), 'tst': 3}, {'pst': (43, 19), 'tst': 2}, {'pst': (87, 0), 'tst': 2}, {'pst': (89, 19), 'tst': 1}, {'pst': (89, 5), 'tst': 1}, {'pst': (95, 19), 'tst': 0}, {'pst': (55, 17), 'tst': 0}]",0.6070071930731191,7.635249400128382
97,0,,"[0, 1, 2, 3, 4, 5, 6, 7, 8, 9, 10, 11, 12, 13, 14, 15, 16, 17, 18, 19]","[{'pst': (83, 2), 'tst': 6}, {'pst': (71, 7), 'tst': 5}, {'pst': (94, 0), 'tst': 2}, {'pst': (85, 2), 'tst': 2}, {'pst': (86, 0), 'tst': 2}, {'pst': (95, 19), 'tst': 1}, {'pst': (87, 0), 'tst': 1}, {'pst': (96, 0), 'tst': 0}]",0.6165156384342474,8.344182497909522
97,1,,"[0, 1, 2, 3, 4, 5, 6, 7, 8, 9, 10, 11, 12, 13, 14, 15, 16, 17, 18, 19]","[{'pst': (89, 5), 'tst': 4}, {'pst': (87, 0), 'tst': 4}, {'pst': (67, 8), 'tst': 2}, {'pst': (38, 3), 'tst': 2}, {'pst': (60, 16), 'tst': 1}, {'pst': (91, 9), 'tst': 1}, {'pst': (57, 4), 'tst': 0}, {'pst': (52, 10), 'tst': 0}]",0.5953574210826224,7.508224449897318
97,2,,"[0, 1, 2, 3, 4, 5, 6, 7, 8, 9, 10, 11, 12, 13, 14, 15, 16, 17, 18, 19]","[{'pst': (38, 3), 'tst': 4}, {'pst': (91, 9), 'tst': 4}, {'pst': (84, 2), 'tst': 3}, {'pst': (85, 9), 'tst': 2}, {'pst': (86, 0), 'tst': 2}, {'pst': (85, 2), 'tst': 1}, {'pst': (92, 5), 'tst': 0}, {'pst': (90, 13), 'tst': 0}]",0.6165156384342474,8.344182497909522
97,3,,"[0, 1, 2, 3, 4, 5, 6, 7, 8, 9, 10, 11, 12, 13, 14, 15, 16, 17, 18, 19]","[{'pst': (89, 0), 'tst': 6}, {'pst': (46, 5), 'tst': 2}, {'pst': (52, 10), 'tst': 2}, {'pst': (40, 0), 'tst': 2}, {'pst': (83, 2), 'tst': 1}, {'pst': (92, 5), 'tst': 1}, {'pst': (96, 3), 'tst': 0}]",0.6143503902303857,6.555307337176966
97,4,,"[0, 1, 2, 3, 4, 5, 6, 7, 8, 9, 10, 11, 12, 13, 14, 15, 16, 17, 18, 19]","[{'pst': (87, 3), 'tst': 5}, {'pst': (92, 3), 'tst': 4}, {'pst': (89, 1), 'tst': 3}, {'pst': (91, 11), 'tst': 2}, {'pst': (57, 4), 'tst': 1}, {'pst': (89, 0), 'tst': 1}, {'pst': (86, 10), 'tst': 0}, {'pst': (90, 13), 'tst': 0}]",0.6008474847811158,6.580420374954273
97,5,,"[0, 1, 2, 3, 4, 5, 6, 7, 8, 9, 10, 11, 12, 13, 14, 15, 16, 17, 18, 19]","[{'pst': (72, 11), 'tst': 5}, {'pst': (52, 10), 'tst': 3}, {'pst': (48, 1), 'tst': 3}, {'pst': (94, 5), 'tst': 2}, {'pst': (94, 6), 'tst': 2}, {'pst': (95, 5), 'tst': 1}, {'pst': (83, 2), 'tst': 1}, {'pst': (92, 7), 'tst': 0}]",0.5994139301602949,7.6378727009057314
97,6,"{'text': 'If you want to legalize drugs, then you should also legalize prostitution.'}","[0, 1, 2, 3, 4, 5, 6, 7, 8, 9, 10, 11, 12, 13, 14, 15, 16, 17, 18, 19]","[{'pst': (81, 5), 'tst': 6}, {'pst': (61, 10), 'tst': 4}, {'pst': (93, 6), 'tst': 3}, {'pst': (94, 6), 'tst': 2}, {'pst': (94, 10), 'tst': 2}, {'pst': (83, 11), 'tst': 1}, {'pst': (92, 7), 'tst': 1}, {'pst': (40, 0), 'tst': 0}]",0.6165156384342474,8.344182497909522
97,7,,"[0, 1, 2, 3, 4, 5, 6, 7, 8, 9, 10, 11, 12, 13, 14, 15, 16, 17, 18, 19]","[{'pst': (92, 7), 'tst': 4}, {'pst': (52, 10), 'tst': 3}, {'pst': (94, 7), 'tst': 2}, {'pst': (71, 7), 'tst': 1}, {'pst': (81, 5), 'tst': 1}, {'pst': (87, 0), 'tst': 1}, {'pst': (96, 7), 'tst': 0}]",0.6153244845836598,8.296834613616072
97,8,,"[0, 1, 2, 3, 4, 5, 6, 7, 8, 9, 10, 11, 12, 13, 14, 15, 16, 17, 18, 19]","[{'pst': (61, 10), 'tst': 6}, {'pst': (67, 8), 'tst': 4}, {'pst': (93, 8), 'tst': 3}, {'pst': (94, 8), 'tst': 2}, {'pst': (84, 9), 'tst': 1}, {'pst': (60, 13), 'tst': 1}, {'pst': (96, 8), 'tst': 0}, {'pst': (48, 1), 'tst': 0}]",0.5869730431339416,7.4467967542349776
97,9,,"[0, 1, 2, 3, 4, 5, 6, 7, 8, 9, 10, 11, 12, 13, 14, 15, 16, 17, 18, 19]","[{'pst': (43, 19), 'tst': 4}, {'pst': (38, 3), 'tst': 4}, {'pst': (81, 5), 'tst': 3}, {'pst': (40, 0), 'tst': 3}, {'pst': (61, 10), 'tst': 2}, {'pst': (82, 18), 'tst': 2}, {'pst': (60, 13), 'tst': 1}, {'pst': (96, 9), 'tst': 0}]",0.6165156384342474,8.344182497909522
97,10,"{'text': 'If you want to legalize drugs, then you should also legalize prostitution.'}","[0, 1, 2, 3, 4, 5, 6, 7, 8, 9, 10, 11, 12, 13, 14, 15, 16, 17, 18, 19]","[{'pst': (87, 3), 'tst': 8}, {'pst': (92, 10), 'tst': 4}, {'pst': (60, 16), 'tst': 4}, {'pst': (91, 2), 'tst': 3}, {'pst': (94, 10), 'tst': 2}, {'pst': (60, 13), 'tst': 1}, {'pst': (83, 2), 'tst': 0}, {'pst': (60, 9), 'tst': 0}]",0.6165156384342474,8.344182497909522
97,11,,"[0, 1, 2, 3, 4, 5, 6, 7, 8, 9, 10, 11, 12, 13, 14, 15, 16, 17, 18, 19]","[{'pst': (89, 5), 'tst': 5}, {'pst': (83, 2), 'tst': 4}, {'pst': (72, 11), 'tst': 4}, {'pst': (20, 8), 'tst': 2}, {'pst': (48, 11), 'tst': 2}, {'pst': (82, 18), 'tst': 1}, {'pst': (91, 9), 'tst': 0}, {'pst': (48, 1), 'tst': 0}]",0.5757222016178007,7.483309630623797
97,12,,"[0, 1, 2, 3, 4, 5, 6, 7, 8, 9, 10, 11, 12, 13, 14, 15, 16, 17, 18, 19]","[{'pst': (81, 5), 'tst': 3}, {'pst': (89, 0), 'tst': 3}, {'pst': (84, 4), 'tst': 2}, {'pst': (92, 5), 'tst': 2}, {'pst': (92, 10), 'tst': 1}, {'pst': (40, 0), 'tst': 1}]",0.628790394584282,6.567982975281442
97,13,,"[0, 1, 2, 3, 4, 5, 6, 7, 8, 9, 10, 11, 12, 13, 14, 15, 16, 17, 18, 19]","[{'pst': (83, 11), 'tst': 6}, {'pst': (43, 19), 'tst': 3}, {'pst': (92, 3), 'tst': 2}, {'pst': (20, 8), 'tst': 2}, {'pst': (70, 17), 'tst': 1}, {'pst': (91, 9), 'tst': 1}, {'pst': (86, 10), 'tst': 0}, {'pst': (82, 18), 'tst': 0}]",0.6008318238064116,8.113078855830857
97,14,,"[0, 1, 2, 3, 4, 5, 6, 7, 8, 9, 10, 11, 12, 13, 14, 15, 16, 17, 18, 19]","[{'pst': (61, 10), 'tst': 4}, {'pst': (60, 9), 'tst': 4}, {'pst': (87, 0), 'tst': 2}, {'pst': (82, 18), 'tst': 2}, {'pst': (75, 6), 'tst': 1}, {'pst': (94, 0), 'tst': 1}, {'pst': (96, 14), 'tst': 0}, {'pst': (83, 11), 'tst': 0}]",0.6165156384342474,8.344182497909522
97,15,,"[0, 1, 2, 3, 4, 5, 6, 7, 8, 9, 10, 11, 12, 13, 14, 15, 16, 17, 18, 19]","[{'pst': (83, 15), 'tst': 3}, {'pst': (84, 0), 'tst': 3}, {'pst': (92, 19), 'tst': 2}, {'pst': (75, 6), 'tst': 2}, {'pst': (38, 3), 'tst': 1}, {'pst': (48, 11), 'tst': 1}, {'pst': (72, 11), 'tst': 0}, {'pst': (96, 14), 'tst': 0}]",0.6165156384342474,8.344182497909522
97,16,,"[0, 1, 2, 3, 4, 5, 6, 7, 8, 9, 10, 11, 12, 13, 14, 15, 16, 17, 18, 19]","[{'pst': (89, 1), 'tst': 5}, {'pst': (46, 5), 'tst': 4}, {'pst': (92, 5), 'tst': 4}, {'pst': (57, 4), 'tst': 2}, {'pst': (85, 2), 'tst': 2}, {'pst': (70, 17), 'tst': 1}, {'pst': (20, 8), 'tst': 1}, {'pst': (48, 11), 'tst': 0}]",0.5949878067158856,7.546163625262266
97,17,,"[0, 1, 2, 3, 4, 5, 6, 7, 8, 9, 10, 11, 12, 13, 14, 15, 16, 17, 18, 19]","[{'pst': (61, 10), 'tst': 4}, {'pst': (49, 3), 'tst': 3}, {'pst': (71, 7), 'tst': 2}, {'pst': (60, 13), 'tst': 2}, {'pst': (94, 7), 'tst': 1}, {'pst': (94, 10), 'tst': 1}, {'pst': (43, 19), 'tst': 0}, {'pst': (89, 5), 'tst': 0}]",0.6165156384342474,8.344182497909522
97,18,,"[0, 1, 2, 3, 4, 5, 6, 7, 8, 9, 10, 11, 12, 13, 14, 15, 16, 17, 18, 19]","[{'pst': (82, 18), 'tst': 5}, {'pst': (85, 9), 'tst': 4}, {'pst': (67, 8), 'tst': 2}, {'pst': (84, 0), 'tst': 2}, {'pst': (95, 5), 'tst': 1}, {'pst': (93, 3), 'tst': 1}, {'pst': (94, 8), 'tst': 0}, {'pst': (93, 8), 'tst': 0}]",0.6165156384342474,8.344182497909522
97,19,,"[0, 1, 2, 3, 4, 5, 6, 7, 8, 9, 10, 11, 12, 13, 14, 15, 16, 17, 18, 19]","[{'pst': (48, 1), 'tst': 5}, {'pst': (78, 11), 'tst': 4}, {'pst': (87, 0), 'tst': 3}, {'pst': (89, 19), 'tst': 2}, {'pst': (89, 5), 'tst': 2}, {'pst': (95, 19), 'tst': 1}, {'pst': (55, 17), 'tst': 1}, {'pst': (67, 8), 'tst': 0}]",0.6070071930731191,7.635249400128382
98,0,"{'text': ""It's not about legalizing drugs, it's about legalizing prostitution. If you want to legalize drugs, then you should also legalize prostitution.""}","[0, 1, 2, 3, 4, 5, 6, 7, 8, 9, 10, 11, 12, 13, 14, 15, 16, 17, 18, 19]","[{'pst': (71, 7), 'tst': 6}, {'pst': (94, 0), 'tst': 3}, {'pst': (85, 2), 'tst': 3}, {'pst': (86, 0), 'tst': 3}, {'pst': (95, 19), 'tst': 2}, {'pst': (87, 0), 'tst': 2}, {'pst': (96, 0), 'tst': 1}, {'pst': (91, 2), 'tst': 0}]",0.6165156384342474,8.344182497909522
98,1,,"[0, 1, 2, 3, 4, 5, 6, 7, 8, 9, 10, 11, 12, 13, 14, 15, 16, 17, 18, 19]","[{'pst': (89, 5), 'tst': 5}, {'pst': (67, 8), 'tst': 3}, {'pst': (38, 3), 'tst': 3}, {'pst': (91, 9), 'tst': 2}, {'pst': (57, 4), 'tst': 1}, {'pst': (52, 10), 'tst': 1}, {'pst': (55, 17), 'tst': 0}, {'pst': (92, 7), 'tst': 0}]",0.5942386631469825,7.625391679214867
98,2,,"[0, 1, 2, 3, 4, 5, 6, 7, 8, 9, 10, 11, 12, 13, 14, 15, 16, 17, 18, 19]","[{'pst': (91, 9), 'tst': 5}, {'pst': (84, 2), 'tst': 4}, {'pst': (86, 0), 'tst': 3}, {'pst': (85, 2), 'tst': 2}, {'pst': (92, 5), 'tst': 1}, {'pst': (90, 13), 'tst': 1}, {'pst': (96, 7), 'tst': 0}, {'pst': (89, 0), 'tst': 0}]",0.6158828132845511,8.28634373160585
98,3,,"[0, 1, 2, 3, 4, 5, 6, 7, 8, 9, 10, 11, 12, 13, 14, 15, 16, 17, 18, 19]","[{'pst': (46, 5), 'tst': 3}, {'pst': (52, 10), 'tst': 3}, {'pst': (40, 0), 'tst': 3}, {'pst': (83, 2), 'tst': 2}, {'pst': (96, 3), 'tst': 1}, {'pst': (92, 19), 'tst': 0}, {'pst': (89, 19), 'tst': 0}, {'pst': (72, 11), 'tst': 0}]",0.6165156384342474,8.344182497909522
98,4,"{'text': 'If you want to legalize drugs, then you should also legalize prostitution.'}","[0, 1, 2, 3, 4, 5, 6, 7, 8, 9, 10, 11, 12, 13, 14, 15, 16, 17, 18, 19]","[{'pst': (87, 3), 'tst': 6}, {'pst': (91, 11), 'tst': 3}, {'pst': (57, 4), 'tst': 2}, {'pst': (89, 0), 'tst': 2}, {'pst': (86, 10), 'tst': 1}, {'pst': (90, 13), 'tst': 1}, {'pst': (94, 8), 'tst': 0}, {'pst': (84, 4), 'tst': 0}]",0.6054053479384063,6.425480957871032
98,5,,"[0, 1, 2, 3, 4, 5, 6, 7, 8, 9, 10, 11, 12, 13, 14, 15, 16, 17, 18, 19]","[{'pst': (48, 1), 'tst': 4}, {'pst': (94, 5), 'tst': 3}, {'pst': (94, 6), 'tst': 3}, {'pst': (95, 5), 'tst': 2}, {'pst': (83, 2), 'tst': 2}, {'pst': (92, 7), 'tst': 1}, {'pst': (60, 9), 'tst': 0}, {'pst': (20, 8), 'tst': 0}]",0.5970290389958974,7.279248816617369
98,6,,"[0, 1, 2, 3, 4, 5, 6, 7, 8, 9, 10, 11, 12, 13, 14, 15, 16, 17, 18, 19]","[{'pst': (81, 5), 'tst': 7}, {'pst': (61, 10), 'tst': 5}, {'pst': (94, 10), 'tst': 3}, {'pst': (83, 11), 'tst': 2}, {'pst': (92, 7), 'tst': 2}, {'pst': (40, 0), 'tst': 1}, {'pst': (97, 6), 'tst': 0}, {'pst': (84, 4), 'tst': 0}]",0.6165156384342474,8.344182497909522
98,7,,"[0, 1, 2, 3, 4, 5, 6, 7, 8, 9, 10, 11, 12, 13, 14, 15, 16, 17, 18, 19]","[{'pst': (92, 7), 'tst': 5}, {'pst': (52, 10), 'tst': 4}, {'pst': (94, 7), 'tst': 3}, {'pst': (87, 0), 'tst': 2}, {'pst': (96, 7), 'tst': 1}, {'pst': (92, 10), 'tst': 0}, {'pst': (83, 15), 'tst': 0}, {'pst': (95, 19), 'tst': 0}]",0.6165156384342474,8.344182497909522
98,8,,"[0, 1, 2, 3, 4, 5, 6, 7, 8, 9, 10, 11, 12, 13, 14, 15, 16, 17, 18, 19]","[{'pst': (93, 8), 'tst': 4}, {'pst': (94, 8), 'tst': 3}, {'pst': (84, 9), 'tst': 2}, {'pst': (60, 13), 'tst': 2}, {'pst': (96, 8), 'tst': 1}, {'pst': (48, 1), 'tst': 1}, {'pst': (84, 2), 'tst': 0}, {'pst': (82, 18), 'tst': 0}]",0.5935817745966367,7.62185488736539
98,9,,"[0, 1, 2, 3, 4, 5, 6, 7, 8, 9, 10, 11, 12, 13, 14, 15, 16, 17, 18, 19]","[{'pst': (43, 19), 'tst': 5}, {'pst': (38, 3), 'tst': 5}, {'pst': (81, 5), 'tst': 4}, {'pst': (40, 0), 'tst': 4}, {'pst': (82, 18), 'tst': 3}, {'pst': (60, 13), 'tst': 2}, {'pst': (96, 9), 'tst': 1}, {'pst': (48, 1), 'tst': 0}]",0.5869730431339416,7.4467967542349776
98,10,,"[0, 1, 2, 3, 4, 5, 6, 7, 8, 9, 10, 11, 12, 13, 14, 15, 16, 17, 18, 19]","[{'pst': (60, 16), 'tst': 5}, {'pst': (91, 2), 'tst': 4}, {'pst': (94, 10), 'tst': 3}, {'pst': (60, 13), 'tst': 2}, {'pst': (83, 2), 'tst': 1}, {'pst': (60, 9), 'tst': 1}, {'pst': (97, 10), 'tst': 0}, {'pst': (89, 19), 'tst': 0}]",0.6165156384342474,8.344182497909522
98,11,,"[0, 1, 2, 3, 4, 5, 6, 7, 8, 9, 10, 11, 12, 13, 14, 15, 16, 17, 18, 19]","[{'pst': (89, 5), 'tst': 6}, {'pst': (20, 8), 'tst': 3}, {'pst': (48, 11), 'tst': 3}, {'pst': (82, 18), 'tst': 2}, {'pst': (91, 9), 'tst': 1}, {'pst': (48, 1), 'tst': 1}, {'pst': (71, 7), 'tst': 0}, {'pst': (75, 6), 'tst': 0}]",0.5886583835004188,7.461967689790444
98,12,,"[0, 1, 2, 3, 4, 5, 6, 7, 8, 9, 10, 11, 12, 13, 14, 15, 16, 17, 18, 19]","[{'pst': (81, 5), 'tst': 4}, {'pst': (89, 0), 'tst': 4}, {'pst': (84, 4), 'tst': 3}, {'pst': (92, 10), 'tst': 2}, {'pst': (40, 0), 'tst': 0}, {'pst': (90, 13), 'tst': 0}, {'pst': (89, 1), 'tst': 0}, {'pst': (94, 0), 'tst': 0}]",0.6329982628389594,6.648522001611032
98,13,,"[0, 1, 2, 3, 4, 5, 6, 7, 8, 9, 10, 11, 12, 13, 14, 15, 16, 17, 18, 19]","[{'pst': (43, 19), 'tst': 4}, {'pst': (92, 3), 'tst': 3}, {'pst': (20, 8), 'tst': 3}, {'pst': (91, 9), 'tst': 2}, {'pst': (86, 10), 'tst': 1}, {'pst': (82, 18), 'tst': 1}, {'pst': (97, 6), 'tst': 0}, {'pst': (60, 9), 'tst': 0}]",0.6038078398652693,8.102273919042998
98,14,,"[0, 1, 2, 3, 4, 5, 6, 7, 8, 9, 10, 11, 12, 13, 14, 15, 16, 17, 18, 19]","[{'pst': (61, 10), 'tst': 5}, {'pst': (87, 0), 'tst': 3}, {'pst': (82, 18), 'tst': 3}, {'pst': (94, 0), 'tst': 2}, {'pst': (96, 14), 'tst': 1}, {'pst': (83, 11), 'tst': 1}, {'pst': (97, 10), 'tst': 0}, {'pst': (84, 0), 'tst': 0}]",0.6165156384342474,8.344182497909522
98,15,"{'text': 'If you want to legalize drugs, then you should also legalize prostitution.'}","[0, 1, 2, 3, 4, 5, 6, 7, 8, 9, 10, 11, 12, 13, 14, 15, 16, 17, 18, 19]","[{'pst': (84, 0), 'tst': 4}, {'pst': (92, 19), 'tst': 3}, {'pst': (75, 6), 'tst': 3}, {'pst': (38, 3), 'tst': 2}, {'pst': (48, 11), 'tst': 2}, {'pst': (72, 11), 'tst': 1}, {'pst': (96, 14), 'tst': 1}, {'pst': (92, 5), 'tst': 0}]",0.6165156384342474,8.344182497909522
98,16,,"[0, 1, 2, 3, 4, 5, 6, 7, 8, 9, 10, 11, 12, 13, 14, 15, 16, 17, 18, 19]","[{'pst': (89, 1), 'tst': 6}, {'pst': (46, 5), 'tst': 5}, {'pst': (85, 2), 'tst': 3}, {'pst': (70, 17), 'tst': 2}, {'pst': (20, 8), 'tst': 2}, {'pst': (48, 11), 'tst': 1}, {'pst': (92, 3), 'tst': 0}, {'pst': (75, 6), 'tst': 0}]",0.5992353165332608,8.141999156069968
98,17,,"[0, 1, 2, 3, 4, 5, 6, 7, 8, 9, 10, 11, 12, 13, 14, 15, 16, 17, 18, 19]","[{'pst': (49, 3), 'tst': 4}, {'pst': (71, 7), 'tst': 3}, {'pst': (94, 7), 'tst': 2}, {'pst': (94, 10), 'tst': 2}, {'pst': (43, 19), 'tst': 1}, {'pst': (89, 5), 'tst': 1}, {'pst': (92, 19), 'tst': 0}, {'pst': (52, 10), 'tst': 0}]",0.6165156384342474,8.344182497909522
98,18,,"[0, 1, 2, 3, 4, 5, 6, 7, 8, 9, 10, 11, 12, 13, 14, 15, 16, 17, 18, 19]","[{'pst': (85, 9), 'tst': 5}, {'pst': (84, 0), 'tst': 3}, {'pst': (95, 5), 'tst': 2}, {'pst': (93, 3), 'tst': 2}, {'pst': (94, 8), 'tst': 1}, {'pst': (93, 8), 'tst': 1}, {'pst': (84, 2), 'tst': 0}, {'pst': (91, 9), 'tst': 0}]",0.6165156384342474,8.344182497909522
98,19,,"[0, 1, 2, 3, 4, 5, 6, 7, 8, 9, 10, 11, 12, 13, 14, 15, 16, 17, 18, 19]","[{'pst': (87, 0), 'tst': 4}, {'pst': (89, 19), 'tst': 3}, {'pst': (89, 5), 'tst': 3}, {'pst': (95, 19), 'tst': 2}, {'pst': (55, 17), 'tst': 2}, {'pst': (67, 8), 'tst': 1}, {'pst': (92, 10), 'tst': 0}, {'pst': (71, 7), 'tst': 0}]",0.6165156384342474,8.344182497909522
99,0,,"[0, 1, 2, 3, 4, 5, 6, 7, 8, 9, 10, 11, 12, 13, 14, 15, 16, 17, 18, 19]","[{'pst': (71, 7), 'tst': 7}, {'pst': (94, 0), 'tst': 4}, {'pst': (86, 0), 'tst': 4}, {'pst': (95, 19), 'tst': 3}, {'pst': (87, 0), 'tst': 3}, {'pst': (96, 0), 'tst': 2}, {'pst': (91, 2), 'tst': 1}, {'pst': (98, 0), 'tst': 0}]",0.6082005093617766,8.153861021242456
99,1,"{'text': 'If you want to legalize drugs, then you should also legalize prostitution.'}","[0, 1, 2, 3, 4, 5, 6, 7, 8, 9, 10, 11, 12, 13, 14, 15, 16, 17, 18, 19]","[{'pst': (38, 3), 'tst': 4}, {'pst': (91, 9), 'tst': 3}, {'pst': (57, 4), 'tst': 2}, {'pst': (52, 10), 'tst': 2}, {'pst': (55, 17), 'tst': 1}, {'pst': (92, 7), 'tst': 1}, {'pst': (85, 9), 'tst': 0}, {'pst': (83, 11), 'tst': 0}]",0.5994139301602949,7.6378727009057314
99,2,"{'text': 'If you want to legalize drugs, then you should also legalize prostitution.'}","[0, 1, 2, 3, 4, 5, 6, 7, 8, 9, 10, 11, 12, 13, 14, 15, 16, 17, 18, 19]","[{'pst': (84, 2), 'tst': 5}, {'pst': (86, 0), 'tst': 4}, {'pst': (92, 5), 'tst': 2}, {'pst': (90, 13), 'tst': 2}, {'pst': (96, 7), 'tst': 1}, {'pst': (89, 0), 'tst': 1}, {'pst': (60, 16), 'tst': 0}, {'pst': (87, 0), 'tst': 0}]",0.610930233236468,7.040217591759696
99,3,,"[0, 1, 2, 3, 4, 5, 6, 7, 8, 9, 10, 11, 12, 13, 14, 15, 16, 17, 18, 19]","[{'pst': (52, 10), 'tst': 4}, {'pst': (83, 2), 'tst': 3}, {'pst': (96, 3), 'tst': 2}, {'pst': (92, 19), 'tst': 1}, {'pst': (89, 19), 'tst': 1}, {'pst': (72, 11), 'tst': 1}, {'pst': (86, 10), 'tst': 0}, {'pst': (87, 0), 'tst': 0}]",0.6165156384342474,8.344182497909522
99,4,,"[0, 1, 2, 3, 4, 5, 6, 7, 8, 9, 10, 11, 12, 13, 14, 15, 16, 17, 18, 19]","[{'pst': (87, 3), 'tst': 7}, {'pst': (91, 11), 'tst': 4}, {'pst': (57, 4), 'tst': 3}, {'pst': (86, 10), 'tst': 2}, {'pst': (94, 8), 'tst': 1}, {'pst': (84, 4), 'tst': 1}, {'pst': (98, 4), 'tst': 0}, {'pst': (84, 9), 'tst': 0}]",0.5994139301602949,7.6378727009057314
99,5,,"[0, 1, 2, 3, 4, 5, 6, 7, 8, 9, 10, 11, 12, 13, 14, 15, 16, 17, 18, 19]","[{'pst': (48, 1), 'tst': 5}, {'pst': (94, 6), 'tst': 4}, {'pst': (95, 5), 'tst': 3}, {'pst': (83, 2), 'tst': 3}, {'pst': (60, 9), 'tst': 1}, {'pst': (20, 8), 'tst': 1}, {'pst': (46, 5), 'tst': 0}, {'pst': (92, 5), 'tst': 0}]",0.5964438211051808,7.482801061283032
99,6,,"[0, 1, 2, 3, 4, 5, 6, 7, 8, 9, 10, 11, 12, 13, 14, 15, 16, 17, 18, 19]","[{'pst': (81, 5), 'tst': 8}, {'pst': (61, 10), 'tst': 6}, {'pst': (83, 11), 'tst': 3}, {'pst': (40, 0), 'tst': 2}, {'pst': (97, 6), 'tst': 1}, {'pst': (84, 4), 'tst': 1}, {'pst': (55, 17), 'tst': 0}, {'pst': (94, 6), 'tst': 0}]",0.6165156384342474,8.344182497909522
99,7,"{'text': 'If you want to legalize drugs, then you should also legalize prostitution.'}","[0, 1, 2, 3, 4, 5, 6, 7, 8, 9, 10, 11, 12, 13, 14, 15, 16, 17, 18, 19]","[{'pst': (92, 7), 'tst': 6}, {'pst': (52, 10), 'tst': 5}, {'pst': (96, 7), 'tst': 2}, {'pst': (92, 10), 'tst': 1}, {'pst': (83, 15), 'tst': 1}, {'pst': (95, 19), 'tst': 1}, {'pst': (61, 10), 'tst': 0}, {'pst': (96, 3), 'tst': 0}]",0.6165156384342474,8.344182497909522
99,8,"{'text': 'Legalizing drugs would not be the only option; there may still be a market of illegal drugs, for example if it is cheaper than the legal choice.'}","[0, 1, 2, 3, 4, 5, 6, 7, 8, 9, 10, 11, 12, 13, 14, 15, 16, 17, 18, 19]","[{'pst': (93, 8), 'tst': 5}, {'pst': (84, 9), 'tst': 3}, {'pst': (60, 13), 'tst': 3}, {'pst': (96, 8), 'tst': 2}, {'pst': (48, 1), 'tst': 2}, {'pst': (84, 2), 'tst': 1}, {'pst': (82, 18), 'tst': 1}, {'pst': (57, 4), 'tst': 0}]",0.5889828136937293,7.708890758198782
99,9,,"[0, 1, 2, 3, 4, 5, 6, 7, 8, 9, 10, 11, 12, 13, 14, 15, 16, 17, 18, 19]","[{'pst': (81, 5), 'tst': 5}, {'pst': (40, 0), 'tst': 5}, {'pst': (82, 18), 'tst': 4}, {'pst': (60, 13), 'tst': 3}, {'pst': (96, 9), 'tst': 2}, {'pst': (48, 1), 'tst': 1}, {'pst': (98, 0), 'tst': 0}, {'pst': (43, 19), 'tst': 0}]",0.5975130831927705,7.935561820029055
99,10,,"[0, 1, 2, 3, 4, 5, 6, 7, 8, 9, 10, 11, 12, 13, 14, 15, 16, 17, 18, 19]","[{'pst': (91, 2), 'tst': 5}, {'pst': (94, 10), 'tst': 4}, {'pst': (60, 13), 'tst': 3}, {'pst': (83, 2), 'tst': 2}, {'pst': (60, 9), 'tst': 2}, {'pst': (97, 10), 'tst': 1}, {'pst': (89, 19), 'tst': 1}, {'pst': (84, 2), 'tst': 0}]",0.6165156384342474,8.344182497909522
99,11,"{'text': 'If you want to legalize drugs, then you should also legalize prostitution.'}","[0, 1, 2, 3, 4, 5, 6, 7, 8, 9, 10, 11, 12, 13, 14, 15, 16, 17, 18, 19]","[{'pst': (20, 8), 'tst': 4}, {'pst': (48, 11), 'tst': 4}, {'pst': (82, 18), 'tst': 3}, {'pst': (91, 9), 'tst': 2}, {'pst': (48, 1), 'tst': 2}, {'pst': (71, 7), 'tst': 1}, {'pst': (75, 6), 'tst': 1}, {'pst': (91, 2), 'tst': 0}]",0.5872060204134144,7.348494600274561
99,12,,"[0, 1, 2, 3, 4, 5, 6, 7, 8, 9, 10, 11, 12, 13, 14, 15, 16, 17, 18, 19]","[{'pst': (81, 5), 'tst': 5}, {'pst': (84, 4), 'tst': 4}, {'pst': (40, 0), 'tst': 1}, {'pst': (90, 13), 'tst': 1}, {'pst': (89, 1), 'tst': 1}, {'pst': (94, 0), 'tst': 1}]",0.6135901410960284,8.267867965468785
99,13,,"[0, 1, 2, 3, 4, 5, 6, 7, 8, 9, 10, 11, 12, 13, 14, 15, 16, 17, 18, 19]","[{'pst': (43, 19), 'tst': 5}, {'pst': (92, 3), 'tst': 4}, {'pst': (20, 8), 'tst': 4}, {'pst': (86, 10), 'tst': 2}, {'pst': (97, 6), 'tst': 1}, {'pst': (60, 9), 'tst': 1}, {'pst': (98, 0), 'tst': 0}, {'pst': (84, 2), 'tst': 0}]",0.5994505453411656,8.067858799269581
99,14,,"[0, 1, 2, 3, 4, 5, 6, 7, 8, 9, 10, 11, 12, 13, 14, 15, 16, 17, 18, 19]","[{'pst': (61, 10), 'tst': 6}, {'pst': (82, 18), 'tst': 4}, {'pst': (94, 0), 'tst': 3}, {'pst': (96, 14), 'tst': 2}, {'pst': (97, 10), 'tst': 1}, {'pst': (84, 0), 'tst': 1}, {'pst': (49, 3), 'tst': 0}, {'pst': (96, 8), 'tst': 0}]",0.6165156384342474,8.344182497909522
99,15,,"[0, 1, 2, 3, 4, 5, 6, 7, 8, 9, 10, 11, 12, 13, 14, 15, 16, 17, 18, 19]","[{'pst': (84, 0), 'tst': 5}, {'pst': (92, 19), 'tst': 4}, {'pst': (75, 6), 'tst': 4}, {'pst': (72, 11), 'tst': 2}, {'pst': (96, 14), 'tst': 2}, {'pst': (92, 5), 'tst': 1}, {'pst': (98, 15), 'tst': 0}, {'pst': (94, 7), 'tst': 0}]",0.6165156384342474,8.344182497909522
99,16,,"[0, 1, 2, 3, 4, 5, 6, 7, 8, 9, 10, 11, 12, 13, 14, 15, 16, 17, 18, 19]","[{'pst': (46, 5), 'tst': 6}, {'pst': (70, 17), 'tst': 3}, {'pst': (20, 8), 'tst': 3}, {'pst': (48, 11), 'tst': 2}, {'pst': (92, 3), 'tst': 1}, {'pst': (75, 6), 'tst': 1}, {'pst': (87, 3), 'tst': 0}, {'pst': (91, 2), 'tst': 0}]",0.6038078398652693,8.102273919042998
99,17,,"[0, 1, 2, 3, 4, 5, 6, 7, 8, 9, 10, 11, 12, 13, 14, 15, 16, 17, 18, 19]","[{'pst': (94, 7), 'tst': 3}, {'pst': (94, 10), 'tst': 3}, {'pst': (43, 19), 'tst': 2}, {'pst': (89, 5), 'tst': 2}, {'pst': (92, 19), 'tst': 1}, {'pst': (52, 10), 'tst': 1}, {'pst': (86, 0), 'tst': 0}, {'pst': (89, 0), 'tst': 0}]",0.6158828132845511,8.28634373160585
99,18,,"[0, 1, 2, 3, 4, 5, 6, 7, 8, 9, 10, 11, 12, 13, 14, 15, 16, 17, 18, 19]","[{'pst': (85, 9), 'tst': 6}, {'pst': (84, 0), 'tst': 4}, {'pst': (95, 5), 'tst': 3}, {'pst': (93, 8), 'tst': 2}, {'pst': (84, 2), 'tst': 1}, {'pst': (91, 9), 'tst': 1}, {'pst': (97, 6), 'tst': 0}, {'pst': (98, 4), 'tst': 0}]",0.6165156384342474,8.344182497909522
99,19,,"[0, 1, 2, 3, 4, 5, 6, 7, 8, 9, 10, 11, 12, 13, 14, 15, 16, 17, 18, 19]","[{'pst': (87, 0), 'tst': 5}, {'pst': (89, 19), 'tst': 4}, {'pst': (89, 5), 'tst': 4}, {'pst': (67, 8), 'tst': 2}, {'pst': (92, 10), 'tst': 1}, {'pst': (71, 7), 'tst': 1}, {'pst': (83, 15), 'tst': 0}, {'pst': (57, 4), 'tst': 0}]",0.5869730431339416,7.4467967542349776
100,0,,"[0, 1, 2, 3, 4, 5, 6, 7, 8, 9, 10, 11, 12, 13, 14, 15, 16, 17, 18, 19]","[{'pst': (94, 0), 'tst': 5}, {'pst': (86, 0), 'tst': 5}, {'pst': (95, 19), 'tst': 4}, {'pst': (96, 0), 'tst': 3}, {'pst': (91, 2), 'tst': 2}, {'pst': (98, 0), 'tst': 1}, {'pst': (94, 8), 'tst': 0}, {'pst': (84, 2), 'tst': 0}]",0.6060257017397592,8.251169051279291
100,1,,"[0, 1, 2, 3, 4, 5, 6, 7, 8, 9, 10, 11, 12, 13, 14, 15, 16, 17, 18, 19]","[{'pst': (38, 3), 'tst': 5}, {'pst': (57, 4), 'tst': 3}, {'pst': (52, 10), 'tst': 3}, {'pst': (55, 17), 'tst': 2}, {'pst': (92, 7), 'tst': 2}, {'pst': (85, 9), 'tst': 1}, {'pst': (83, 11), 'tst': 1}, {'pst': (99, 1), 'tst': 0}]",0.6034397657486131,7.7033096325632755
100,2,,"[0, 1, 2, 3, 4, 5, 6, 7, 8, 9, 10, 11, 12, 13, 14, 15, 16, 17, 18, 19]","[{'pst': (84, 2), 'tst': 6}, {'pst': (86, 0), 'tst': 5}, {'pst': (92, 5), 'tst': 3}, {'pst': (90, 13), 'tst': 3}, {'pst': (60, 16), 'tst': 1}, {'pst': (87, 0), 'tst': 1}, {'pst': (99, 2), 'tst': 0}, {'pst': (67, 8), 'tst': 0}]",0.6165156384342474,8.344182497909522
100,3,,"[0, 1, 2, 3, 4, 5, 6, 7, 8, 9, 10, 11, 12, 13, 14, 15, 16, 17, 18, 19]","[{'pst': (83, 2), 'tst': 4}, {'pst': (92, 19), 'tst': 2}, {'pst': (89, 19), 'tst': 2}, {'pst': (72, 11), 'tst': 2}, {'pst': (86, 10), 'tst': 1}, {'pst': (87, 0), 'tst': 1}, {'pst': (84, 2), 'tst': 0}, {'pst': (60, 13), 'tst': 0}]",0.6165156384342474,8.344182497909522
100,4,,"[0, 1, 2, 3, 4, 5, 6, 7, 8, 9, 10, 11, 12, 13, 14, 15, 16, 17, 18, 19]","[{'pst': (87, 3), 'tst': 8}, {'pst': (57, 4), 'tst': 4}, {'pst': (94, 8), 'tst': 2}, {'pst': (84, 4), 'tst': 2}, {'pst': (98, 4), 'tst': 1}, {'pst': (84, 9), 'tst': 1}, {'pst': (89, 19), 'tst': 0}, {'pst': (40, 0), 'tst': 0}]",0.6034397657486131,7.7033096325632755
100,5,,"[0, 1, 2, 3, 4, 5, 6, 7, 8, 9, 10, 11, 12, 13, 14, 15, 16, 17, 18, 19]","[{'pst': (48, 1), 'tst': 6}, {'pst': (95, 5), 'tst': 4}, {'pst': (60, 9), 'tst': 2}, {'pst': (20, 8), 'tst': 2}, {'pst': (46, 5), 'tst': 1}, {'pst': (92, 5), 'tst': 1}, {'pst': (71, 7), 'tst': 0}, {'pst': (94, 7), 'tst': 0}]",0.5990608702631979,7.4476978188324106
100,6,,"[0, 1, 2, 3, 4, 5, 6, 7, 8, 9, 10, 11, 12, 13, 14, 15, 16, 17, 18, 19]","[{'pst': (61, 10), 'tst': 7}, {'pst': (83, 11), 'tst': 4}, {'pst': (40, 0), 'tst': 3}, {'pst': (97, 6), 'tst': 2}, {'pst': (84, 4), 'tst': 2}, {'pst': (55, 17), 'tst': 1}, {'pst': (94, 6), 'tst': 1}, {'pst': (60, 16), 'tst': 0}]",0.6165156384342474,8.344182497909522
100,7,,"[0, 1, 2, 3, 4, 5, 6, 7, 8, 9, 10, 11, 12, 13, 14, 15, 16, 17, 18, 19]","[{'pst': (52, 10), 'tst': 6}, {'pst': (92, 10), 'tst': 2}, {'pst': (83, 15), 'tst': 2}, {'pst': (95, 19), 'tst': 2}, {'pst': (61, 10), 'tst': 1}, {'pst': (96, 3), 'tst': 1}, {'pst': (99, 7), 'tst': 0}, {'pst': (89, 19), 'tst': 0}]",0.6165156384342474,8.344182497909522
100,8,,"[0, 1, 2, 3, 4, 5, 6, 7, 8, 9, 10, 11, 12, 13, 14, 15, 16, 17, 18, 19]","[{'pst': (93, 8), 'tst': 6}, {'pst': (60, 13), 'tst': 4}, {'pst': (48, 1), 'tst': 3}, {'pst': (84, 2), 'tst': 2}, {'pst': (82, 18), 'tst': 2}, {'pst': (57, 4), 'tst': 1}, {'pst': (99, 8), 'tst': 0}, {'pst': (94, 8), 'tst': 0}]",0.5998388712879061,7.614490806136029
100,9,,"[0, 1, 2, 3, 4, 5, 6, 7, 8, 9, 10, 11, 12, 13, 14, 15, 16, 17, 18, 19]","[{'pst': (40, 0), 'tst': 6}, {'pst': (60, 13), 'tst': 4}, {'pst': (96, 9), 'tst': 3}, {'pst': (48, 1), 'tst': 2}, {'pst': (98, 0), 'tst': 1}, {'pst': (43, 19), 'tst': 1}, {'pst': (94, 8), 'tst': 0}, {'pst': (70, 17), 'tst': 0}]",0.599243279481884,7.940154113803656
100,10,"{'text': ""I don't think it's a good idea to legalize drugs.""}","[0, 1, 2, 3, 4, 5, 6, 7, 8, 9, 10, 11, 12, 13, 14, 15, 16, 17, 18, 19]","[{'pst': (91, 2), 'tst': 6}, {'pst': (94, 10), 'tst': 5}, {'pst': (83, 2), 'tst': 3}, {'pst': (60, 9), 'tst': 3}, {'pst': (97, 10), 'tst': 2}, {'pst': (84, 2), 'tst': 1}, {'pst': (89, 19), 'tst': 0}, {'pst': (67, 8), 'tst': 0}]",0.6165156384342474,8.344182497909522
100,11,,"[0, 1, 2, 3, 4, 5, 6, 7, 8, 9, 10, 11, 12, 13, 14, 15, 16, 17, 18, 19]","[{'pst': (20, 8), 'tst': 5}, {'pst': (82, 18), 'tst': 4}, {'pst': (91, 9), 'tst': 3}, {'pst': (71, 7), 'tst': 2}, {'pst': (75, 6), 'tst': 2}, {'pst': (91, 2), 'tst': 1}, {'pst': (99, 11), 'tst': 0}, {'pst': (96, 0), 'tst': 0}]",0.6059854040092377,7.915764049037844
100,12,,"[0, 1, 2, 3, 4, 5, 6, 7, 8, 9, 10, 11, 12, 13, 14, 15, 16, 17, 18, 19]","[{'pst': (81, 5), 'tst': 6}, {'pst': (90, 13), 'tst': 2}, {'pst': (89, 1), 'tst': 2}, {'pst': (94, 0), 'tst': 2}, {'pst': (96, 0), 'tst': 0}, {'pst': (83, 2), 'tst': 0}, {'pst': (86, 0), 'tst': 0}, {'pst': (94, 10), 'tst': 0}]",0.6165156384342474,8.344182497909522
100,13,,"[0, 1, 2, 3, 4, 5, 6, 7, 8, 9, 10, 11, 12, 13, 14, 15, 16, 17, 18, 19]","[{'pst': (43, 19), 'tst': 6}, {'pst': (20, 8), 'tst': 5}, {'pst': (86, 10), 'tst': 3}, {'pst': (97, 6), 'tst': 2}, {'pst': (60, 9), 'tst': 2}, {'pst': (98, 0), 'tst': 1}, {'pst': (84, 2), 'tst': 1}, {'pst': (84, 9), 'tst': 0}]",0.6014205622198384,8.037507321605538
100,14,,"[0, 1, 2, 3, 4, 5, 6, 7, 8, 9, 10, 11, 12, 13, 14, 15, 16, 17, 18, 19]","[{'pst': (61, 10), 'tst': 7}, {'pst': (82, 18), 'tst': 5}, {'pst': (96, 14), 'tst': 3}, {'pst': (97, 10), 'tst': 2}, {'pst': (84, 0), 'tst': 2}, {'pst': (49, 3), 'tst': 1}, {'pst': (96, 8), 'tst': 1}, {'pst': (98, 4), 'tst': 0}]",0.6165156384342474,8.344182497909522
100,15,,"[0, 1, 2, 3, 4, 5, 6, 7, 8, 9, 10, 11, 12, 13, 14, 15, 16, 17, 18, 19]","[{'pst': (75, 6), 'tst': 5}, {'pst': (72, 11), 'tst': 3}, {'pst': (96, 14), 'tst': 3}, {'pst': (92, 5), 'tst': 2}, {'pst': (98, 15), 'tst': 1}, {'pst': (94, 7), 'tst': 1}, {'pst': (97, 6), 'tst': 0}, {'pst': (89, 0), 'tst': 0}]",0.6158828132845511,8.28634373160585
100,16,,"[0, 1, 2, 3, 4, 5, 6, 7, 8, 9, 10, 11, 12, 13, 14, 15, 16, 17, 18, 19]","[{'pst': (46, 5), 'tst': 7}, {'pst': (48, 11), 'tst': 3}, {'pst': (92, 3), 'tst': 2}, {'pst': (75, 6), 'tst': 2}, {'pst': (87, 3), 'tst': 1}, {'pst': (91, 2), 'tst': 1}, {'pst': (94, 8), 'tst': 0}, {'pst': (99, 1), 'tst': 0}]",0.6165156384342474,8.344182497909522
100,17,"{'text': 'If you want to legalize drugs, then you should also legalize prostitution.'}","[0, 1, 2, 3, 4, 5, 6, 7, 8, 9, 10, 11, 12, 13, 14, 15, 16, 17, 18, 19]","[{'pst': (94, 7), 'tst': 4}, {'pst': (94, 10), 'tst': 4}, {'pst': (92, 19), 'tst': 2}, {'pst': (52, 10), 'tst': 2}, {'pst': (86, 0), 'tst': 1}, {'pst': (89, 0), 'tst': 1}, {'pst': (67, 8), 'tst': 0}, {'pst': (94, 6), 'tst': 0}]",0.610930233236468,7.040217591759696
100,18,,"[0, 1, 2, 3, 4, 5, 6, 7, 8, 9, 10, 11, 12, 13, 14, 15, 16, 17, 18, 19]","[{'pst': (85, 9), 'tst': 7}, {'pst': (84, 0), 'tst': 5}, {'pst': (95, 5), 'tst': 4}, {'pst': (91, 9), 'tst': 2}, {'pst': (97, 6), 'tst': 1}, {'pst': (98, 4), 'tst': 1}, {'pst': (92, 10), 'tst': 0}, {'pst': (48, 1), 'tst': 0}]",0.5869730431339416,7.4467967542349776
100,19,,"[0, 1, 2, 3, 4, 5, 6, 7, 8, 9, 10, 11, 12, 13, 14, 15, 16, 17, 18, 19]","[{'pst': (87, 0), 'tst': 6}, {'pst': (67, 8), 'tst': 3}, {'pst': (92, 10), 'tst': 2}, {'pst': (71, 7), 'tst': 2}, {'pst': (83, 15), 'tst': 1}, {'pst': (57, 4), 'tst': 1}, {'pst': (91, 2), 'tst': 0}, {'pst': (99, 7), 'tst': 0}]",0.5935817745966367,7.62185488736539
101,0,"{'text': 'If you want to legalize drugs, then you should also legalize prostitution.'}","[0, 1, 2, 3, 4, 5, 6, 7, 8, 9, 10, 11, 12, 13, 14, 15, 16, 17, 18, 19]","[{'pst': (94, 0), 'tst': 6}, {'pst': (86, 0), 'tst': 6}, {'pst': (95, 19), 'tst': 5}, {'pst': (98, 0), 'tst': 2}, {'pst': (94, 8), 'tst': 1}, {'pst': (84, 2), 'tst': 1}, {'pst': (89, 19), 'tst': 0}, {'pst': (70, 17), 'tst': 0}]",0.6070471343718176,8.187395112398931
101,1,,"[0, 1, 2, 3, 4, 5, 6, 7, 8, 9, 10, 11, 12, 13, 14, 15, 16, 17, 18, 19]","[{'pst': (38, 3), 'tst': 6}, {'pst': (52, 10), 'tst': 4}, {'pst': (55, 17), 'tst': 3}, {'pst': (92, 7), 'tst': 3}, {'pst': (85, 9), 'tst': 2}, {'pst': (83, 11), 'tst': 2}, {'pst': (99, 1), 'tst': 1}, {'pst': (96, 14), 'tst': 0}]",0.6165156384342474,8.344182497909522
101,2,,"[0, 1, 2, 3, 4, 5, 6, 7, 8, 9, 10, 11, 12, 13, 14, 15, 16, 17, 18, 19]","[{'pst': (84, 2), 'tst': 7}, {'pst': (92, 5), 'tst': 4}, {'pst': (60, 16), 'tst': 2}, {'pst': (87, 0), 'tst': 2}, {'pst': (99, 2), 'tst': 1}, {'pst': (67, 8), 'tst': 1}, {'pst': (87, 3), 'tst': 0}, {'pst': (95, 5), 'tst': 0}]",0.6165156384342474,8.344182497909522
101,3,,"[0, 1, 2, 3, 4, 5, 6, 7, 8, 9, 10, 11, 12, 13, 14, 15, 16, 17, 18, 19]","[{'pst': (83, 2), 'tst': 5}, {'pst': (92, 19), 'tst': 3}, {'pst': (89, 19), 'tst': 3}, {'pst': (86, 10), 'tst': 2}, {'pst': (84, 2), 'tst': 1}, {'pst': (60, 13), 'tst': 1}, {'pst': (94, 8), 'tst': 0}, {'pst': (38, 3), 'tst': 0}]",0.6165156384342474,8.344182497909522
101,4,,"[0, 1, 2, 3, 4, 5, 6, 7, 8, 9, 10, 11, 12, 13, 14, 15, 16, 17, 18, 19]","[{'pst': (57, 4), 'tst': 5}, {'pst': (94, 8), 'tst': 3}, {'pst': (84, 4), 'tst': 3}, {'pst': (98, 4), 'tst': 2}, {'pst': (84, 9), 'tst': 2}, {'pst': (89, 19), 'tst': 1}, {'pst': (40, 0), 'tst': 1}, {'pst': (81, 5), 'tst': 0}]",0.6070071930731191,7.635249400128382
101,5,"{'text': 'If you want to legalize drugs, then you should also legalize prostitution.'}","[0, 1, 2, 3, 4, 5, 6, 7, 8, 9, 10, 11, 12, 13, 14, 15, 16, 17, 18, 19]","[{'pst': (95, 5), 'tst': 5}, {'pst': (60, 9), 'tst': 3}, {'pst': (20, 8), 'tst': 3}, {'pst': (46, 5), 'tst': 2}, {'pst': (92, 5), 'tst': 2}, {'pst': (71, 7), 'tst': 1}, {'pst': (94, 7), 'tst': 1}, {'pst': (92, 3), 'tst': 0}]",0.6038078398652693,8.102273919042998
101,6,,"[0, 1, 2, 3, 4, 5, 6, 7, 8, 9, 10, 11, 12, 13, 14, 15, 16, 17, 18, 19]","[{'pst': (61, 10), 'tst': 8}, {'pst': (40, 0), 'tst': 4}, {'pst': (97, 6), 'tst': 3}, {'pst': (84, 4), 'tst': 3}, {'pst': (55, 17), 'tst': 2}, {'pst': (60, 16), 'tst': 1}, {'pst': (49, 3), 'tst': 0}, {'pst': (83, 11), 'tst': 0}]",0.6165156384342474,8.344182497909522
101,7,,"[0, 1, 2, 3, 4, 5, 6, 7, 8, 9, 10, 11, 12, 13, 14, 15, 16, 17, 18, 19]","[{'pst': (92, 10), 'tst': 3}, {'pst': (95, 19), 'tst': 3}, {'pst': (61, 10), 'tst': 2}, {'pst': (96, 3), 'tst': 2}, {'pst': (99, 7), 'tst': 1}, {'pst': (89, 19), 'tst': 1}, {'pst': (84, 0), 'tst': 0}, {'pst': (82, 18), 'tst': 0}]",0.6165156384342474,8.344182497909522
101,8,,"[0, 1, 2, 3, 4, 5, 6, 7, 8, 9, 10, 11, 12, 13, 14, 15, 16, 17, 18, 19]","[{'pst': (48, 1), 'tst': 4}, {'pst': (84, 2), 'tst': 3}, {'pst': (82, 18), 'tst': 3}, {'pst': (57, 4), 'tst': 2}, {'pst': (99, 8), 'tst': 1}, {'pst': (94, 8), 'tst': 1}, {'pst': (46, 5), 'tst': 0}, {'pst': (72, 11), 'tst': 0}]",0.6016667504900879,7.758627434119035
101,9,,"[0, 1, 2, 3, 4, 5, 6, 7, 8, 9, 10, 11, 12, 13, 14, 15, 16, 17, 18, 19]","[{'pst': (40, 0), 'tst': 7}, {'pst': (48, 1), 'tst': 3}, {'pst': (98, 0), 'tst': 2}, {'pst': (43, 19), 'tst': 2}, {'pst': (94, 8), 'tst': 1}, {'pst': (70, 17), 'tst': 1}, {'pst': (71, 7), 'tst': 0}, {'pst': (98, 15), 'tst': 0}]",0.5960903018616291,7.868689202198279
101,10,"{'text': 'If you want to legalize drugs, then you should also legalize prostitution.'}","[0, 1, 2, 3, 4, 5, 6, 7, 8, 9, 10, 11, 12, 13, 14, 15, 16, 17, 18, 19]","[{'pst': (94, 10), 'tst': 6}, {'pst': (83, 2), 'tst': 4}, {'pst': (60, 9), 'tst': 4}, {'pst': (97, 10), 'tst': 3}, {'pst': (84, 2), 'tst': 2}, {'pst': (89, 19), 'tst': 1}, {'pst': (67, 8), 'tst': 1}, {'pst': (100, 10), 'tst': 0}]",0.5063286544961123,6.476345072781321
101,11,,"[0, 1, 2, 3, 4, 5, 6, 7, 8, 9, 10, 11, 12, 13, 14, 15, 16, 17, 18, 19]","[{'pst': (91, 9), 'tst': 4}, {'pst': (71, 7), 'tst': 3}, {'pst': (75, 6), 'tst': 3}, {'pst': (91, 2), 'tst': 2}, {'pst': (99, 11), 'tst': 1}, {'pst': (96, 0), 'tst': 1}, {'pst': (70, 17), 'tst': 0}, {'pst': (60, 13), 'tst': 0}]",0.6165156384342474,8.344182497909522
101,12,,"[0, 1, 2, 3, 4, 5, 6, 7, 8, 9, 10, 11, 12, 13, 14, 15, 16, 17, 18, 19]","[{'pst': (90, 13), 'tst': 3}, {'pst': (94, 0), 'tst': 3}, {'pst': (96, 0), 'tst': 1}, {'pst': (83, 2), 'tst': 1}, {'pst': (86, 0), 'tst': 1}, {'pst': (94, 10), 'tst': 1}, {'pst': (60, 9), 'tst': 0}, {'pst': (96, 9), 'tst': 0}]",0.6165156384342474,8.344182497909522
101,13,,"[0, 1, 2, 3, 4, 5, 6, 7, 8, 9, 10, 11, 12, 13, 14, 15, 16, 17, 18, 19]","[{'pst': (20, 8), 'tst': 6}, {'pst': (86, 10), 'tst': 4}, {'pst': (97, 6), 'tst': 3}, {'pst': (98, 0), 'tst': 2}, {'pst': (84, 2), 'tst': 2}, {'pst': (84, 9), 'tst': 1}, {'pst': (84, 4), 'tst': 0}, {'pst': (89, 0), 'tst': 0}]",0.5974053271185725,7.625900032018736
101,14,,"[0, 1, 2, 3, 4, 5, 6, 7, 8, 9, 10, 11, 12, 13, 14, 15, 16, 17, 18, 19]","[{'pst': (82, 18), 'tst': 6}, {'pst': (97, 10), 'tst': 3}, {'pst': (84, 0), 'tst': 3}, {'pst': (49, 3), 'tst': 2}, {'pst': (96, 8), 'tst': 2}, {'pst': (98, 4), 'tst': 1}, {'pst': (95, 5), 'tst': 0}, {'pst': (99, 11), 'tst': 0}]",0.6165156384342474,8.344182497909522
101,15,,"[0, 1, 2, 3, 4, 5, 6, 7, 8, 9, 10, 11, 12, 13, 14, 15, 16, 17, 18, 19]","[{'pst': (75, 6), 'tst': 6}, {'pst': (72, 11), 'tst': 4}, {'pst': (96, 14), 'tst': 4}, {'pst': (92, 5), 'tst': 3}, {'pst': (97, 6), 'tst': 1}, {'pst': (89, 0), 'tst': 1}, {'pst': (94, 6), 'tst': 0}, {'pst': (92, 3), 'tst': 0}]",0.610930233236468,7.040217591759696
101,16,,"[0, 1, 2, 3, 4, 5, 6, 7, 8, 9, 10, 11, 12, 13, 14, 15, 16, 17, 18, 19]","[{'pst': (46, 5), 'tst': 8}, {'pst': (92, 3), 'tst': 3}, {'pst': (75, 6), 'tst': 3}, {'pst': (87, 3), 'tst': 2}, {'pst': (91, 2), 'tst': 2}, {'pst': (94, 8), 'tst': 1}, {'pst': (99, 1), 'tst': 1}, {'pst': (60, 13), 'tst': 0}]",0.6165156384342474,8.344182497909522
101,17,,"[0, 1, 2, 3, 4, 5, 6, 7, 8, 9, 10, 11, 12, 13, 14, 15, 16, 17, 18, 19]","[{'pst': (92, 19), 'tst': 3}, {'pst': (52, 10), 'tst': 3}, {'pst': (86, 0), 'tst': 2}, {'pst': (89, 0), 'tst': 2}, {'pst': (67, 8), 'tst': 1}, {'pst': (94, 6), 'tst': 1}, {'pst': (100, 17), 'tst': 0}, {'pst': (48, 1), 'tst': 0}]",0.5796190684127553,6.362340153683503
101,18,"{'text': 'If you want to legalize drugs, then you should also legalize prostitution.'}","[0, 1, 2, 3, 4, 5, 6, 7, 8, 9, 10, 11, 12, 13, 14, 15, 16, 17, 18, 19]","[{'pst': (85, 9), 'tst': 8}, {'pst': (84, 0), 'tst': 6}, {'pst': (91, 9), 'tst': 3}, {'pst': (98, 4), 'tst': 2}, {'pst': (92, 10), 'tst': 1}, {'pst': (48, 1), 'tst': 1}, {'pst': (81, 5), 'tst': 0}, {'pst': (87, 0), 'tst': 0}]",0.5935817745966367,7.62185488736539
101,19,,"[0, 1, 2, 3, 4, 5, 6, 7, 8, 9, 10, 11, 12, 13, 14, 15, 16, 17, 18, 19]","[{'pst': (92, 10), 'tst': 3}, {'pst': (71, 7), 'tst': 3}, {'pst': (83, 15), 'tst': 2}, {'pst': (57, 4), 'tst': 2}, {'pst': (91, 2), 'tst': 1}, {'pst': (99, 7), 'tst': 1}, {'pst': (52, 10), 'tst': 0}, {'pst': (90, 13), 'tst': 0}]",0.5964324883889096,7.633865942322917
102,0,,"[0, 1, 2, 3, 4, 5, 6, 7, 8, 9, 10, 11, 12, 13, 14, 15, 16, 17, 18, 19]","[{'pst': (86, 0), 'tst': 7}, {'pst': (95, 19), 'tst': 6}, {'pst': (98, 0), 'tst': 3}, {'pst': (94, 8), 'tst': 2}, {'pst': (84, 2), 'tst': 2}, {'pst': (89, 19), 'tst': 1}, {'pst': (70, 17), 'tst': 1}, {'pst': (101, 0), 'tst': 0}]",0.6063698101809603,8.148291989748152
102,1,,"[0, 1, 2, 3, 4, 5, 6, 7, 8, 9, 10, 11, 12, 13, 14, 15, 16, 17, 18, 19]","[{'pst': (52, 10), 'tst': 5}, {'pst': (55, 17), 'tst': 4}, {'pst': (92, 7), 'tst': 4}, {'pst': (85, 9), 'tst': 3}, {'pst': (99, 1), 'tst': 2}, {'pst': (96, 14), 'tst': 1}, {'pst': (49, 3), 'tst': 0}, {'pst': (92, 3), 'tst': 0}]",0.6165156384342474,8.344182497909522
102,2,,"[0, 1, 2, 3, 4, 5, 6, 7, 8, 9, 10, 11, 12, 13, 14, 15, 16, 17, 18, 19]","[{'pst': (60, 16), 'tst': 3}, {'pst': (87, 0), 'tst': 3}, {'pst': (99, 2), 'tst': 2}, {'pst': (67, 8), 'tst': 2}, {'pst': (87, 3), 'tst': 1}, {'pst': (95, 5), 'tst': 1}, {'pst': (83, 2), 'tst': 0}, {'pst': (96, 8), 'tst': 0}]",0.6165156384342474,8.344182497909522
102,3,,"[0, 1, 2, 3, 4, 5, 6, 7, 8, 9, 10, 11, 12, 13, 14, 15, 16, 17, 18, 19]","[{'pst': (83, 2), 'tst': 6}, {'pst': (89, 19), 'tst': 4}, {'pst': (86, 10), 'tst': 3}, {'pst': (84, 2), 'tst': 2}, {'pst': (60, 13), 'tst': 2}, {'pst': (94, 8), 'tst': 1}, {'pst': (38, 3), 'tst': 1}, {'pst': (83, 11), 'tst': 0}]",0.6165156384342474,8.344182497909522
102,4,,"[0, 1, 2, 3, 4, 5, 6, 7, 8, 9, 10, 11, 12, 13, 14, 15, 16, 17, 18, 19]","[{'pst': (94, 8), 'tst': 4}, {'pst': (98, 4), 'tst': 3}, {'pst': (84, 9), 'tst': 3}, {'pst': (89, 19), 'tst': 2}, {'pst': (40, 0), 'tst': 2}, {'pst': (81, 5), 'tst': 1}, {'pst': (91, 2), 'tst': 0}, {'pst': (92, 3), 'tst': 0}]",0.6165156384342474,8.344182497909522
102,5,,"[0, 1, 2, 3, 4, 5, 6, 7, 8, 9, 10, 11, 12, 13, 14, 15, 16, 17, 18, 19]","[{'pst': (95, 5), 'tst': 6}, {'pst': (20, 8), 'tst': 4}, {'pst': (46, 5), 'tst': 3}, {'pst': (92, 5), 'tst': 3}, {'pst': (71, 7), 'tst': 2}, {'pst': (94, 7), 'tst': 2}, {'pst': (92, 3), 'tst': 1}, {'pst': (101, 5), 'tst': 0}]",0.6091563271394277,8.120413307104341
102,6,,"[0, 1, 2, 3, 4, 5, 6, 7, 8, 9, 10, 11, 12, 13, 14, 15, 16, 17, 18, 19]","[{'pst': (40, 0), 'tst': 5}, {'pst': (97, 6), 'tst': 4}, {'pst': (84, 4), 'tst': 4}, {'pst': (55, 17), 'tst': 3}, {'pst': (60, 16), 'tst': 2}, {'pst': (49, 3), 'tst': 1}, {'pst': (83, 11), 'tst': 1}, {'pst': (95, 5), 'tst': 0}]",0.6165156384342474,8.344182497909522
102,7,,"[0, 1, 2, 3, 4, 5, 6, 7, 8, 9, 10, 11, 12, 13, 14, 15, 16, 17, 18, 19]","[{'pst': (61, 10), 'tst': 3}, {'pst': (96, 3), 'tst': 3}, {'pst': (99, 7), 'tst': 2}, {'pst': (89, 19), 'tst': 2}, {'pst': (84, 0), 'tst': 1}, {'pst': (82, 18), 'tst': 1}, {'pst': (87, 3), 'tst': 0}, {'pst': (40, 0), 'tst': 0}]",0.6165156384342474,8.344182497909522
102,8,,"[0, 1, 2, 3, 4, 5, 6, 7, 8, 9, 10, 11, 12, 13, 14, 15, 16, 17, 18, 19]","[{'pst': (82, 18), 'tst': 4}, {'pst': (57, 4), 'tst': 3}, {'pst': (99, 8), 'tst': 2}, {'pst': (94, 8), 'tst': 2}, {'pst': (46, 5), 'tst': 1}, {'pst': (72, 11), 'tst': 1}, {'pst': (95, 5), 'tst': 0}, {'pst': (98, 15), 'tst': 0}]",0.60105535587098,7.742755732530279
102,9,"{'text': 'If you want to legalize drugs, then you should also legalize prostitution.'}","[0, 1, 2, 3, 4, 5, 6, 7, 8, 9, 10, 11, 12, 13, 14, 15, 16, 17, 18, 19]","[{'pst': (40, 0), 'tst': 8}, {'pst': (43, 19), 'tst': 3}, {'pst': (94, 8), 'tst': 2}, {'pst': (70, 17), 'tst': 2}, {'pst': (71, 7), 'tst': 1}, {'pst': (98, 15), 'tst': 1}, {'pst': (99, 1), 'tst': 0}, {'pst': (94, 10), 'tst': 0}]",0.6165156384342474,8.344182497909522
102,10,"{'text': 'If you want to legalize drugs, then you should also legalize prostitution.'}","[0, 1, 2, 3, 4, 5, 6, 7, 8, 9, 10, 11, 12, 13, 14, 15, 16, 17, 18, 19]","[{'pst': (94, 10), 'tst': 7}, {'pst': (83, 2), 'tst': 5}, {'pst': (97, 10), 'tst': 4}, {'pst': (84, 2), 'tst': 3}, {'pst': (89, 19), 'tst': 2}, {'pst': (67, 8), 'tst': 2}, {'pst': (100, 10), 'tst': 1}, {'pst': (101, 10), 'tst': 0}]",0.5197382579137843,6.541274105146675
102,11,"{'text': 'If you want to legalize drugs, then you should also legalize prostitution.'}","[0, 1, 2, 3, 4, 5, 6, 7, 8, 9, 10, 11, 12, 13, 14, 15, 16, 17, 18, 19]","[{'pst': (71, 7), 'tst': 4}, {'pst': (91, 2), 'tst': 3}, {'pst': (99, 11), 'tst': 2}, {'pst': (96, 0), 'tst': 2}, {'pst': (70, 17), 'tst': 1}, {'pst': (60, 13), 'tst': 1}, {'pst': (97, 10), 'tst': 0}, {'pst': (100, 10), 'tst': 0}]",0.5063286544961123,6.476345072781321
102,12,,"[0, 1, 2, 3, 4, 5, 6, 7, 8, 9, 10, 11, 12, 13, 14, 15, 16, 17, 18, 19]","[{'pst': (90, 13), 'tst': 4}, {'pst': (96, 0), 'tst': 2}, {'pst': (86, 0), 'tst': 2}, {'pst': (94, 10), 'tst': 2}, {'pst': (60, 9), 'tst': 1}, {'pst': (96, 9), 'tst': 1}, {'pst': (49, 3), 'tst': 0}, {'pst': (95, 19), 'tst': 0}]",0.6165156384342474,8.344182497909522
102,13,,"[0, 1, 2, 3, 4, 5, 6, 7, 8, 9, 10, 11, 12, 13, 14, 15, 16, 17, 18, 19]","[{'pst': (86, 10), 'tst': 5}, {'pst': (98, 0), 'tst': 3}, {'pst': (84, 2), 'tst': 3}, {'pst': (84, 9), 'tst': 2}, {'pst': (84, 4), 'tst': 1}, {'pst': (89, 0), 'tst': 1}, {'pst': (87, 3), 'tst': 0}, {'pst': (46, 5), 'tst': 0}]",0.5958454670994524,6.948259152642619
102,14,,"[0, 1, 2, 3, 4, 5, 6, 7, 8, 9, 10, 11, 12, 13, 14, 15, 16, 17, 18, 19]","[{'pst': (82, 18), 'tst': 7}, {'pst': (97, 10), 'tst': 4}, {'pst': (84, 0), 'tst': 4}, {'pst': (96, 8), 'tst': 3}, {'pst': (95, 5), 'tst': 1}, {'pst': (99, 11), 'tst': 1}, {'pst': (97, 6), 'tst': 0}, {'pst': (89, 0), 'tst': 0}]",0.6158828132845511,8.28634373160585
102,15,,"[0, 1, 2, 3, 4, 5, 6, 7, 8, 9, 10, 11, 12, 13, 14, 15, 16, 17, 18, 19]","[{'pst': (96, 14), 'tst': 5}, {'pst': (92, 5), 'tst': 4}, {'pst': (97, 6), 'tst': 2}, {'pst': (89, 0), 'tst': 2}, {'pst': (94, 6), 'tst': 1}, {'pst': (92, 3), 'tst': 1}, {'pst': (87, 3), 'tst': 0}, {'pst': (70, 17), 'tst': 0}]",0.6154540169306824,6.808465381977741
102,16,"{'text': 'If you want to legalize drugs, then you should also legalize prostitution.'}","[0, 1, 2, 3, 4, 5, 6, 7, 8, 9, 10, 11, 12, 13, 14, 15, 16, 17, 18, 19]","[{'pst': (46, 5), 'tst': 9}, {'pst': (75, 6), 'tst': 4}, {'pst': (87, 3), 'tst': 3}, {'pst': (91, 2), 'tst': 3}, {'pst': (99, 1), 'tst': 2}, {'pst': (60, 13), 'tst': 1}, {'pst': (101, 5), 'tst': 0}, {'pst': (94, 8), 'tst': 0}]",0.6165156384342474,8.344182497909522
102,17,,"[0, 1, 2, 3, 4, 5, 6, 7, 8, 9, 10, 11, 12, 13, 14, 15, 16, 17, 18, 19]","[{'pst': (86, 0), 'tst': 3}, {'pst': (89, 0), 'tst': 3}, {'pst': (67, 8), 'tst': 2}, {'pst': (94, 6), 'tst': 2}, {'pst': (100, 17), 'tst': 1}, {'pst': (48, 1), 'tst': 1}, {'pst': (84, 2), 'tst': 0}, {'pst': (84, 9), 'tst': 0}]",0.5967553791759743,6.352564851466997
102,18,"{'text': 'If you want to legalize drugs, then you should also legalize prostitution.'}","[0, 1, 2, 3, 4, 5, 6, 7, 8, 9, 10, 11, 12, 13, 14, 15, 16, 17, 18, 19]","[{'pst': (85, 9), 'tst': 9}, {'pst': (84, 0), 'tst': 7}, {'pst': (98, 4), 'tst': 3}, {'pst': (92, 10), 'tst': 2}, {'pst': (48, 1), 'tst': 2}, {'pst': (81, 5), 'tst': 1}, {'pst': (87, 0), 'tst': 1}, {'pst': (101, 18), 'tst': 0}]",0.5942386631469825,7.625391679214867
102,19,,"[0, 1, 2, 3, 4, 5, 6, 7, 8, 9, 10, 11, 12, 13, 14, 15, 16, 17, 18, 19]","[{'pst': (92, 10), 'tst': 4}, {'pst': (57, 4), 'tst': 3}, {'pst': (91, 2), 'tst': 2}, {'pst': (99, 7), 'tst': 2}, {'pst': (52, 10), 'tst': 1}, {'pst': (90, 13), 'tst': 1}, {'pst': (100, 17), 'tst': 0}, {'pst': (99, 1), 'tst': 0}]",0.6034397657486131,7.7033096325632755
103,0,,"[0, 1, 2, 3, 4, 5, 6, 7, 8, 9, 10, 11, 12, 13, 14, 15, 16, 17, 18, 19]","[{'pst': (86, 0), 'tst': 8}, {'pst': (98, 0), 'tst': 4}, {'pst': (94, 8), 'tst': 3}, {'pst': (89, 19), 'tst': 2}, {'pst': (70, 17), 'tst': 2}, {'pst': (101, 0), 'tst': 1}, {'pst': (60, 16), 'tst': 0}, {'pst': (57, 4), 'tst': 0}]",0.5782910261624388,7.397870923037431
103,1,,"[0, 1, 2, 3, 4, 5, 6, 7, 8, 9, 10, 11, 12, 13, 14, 15, 16, 17, 18, 19]","[{'pst': (52, 10), 'tst': 6}, {'pst': (55, 17), 'tst': 5}, {'pst': (99, 1), 'tst': 3}, {'pst': (96, 14), 'tst': 2}, {'pst': (49, 3), 'tst': 1}, {'pst': (92, 3), 'tst': 1}, {'pst': (94, 7), 'tst': 0}, {'pst': (96, 8), 'tst': 0}]",0.6165156384342474,8.344182497909522
103,2,"{'text': 'If you want to legalize drugs, then you should also legalize prostitution.'}","[0, 1, 2, 3, 4, 5, 6, 7, 8, 9, 10, 11, 12, 13, 14, 15, 16, 17, 18, 19]","[{'pst': (99, 2), 'tst': 3}, {'pst': (67, 8), 'tst': 3}, {'pst': (87, 3), 'tst': 2}, {'pst': (95, 5), 'tst': 2}, {'pst': (83, 2), 'tst': 1}, {'pst': (96, 8), 'tst': 1}, {'pst': (102, 10), 'tst': 0}, {'pst': (102, 9), 'tst': 0}]",0.6165156384342474,8.344182497909522
103,3,,"[0, 1, 2, 3, 4, 5, 6, 7, 8, 9, 10, 11, 12, 13, 14, 15, 16, 17, 18, 19]","[{'pst': (89, 19), 'tst': 5}, {'pst': (86, 10), 'tst': 4}, {'pst': (84, 2), 'tst': 3}, {'pst': (60, 13), 'tst': 3}, {'pst': (94, 8), 'tst': 2}, {'pst': (83, 11), 'tst': 1}, {'pst': (97, 6), 'tst': 0}, {'pst': (95, 19), 'tst': 0}]",0.6165156384342474,8.344182497909522
103,4,,"[0, 1, 2, 3, 4, 5, 6, 7, 8, 9, 10, 11, 12, 13, 14, 15, 16, 17, 18, 19]","[{'pst': (84, 9), 'tst': 4}, {'pst': (89, 19), 'tst': 3}, {'pst': (40, 0), 'tst': 3}, {'pst': (81, 5), 'tst': 2}, {'pst': (91, 2), 'tst': 1}, {'pst': (92, 3), 'tst': 1}, {'pst': (72, 11), 'tst': 0}, {'pst': (99, 1), 'tst': 0}]",0.6165156384342474,8.344182497909522
103,5,,"[0, 1, 2, 3, 4, 5, 6, 7, 8, 9, 10, 11, 12, 13, 14, 15, 16, 17, 18, 19]","[{'pst': (95, 5), 'tst': 7}, {'pst': (46, 5), 'tst': 4}, {'pst': (92, 5), 'tst': 4}, {'pst': (94, 7), 'tst': 3}, {'pst': (92, 3), 'tst': 2}, {'pst': (101, 5), 'tst': 1}, {'pst': (75, 6), 'tst': 0}, {'pst': (92, 7), 'tst': 0}]",0.6165156384342474,8.344182497909522
103,6,,"[0, 1, 2, 3, 4, 5, 6, 7, 8, 9, 10, 11, 12, 13, 14, 15, 16, 17, 18, 19]","[{'pst': (84, 4), 'tst': 5}, {'pst': (55, 17), 'tst': 4}, {'pst': (60, 16), 'tst': 3}, {'pst': (49, 3), 'tst': 2}, {'pst': (83, 11), 'tst': 2}, {'pst': (95, 5), 'tst': 1}, {'pst': (92, 5), 'tst': 0}, {'pst': (101, 0), 'tst': 0}]",0.6165156384342474,8.344182497909522
103,7,,"[0, 1, 2, 3, 4, 5, 6, 7, 8, 9, 10, 11, 12, 13, 14, 15, 16, 17, 18, 19]","[{'pst': (61, 10), 'tst': 4}, {'pst': (96, 3), 'tst': 4}, {'pst': (99, 7), 'tst': 3}, {'pst': (89, 19), 'tst': 3}, {'pst': (84, 0), 'tst': 2}, {'pst': (87, 3), 'tst': 1}, {'pst': (40, 0), 'tst': 1}, {'pst': (81, 5), 'tst': 0}]",0.6165156384342474,8.344182497909522
103,8,,"[0, 1, 2, 3, 4, 5, 6, 7, 8, 9, 10, 11, 12, 13, 14, 15, 16, 17, 18, 19]","[{'pst': (57, 4), 'tst': 4}, {'pst': (99, 8), 'tst': 3}, {'pst': (94, 8), 'tst': 3}, {'pst': (46, 5), 'tst': 2}, {'pst': (95, 5), 'tst': 1}, {'pst': (98, 15), 'tst': 1}, {'pst': (81, 5), 'tst': 0}, {'pst': (90, 13), 'tst': 0}]",0.6001509467998654,7.793528517786604
103,9,,"[0, 1, 2, 3, 4, 5, 6, 7, 8, 9, 10, 11, 12, 13, 14, 15, 16, 17, 18, 19]","[{'pst': (94, 8), 'tst': 3}, {'pst': (70, 17), 'tst': 3}, {'pst': (71, 7), 'tst': 2}, {'pst': (98, 15), 'tst': 2}, {'pst': (99, 1), 'tst': 1}, {'pst': (94, 10), 'tst': 1}, {'pst': (102, 9), 'tst': 0}, {'pst': (92, 3), 'tst': 0}]",0.6165156384342474,8.344182497909522
103,10,"{'text': 'If you want to legalize drugs, then you should also legalize prostitution.'}","[0, 1, 2, 3, 4, 5, 6, 7, 8, 9, 10, 11, 12, 13, 14, 15, 16, 17, 18, 19]","[{'pst': (97, 10), 'tst': 5}, {'pst': (84, 2), 'tst': 4}, {'pst': (89, 19), 'tst': 3}, {'pst': (67, 8), 'tst': 3}, {'pst': (100, 10), 'tst': 2}, {'pst': (101, 10), 'tst': 1}, {'pst': (102, 10), 'tst': 0}, {'pst': (87, 0), 'tst': 0}]",0.5261791100666078,6.627226733645026
103,11,"{'text': 'If you want to legalize drugs, then you should also legalize prostitution.'}","[0, 1, 2, 3, 4, 5, 6, 7, 8, 9, 10, 11, 12, 13, 14, 15, 16, 17, 18, 19]","[{'pst': (99, 11), 'tst': 3}, {'pst': (96, 0), 'tst': 3}, {'pst': (70, 17), 'tst': 2}, {'pst': (60, 13), 'tst': 2}, {'pst': (97, 10), 'tst': 1}, {'pst': (100, 10), 'tst': 1}, {'pst': (102, 11), 'tst': 0}, {'pst': (96, 14), 'tst': 0}]",0.5231127785215662,6.610595420352757
103,12,,"[0, 1, 2, 3, 4, 5, 6, 7, 8, 9, 10, 11, 12, 13, 14, 15, 16, 17, 18, 19]","[{'pst': (86, 0), 'tst': 3}, {'pst': (94, 10), 'tst': 3}, {'pst': (60, 9), 'tst': 2}, {'pst': (96, 9), 'tst': 2}, {'pst': (49, 3), 'tst': 1}, {'pst': (95, 19), 'tst': 1}, {'pst': (102, 16), 'tst': 0}, {'pst': (97, 10), 'tst': 0}]",0.6165156384342474,8.344182497909522
103,13,,"[0, 1, 2, 3, 4, 5, 6, 7, 8, 9, 10, 11, 12, 13, 14, 15, 16, 17, 18, 19]","[{'pst': (84, 2), 'tst': 4}, {'pst': (84, 9), 'tst': 3}, {'pst': (84, 4), 'tst': 2}, {'pst': (89, 0), 'tst': 2}, {'pst': (87, 3), 'tst': 1}, {'pst': (46, 5), 'tst': 1}, {'pst': (99, 2), 'tst': 0}, {'pst': (87, 0), 'tst': 0}]",0.6154540169306824,6.808465381977741
103,14,"{'text': 'If you want to legalize drugs, then you should also legalize prostitution.'}","[0, 1, 2, 3, 4, 5, 6, 7, 8, 9, 10, 11, 12, 13, 14, 15, 16, 17, 18, 19]","[{'pst': (82, 18), 'tst': 8}, {'pst': (97, 10), 'tst': 5}, {'pst': (96, 8), 'tst': 4}, {'pst': (99, 11), 'tst': 2}, {'pst': (97, 6), 'tst': 1}, {'pst': (89, 0), 'tst': 1}, {'pst': (55, 17), 'tst': 0}, {'pst': (43, 19), 'tst': 0}]",0.610930233236468,7.040217591759696
103,15,,"[0, 1, 2, 3, 4, 5, 6, 7, 8, 9, 10, 11, 12, 13, 14, 15, 16, 17, 18, 19]","[{'pst': (92, 5), 'tst': 5}, {'pst': (97, 6), 'tst': 3}, {'pst': (89, 0), 'tst': 3}, {'pst': (94, 6), 'tst': 2}, {'pst': (92, 3), 'tst': 2}, {'pst': (87, 3), 'tst': 1}, {'pst': (70, 17), 'tst': 1}]",0.6188733897513691,6.670995170299472
103,16,,"[0, 1, 2, 3, 4, 5, 6, 7, 8, 9, 10, 11, 12, 13, 14, 15, 16, 17, 18, 19]","[{'pst': (75, 6), 'tst': 5}, {'pst': (87, 3), 'tst': 4}, {'pst': (99, 1), 'tst': 3}, {'pst': (60, 13), 'tst': 2}, {'pst': (101, 5), 'tst': 1}, {'pst': (94, 8), 'tst': 1}, {'pst': (102, 16), 'tst': 0}, {'pst': (81, 5), 'tst': 0}]",0.6165156384342474,8.344182497909522
103,17,,"[0, 1, 2, 3, 4, 5, 6, 7, 8, 9, 10, 11, 12, 13, 14, 15, 16, 17, 18, 19]","[{'pst': (86, 0), 'tst': 4}, {'pst': (67, 8), 'tst': 3}, {'pst': (94, 6), 'tst': 3}, {'pst': (100, 17), 'tst': 2}, {'pst': (48, 1), 'tst': 2}, {'pst': (84, 2), 'tst': 1}, {'pst': (84, 9), 'tst': 1}, {'pst': (101, 0), 'tst': 0}]",0.5942386631469825,7.625391679214867
103,18,,"[0, 1, 2, 3, 4, 5, 6, 7, 8, 9, 10, 11, 12, 13, 14, 15, 16, 17, 18, 19]","[{'pst': (85, 9), 'tst': 10}, {'pst': (98, 4), 'tst': 4}, {'pst': (92, 10), 'tst': 3}, {'pst': (48, 1), 'tst': 3}, {'pst': (87, 0), 'tst': 2}, {'pst': (101, 18), 'tst': 1}, {'pst': (102, 18), 'tst': 0}, {'pst': (94, 8), 'tst': 0}]",0.5964324883889096,7.633865942322917
103,19,,"[0, 1, 2, 3, 4, 5, 6, 7, 8, 9, 10, 11, 12, 13, 14, 15, 16, 17, 18, 19]","[{'pst': (92, 10), 'tst': 5}, {'pst': (91, 2), 'tst': 3}, {'pst': (99, 7), 'tst': 3}, {'pst': (90, 13), 'tst': 2}, {'pst': (100, 17), 'tst': 1}, {'pst': (99, 1), 'tst': 1}, {'pst': (98, 4), 'tst': 0}, {'pst': (94, 7), 'tst': 0}]",0.6165156384342474,8.344182497909522
104,0,,"[0, 1, 2, 3, 4, 5, 6, 7, 8, 9, 10, 11, 12, 13, 14, 15, 16, 17, 18, 19]","[{'pst': (94, 8), 'tst': 4}, {'pst': (89, 19), 'tst': 3}, {'pst': (70, 17), 'tst': 3}, {'pst': (101, 0), 'tst': 2}, {'pst': (60, 16), 'tst': 1}, {'pst': (57, 4), 'tst': 1}, {'pst': (46, 5), 'tst': 0}, {'pst': (90, 13), 'tst': 0}]",0.5935817745966367,7.62185488736539
104,1,,"[0, 1, 2, 3, 4, 5, 6, 7, 8, 9, 10, 11, 12, 13, 14, 15, 16, 17, 18, 19]","[{'pst': (99, 1), 'tst': 4}, {'pst': (96, 14), 'tst': 3}, {'pst': (49, 3), 'tst': 2}, {'pst': (92, 3), 'tst': 2}, {'pst': (94, 7), 'tst': 1}, {'pst': (96, 8), 'tst': 1}, {'pst': (91, 2), 'tst': 0}, {'pst': (99, 2), 'tst': 0}]",0.6165156384342474,8.344182497909522
104,2,"{'text': 'If you want to legalize drugs, then you should also legalize prostitution.'}","[0, 1, 2, 3, 4, 5, 6, 7, 8, 9, 10, 11, 12, 13, 14, 15, 16, 17, 18, 19]","[{'pst': (67, 8), 'tst': 4}, {'pst': (87, 3), 'tst': 3}, {'pst': (95, 5), 'tst': 3}, {'pst': (83, 2), 'tst': 2}, {'pst': (96, 8), 'tst': 2}, {'pst': (102, 10), 'tst': 1}, {'pst': (102, 9), 'tst': 1}, {'pst': (103, 2), 'tst': 0}]",0.6165156384342474,8.344182497909522
104,3,,"[0, 1, 2, 3, 4, 5, 6, 7, 8, 9, 10, 11, 12, 13, 14, 15, 16, 17, 18, 19]","[{'pst': (89, 19), 'tst': 6}, {'pst': (86, 10), 'tst': 5}, {'pst': (84, 2), 'tst': 4}, {'pst': (83, 11), 'tst': 2}, {'pst': (97, 6), 'tst': 1}, {'pst': (95, 19), 'tst': 1}, {'pst': (103, 2), 'tst': 0}, {'pst': (60, 16), 'tst': 0}]",0.6165156384342474,8.344182497909522
104,4,,"[0, 1, 2, 3, 4, 5, 6, 7, 8, 9, 10, 11, 12, 13, 14, 15, 16, 17, 18, 19]","[{'pst': (84, 9), 'tst': 5}, {'pst': (81, 5), 'tst': 3}, {'pst': (91, 2), 'tst': 2}, {'pst': (92, 3), 'tst': 2}, {'pst': (72, 11), 'tst': 1}, {'pst': (99, 1), 'tst': 1}, {'pst': (100, 17), 'tst': 0}, {'pst': (102, 9), 'tst': 0}]",0.6165156384342474,8.344182497909522
104,5,,"[0, 1, 2, 3, 4, 5, 6, 7, 8, 9, 10, 11, 12, 13, 14, 15, 16, 17, 18, 19]","[{'pst': (46, 5), 'tst': 5}, {'pst': (94, 7), 'tst': 4}, {'pst': (92, 3), 'tst': 3}, {'pst': (101, 5), 'tst': 2}, {'pst': (75, 6), 'tst': 1}, {'pst': (92, 7), 'tst': 1}, {'pst': (100, 10), 'tst': 0}, {'pst': (86, 0), 'tst': 0}]",0.5197382579137843,6.541274105146675
104,6,,"[0, 1, 2, 3, 4, 5, 6, 7, 8, 9, 10, 11, 12, 13, 14, 15, 16, 17, 18, 19]","[{'pst': (84, 4), 'tst': 6}, {'pst': (60, 16), 'tst': 4}, {'pst': (49, 3), 'tst': 3}, {'pst': (83, 11), 'tst': 3}, {'pst': (92, 5), 'tst': 1}, {'pst': (101, 0), 'tst': 1}, {'pst': (98, 0), 'tst': 0}, {'pst': (72, 11), 'tst': 0}]",0.6066338615847287,8.232536114426837
104,7,,"[0, 1, 2, 3, 4, 5, 6, 7, 8, 9, 10, 11, 12, 13, 14, 15, 16, 17, 18, 19]","[{'pst': (61, 10), 'tst': 5}, {'pst': (96, 3), 'tst': 5}, {'pst': (99, 7), 'tst': 4}, {'pst': (84, 0), 'tst': 3}, {'pst': (40, 0), 'tst': 2}, {'pst': (81, 5), 'tst': 1}, {'pst': (82, 18), 'tst': 0}, {'pst': (101, 10), 'tst': 0}]",0.6165156384342474,8.344182497909522
104,8,,"[0, 1, 2, 3, 4, 5, 6, 7, 8, 9, 10, 11, 12, 13, 14, 15, 16, 17, 18, 19]","[{'pst': (57, 4), 'tst': 5}, {'pst': (94, 8), 'tst': 4}, {'pst': (95, 5), 'tst': 2}, {'pst': (98, 15), 'tst': 2}, {'pst': (81, 5), 'tst': 1}, {'pst': (90, 13), 'tst': 1}, {'pst': (102, 11), 'tst': 0}, {'pst': (40, 0), 'tst': 0}]",0.6070071930731191,7.635249400128382
104,9,,"[0, 1, 2, 3, 4, 5, 6, 7, 8, 9, 10, 11, 12, 13, 14, 15, 16, 17, 18, 19]","[{'pst': (94, 8), 'tst': 4}, {'pst': (70, 17), 'tst': 4}, {'pst': (98, 15), 'tst': 3}, {'pst': (94, 10), 'tst': 2}, {'pst': (102, 9), 'tst': 1}, {'pst': (92, 3), 'tst': 1}, {'pst': (95, 5), 'tst': 0}, {'pst': (96, 8), 'tst': 0}]",0.6165156384342474,8.344182497909522
104,10,,"[0, 1, 2, 3, 4, 5, 6, 7, 8, 9, 10, 11, 12, 13, 14, 15, 16, 17, 18, 19]","[{'pst': (97, 10), 'tst': 6}, {'pst': (84, 2), 'tst': 5}, {'pst': (100, 10), 'tst': 3}, {'pst': (101, 10), 'tst': 2}, {'pst': (102, 10), 'tst': 1}, {'pst': (87, 0), 'tst': 1}, {'pst': (103, 10), 'tst': 0}, {'pst': (101, 5), 'tst': 0}]",0.5368542988154407,6.724980979385791
104,11,"{'text': 'If you want to legalize drugs, then you should also legalize prostitution.'}","[0, 1, 2, 3, 4, 5, 6, 7, 8, 9, 10, 11, 12, 13, 14, 15, 16, 17, 18, 19]","[{'pst': (96, 0), 'tst': 4}, {'pst': (70, 17), 'tst': 3}, {'pst': (97, 10), 'tst': 2}, {'pst': (100, 10), 'tst': 2}, {'pst': (102, 11), 'tst': 1}, {'pst': (96, 14), 'tst': 1}, {'pst': (103, 11), 'tst': 0}, {'pst': (102, 18), 'tst': 0}]",0.53156744635619,6.67396300690292
104,12,,"[0, 1, 2, 3, 4, 5, 6, 7, 8, 9, 10, 11, 12, 13, 14, 15, 16, 17, 18, 19]","[{'pst': (86, 0), 'tst': 4}, {'pst': (94, 10), 'tst': 4}, {'pst': (60, 9), 'tst': 3}, {'pst': (49, 3), 'tst': 2}, {'pst': (102, 16), 'tst': 1}, {'pst': (97, 10), 'tst': 1}, {'pst': (57, 4), 'tst': 0}, {'pst': (97, 6), 'tst': 0}]",0.5953574210826224,7.508224449897318
104,13,,"[0, 1, 2, 3, 4, 5, 6, 7, 8, 9, 10, 11, 12, 13, 14, 15, 16, 17, 18, 19]","[{'pst': (84, 2), 'tst': 5}, {'pst': (84, 9), 'tst': 4}, {'pst': (84, 4), 'tst': 3}, {'pst': (87, 3), 'tst': 2}, {'pst': (99, 2), 'tst': 1}, {'pst': (87, 0), 'tst': 1}, {'pst': (92, 3), 'tst': 0}, {'pst': (95, 19), 'tst': 0}]",0.6165156384342474,8.344182497909522
104,14,,"[0, 1, 2, 3, 4, 5, 6, 7, 8, 9, 10, 11, 12, 13, 14, 15, 16, 17, 18, 19]","[{'pst': (97, 10), 'tst': 6}, {'pst': (96, 8), 'tst': 5}, {'pst': (97, 6), 'tst': 2}, {'pst': (89, 0), 'tst': 2}, {'pst': (55, 17), 'tst': 1}, {'pst': (43, 19), 'tst': 1}, {'pst': (103, 14), 'tst': 0}, {'pst': (100, 10), 'tst': 0}]",0.5087818927106762,5.912883064803237
104,15,,"[0, 1, 2, 3, 4, 5, 6, 7, 8, 9, 10, 11, 12, 13, 14, 15, 16, 17, 18, 19]","[{'pst': (92, 5), 'tst': 6}, {'pst': (94, 6), 'tst': 3}, {'pst': (92, 3), 'tst': 3}, {'pst': (87, 3), 'tst': 2}, {'pst': (70, 17), 'tst': 2}]",0.6113356924689534,8.218651332241883
104,16,,"[0, 1, 2, 3, 4, 5, 6, 7, 8, 9, 10, 11, 12, 13, 14, 15, 16, 17, 18, 19]","[{'pst': (87, 3), 'tst': 5}, {'pst': (99, 1), 'tst': 4}, {'pst': (101, 5), 'tst': 2}, {'pst': (94, 8), 'tst': 2}, {'pst': (102, 16), 'tst': 1}, {'pst': (81, 5), 'tst': 1}, {'pst': (89, 19), 'tst': 0}, {'pst': (102, 11), 'tst': 0}]",0.6165156384342474,8.344182497909522
104,17,,"[0, 1, 2, 3, 4, 5, 6, 7, 8, 9, 10, 11, 12, 13, 14, 15, 16, 17, 18, 19]","[{'pst': (67, 8), 'tst': 4}, {'pst': (94, 6), 'tst': 4}, {'pst': (100, 17), 'tst': 3}, {'pst': (48, 1), 'tst': 3}, {'pst': (84, 9), 'tst': 2}, {'pst': (101, 0), 'tst': 1}, {'pst': (101, 18), 'tst': 0}, {'pst': (94, 10), 'tst': 0}]",0.5964324883889096,7.633865942322917
104,18,"{'text': 'If you want to legalize drugs, then you should also legalize prostitution.'}","[0, 1, 2, 3, 4, 5, 6, 7, 8, 9, 10, 11, 12, 13, 14, 15, 16, 17, 18, 19]","[{'pst': (98, 4), 'tst': 5}, {'pst': (92, 10), 'tst': 4}, {'pst': (87, 0), 'tst': 3}, {'pst': (101, 18), 'tst': 2}, {'pst': (102, 18), 'tst': 1}, {'pst': (94, 8), 'tst': 1}, {'pst': (92, 5), 'tst': 0}, {'pst': (75, 6), 'tst': 0}]",0.6165156384342474,8.344182497909522
104,19,,"[0, 1, 2, 3, 4, 5, 6, 7, 8, 9, 10, 11, 12, 13, 14, 15, 16, 17, 18, 19]","[{'pst': (92, 10), 'tst': 6}, {'pst': (99, 7), 'tst': 4}, {'pst': (100, 17), 'tst': 2}, {'pst': (99, 1), 'tst': 2}, {'pst': (98, 4), 'tst': 1}, {'pst': (94, 7), 'tst': 1}, {'pst': (98, 0), 'tst': 0}, {'pst': (71, 7), 'tst': 0}]",0.6066338615847287,8.232536114426837
105,0,,"[0, 1, 2, 3, 4, 5, 6, 7, 8, 9, 10, 11, 12, 13, 14, 15, 16, 17, 18, 19]","[{'pst': (89, 19), 'tst': 4}, {'pst': (101, 0), 'tst': 3}, {'pst': (60, 16), 'tst': 2}, {'pst': (57, 4), 'tst': 2}, {'pst': (46, 5), 'tst': 1}, {'pst': (90, 13), 'tst': 1}, {'pst': (92, 7), 'tst': 0}, {'pst': (86, 0), 'tst': 0}]",0.5964324883889096,7.633865942322917
105,1,,"[0, 1, 2, 3, 4, 5, 6, 7, 8, 9, 10, 11, 12, 13, 14, 15, 16, 17, 18, 19]","[{'pst': (99, 1), 'tst': 5}, {'pst': (96, 14), 'tst': 4}, {'pst': (92, 3), 'tst': 3}, {'pst': (96, 8), 'tst': 2}, {'pst': (91, 2), 'tst': 1}, {'pst': (99, 2), 'tst': 1}, {'pst': (40, 0), 'tst': 0}, {'pst': (90, 13), 'tst': 0}]",0.6165156384342474,8.344182497909522
105,2,,"[0, 1, 2, 3, 4, 5, 6, 7, 8, 9, 10, 11, 12, 13, 14, 15, 16, 17, 18, 19]","[{'pst': (67, 8), 'tst': 5}, {'pst': (95, 5), 'tst': 4}, {'pst': (83, 2), 'tst': 3}, {'pst': (102, 10), 'tst': 2}, {'pst': (102, 9), 'tst': 2}, {'pst': (103, 2), 'tst': 1}, {'pst': (104, 2), 'tst': 0}, {'pst': (103, 14), 'tst': 0}]",0.6165156384342474,8.344182497909522
105,3,,"[0, 1, 2, 3, 4, 5, 6, 7, 8, 9, 10, 11, 12, 13, 14, 15, 16, 17, 18, 19]","[{'pst': (86, 10), 'tst': 6}, {'pst': (84, 2), 'tst': 5}, {'pst': (83, 11), 'tst': 3}, {'pst': (97, 6), 'tst': 2}, {'pst': (103, 2), 'tst': 1}, {'pst': (60, 16), 'tst': 1}, {'pst': (75, 6), 'tst': 0}, {'pst': (92, 7), 'tst': 0}]",0.6165156384342474,8.344182497909522
105,4,,"[0, 1, 2, 3, 4, 5, 6, 7, 8, 9, 10, 11, 12, 13, 14, 15, 16, 17, 18, 19]","[{'pst': (81, 5), 'tst': 4}, {'pst': (91, 2), 'tst': 3}, {'pst': (72, 11), 'tst': 2}, {'pst': (99, 1), 'tst': 2}, {'pst': (100, 17), 'tst': 1}, {'pst': (102, 9), 'tst': 1}, {'pst': (84, 9), 'tst': 0}, {'pst': (92, 7), 'tst': 0}]",0.6165156384342474,8.344182497909522
105,5,,"[0, 1, 2, 3, 4, 5, 6, 7, 8, 9, 10, 11, 12, 13, 14, 15, 16, 17, 18, 19]","[{'pst': (92, 3), 'tst': 4}, {'pst': (101, 5), 'tst': 3}, {'pst': (75, 6), 'tst': 2}, {'pst': (92, 7), 'tst': 2}, {'pst': (100, 10), 'tst': 1}, {'pst': (86, 0), 'tst': 1}, {'pst': (97, 6), 'tst': 0}, {'pst': (97, 10), 'tst': 0}]",0.5261791100666078,6.627226733645026
105,6,,"[0, 1, 2, 3, 4, 5, 6, 7, 8, 9, 10, 11, 12, 13, 14, 15, 16, 17, 18, 19]","[{'pst': (84, 4), 'tst': 7}, {'pst': (60, 16), 'tst': 5}, {'pst': (83, 11), 'tst': 4}, {'pst': (101, 0), 'tst': 2}, {'pst': (98, 0), 'tst': 1}, {'pst': (72, 11), 'tst': 1}, {'pst': (49, 3), 'tst': 0}, {'pst': (104, 2), 'tst': 0}]",0.606460940894736,8.22563258875104
105,7,,"[0, 1, 2, 3, 4, 5, 6, 7, 8, 9, 10, 11, 12, 13, 14, 15, 16, 17, 18, 19]","[{'pst': (61, 10), 'tst': 6}, {'pst': (99, 7), 'tst': 5}, {'pst': (84, 0), 'tst': 4}, {'pst': (40, 0), 'tst': 3}, {'pst': (81, 5), 'tst': 2}, {'pst': (82, 18), 'tst': 1}, {'pst': (101, 10), 'tst': 1}, {'pst': (91, 2), 'tst': 0}]",0.6165156384342474,8.344182497909522
105,8,,"[0, 1, 2, 3, 4, 5, 6, 7, 8, 9, 10, 11, 12, 13, 14, 15, 16, 17, 18, 19]","[{'pst': (94, 8), 'tst': 5}, {'pst': (95, 5), 'tst': 3}, {'pst': (98, 15), 'tst': 3}, {'pst': (81, 5), 'tst': 2}, {'pst': (102, 11), 'tst': 1}, {'pst': (40, 0), 'tst': 1}, {'pst': (60, 16), 'tst': 0}, {'pst': (96, 8), 'tst': 0}]",0.6165156384342474,8.344182497909522
105,9,,"[0, 1, 2, 3, 4, 5, 6, 7, 8, 9, 10, 11, 12, 13, 14, 15, 16, 17, 18, 19]","[{'pst': (94, 8), 'tst': 5}, {'pst': (70, 17), 'tst': 5}, {'pst': (102, 9), 'tst': 2}, {'pst': (92, 3), 'tst': 2}, {'pst': (95, 5), 'tst': 1}, {'pst': (96, 8), 'tst': 1}, {'pst': (61, 10), 'tst': 0}, {'pst': (100, 17), 'tst': 0}]",0.6165156384342474,8.344182497909522
105,10,,"[0, 1, 2, 3, 4, 5, 6, 7, 8, 9, 10, 11, 12, 13, 14, 15, 16, 17, 18, 19]","[{'pst': (97, 10), 'tst': 7}, {'pst': (100, 10), 'tst': 4}, {'pst': (101, 10), 'tst': 3}, {'pst': (102, 10), 'tst': 2}, {'pst': (87, 0), 'tst': 2}, {'pst': (103, 10), 'tst': 1}, {'pst': (101, 5), 'tst': 1}, {'pst': (102, 16), 'tst': 0}]",0.5439009742067954,6.724452343572866
105,11,,"[0, 1, 2, 3, 4, 5, 6, 7, 8, 9, 10, 11, 12, 13, 14, 15, 16, 17, 18, 19]","[{'pst': (96, 0), 'tst': 5}, {'pst': (70, 17), 'tst': 4}, {'pst': (100, 10), 'tst': 3}, {'pst': (102, 11), 'tst': 2}, {'pst': (103, 11), 'tst': 1}, {'pst': (102, 18), 'tst': 1}, {'pst': (104, 11), 'tst': 0}, {'pst': (95, 19), 'tst': 0}]",0.5368542988154407,6.724980979385791
105,12,,"[0, 1, 2, 3, 4, 5, 6, 7, 8, 9, 10, 11, 12, 13, 14, 15, 16, 17, 18, 19]","[{'pst': (86, 0), 'tst': 5}, {'pst': (60, 9), 'tst': 4}, {'pst': (102, 16), 'tst': 2}, {'pst': (97, 10), 'tst': 2}, {'pst': (57, 4), 'tst': 1}, {'pst': (97, 6), 'tst': 1}, {'pst': (101, 5), 'tst': 0}, {'pst': (40, 0), 'tst': 0}]",0.5942386631469825,7.625391679214867
105,13,,"[0, 1, 2, 3, 4, 5, 6, 7, 8, 9, 10, 11, 12, 13, 14, 15, 16, 17, 18, 19]","[{'pst': (84, 2), 'tst': 6}, {'pst': (84, 9), 'tst': 5}, {'pst': (99, 2), 'tst': 2}, {'pst': (87, 0), 'tst': 2}, {'pst': (92, 3), 'tst': 1}, {'pst': (95, 19), 'tst': 1}, {'pst': (92, 7), 'tst': 0}, {'pst': (102, 9), 'tst': 0}]",0.6165156384342474,8.344182497909522
105,14,,"[0, 1, 2, 3, 4, 5, 6, 7, 8, 9, 10, 11, 12, 13, 14, 15, 16, 17, 18, 19]","[{'pst': (96, 8), 'tst': 6}, {'pst': (97, 6), 'tst': 3}, {'pst': (55, 17), 'tst': 2}, {'pst': (43, 19), 'tst': 2}, {'pst': (103, 14), 'tst': 1}, {'pst': (100, 10), 'tst': 1}, {'pst': (89, 19), 'tst': 0}, {'pst': (99, 1), 'tst': 0}]",0.5231127785215662,6.610595420352757
105,15,"{'text': 'If you want to legalize drugs, then you should also legalize prostitution.'}","[0, 1, 2, 3, 4, 5, 6, 7, 8, 9, 10, 11, 12, 13, 14, 15, 16, 17, 18, 19]","[{'pst': (92, 3), 'tst': 4}, {'pst': (87, 3), 'tst': 3}, {'pst': (70, 17), 'tst': 3}, {'pst': (92, 10), 'tst': 0}, {'pst': (95, 5), 'tst': 0}, {'pst': (84, 4), 'tst': 0}, {'pst': (87, 0), 'tst': 0}, {'pst': (48, 1), 'tst': 0}]",0.5869730431339416,7.4467967542349776
105,16,,"[0, 1, 2, 3, 4, 5, 6, 7, 8, 9, 10, 11, 12, 13, 14, 15, 16, 17, 18, 19]","[{'pst': (99, 1), 'tst': 5}, {'pst': (94, 8), 'tst': 3}, {'pst': (102, 16), 'tst': 2}, {'pst': (81, 5), 'tst': 2}, {'pst': (89, 19), 'tst': 1}, {'pst': (102, 11), 'tst': 1}, {'pst': (91, 2), 'tst': 0}, {'pst': (84, 0), 'tst': 0}]",0.6165156384342474,8.344182497909522
105,17,,"[0, 1, 2, 3, 4, 5, 6, 7, 8, 9, 10, 11, 12, 13, 14, 15, 16, 17, 18, 19]","[{'pst': (67, 8), 'tst': 5}, {'pst': (100, 17), 'tst': 4}, {'pst': (48, 1), 'tst': 4}, {'pst': (101, 0), 'tst': 2}, {'pst': (101, 18), 'tst': 1}, {'pst': (94, 10), 'tst': 1}, {'pst': (81, 5), 'tst': 0}, {'pst': (104, 11), 'tst': 0}]",0.5994139301602949,7.6378727009057314
105,18,"{'text': 'If you want to legalize drugs, then you should also legalize prostitution.'}","[0, 1, 2, 3, 4, 5, 6, 7, 8, 9, 10, 11, 12, 13, 14, 15, 16, 17, 18, 19]","[{'pst': (92, 10), 'tst': 5}, {'pst': (87, 0), 'tst': 4}, {'pst': (101, 18), 'tst': 3}, {'pst': (102, 18), 'tst': 2}, {'pst': (94, 8), 'tst': 2}, {'pst': (92, 5), 'tst': 1}, {'pst': (75, 6), 'tst': 1}, {'pst': (104, 18), 'tst': 0}]",0.6165156384342474,8.344182497909522
105,19,,"[0, 1, 2, 3, 4, 5, 6, 7, 8, 9, 10, 11, 12, 13, 14, 15, 16, 17, 18, 19]","[{'pst': (92, 10), 'tst': 7}, {'pst': (100, 17), 'tst': 3}, {'pst': (99, 1), 'tst': 3}, {'pst': (98, 4), 'tst': 2}, {'pst': (98, 0), 'tst': 1}, {'pst': (71, 7), 'tst': 1}, {'pst': (99, 2), 'tst': 0}, {'pst': (60, 9), 'tst': 0}]",0.606460940894736,8.22563258875104
106,0,,"[0, 1, 2, 3, 4, 5, 6, 7, 8, 9, 10, 11, 12, 13, 14, 15, 16, 17, 18, 19]","[{'pst': (101, 0), 'tst': 4}, {'pst': (60, 16), 'tst': 3}, {'pst': (46, 5), 'tst': 2}, {'pst': (90, 13), 'tst': 2}, {'pst': (92, 7), 'tst': 1}, {'pst': (86, 0), 'tst': 1}, {'pst': (67, 8), 'tst': 0}, {'pst': (103, 2), 'tst': 0}]",0.6165156384342474,8.344182497909522
106,1,,"[0, 1, 2, 3, 4, 5, 6, 7, 8, 9, 10, 11, 12, 13, 14, 15, 16, 17, 18, 19]","[{'pst': (96, 14), 'tst': 5}, {'pst': (92, 3), 'tst': 4}, {'pst': (91, 2), 'tst': 2}, {'pst': (99, 2), 'tst': 2}, {'pst': (40, 0), 'tst': 1}, {'pst': (90, 13), 'tst': 1}, {'pst': (87, 3), 'tst': 0}, {'pst': (98, 0), 'tst': 0}]",0.6082005093617766,8.153861021242456
106,2,,"[0, 1, 2, 3, 4, 5, 6, 7, 8, 9, 10, 11, 12, 13, 14, 15, 16, 17, 18, 19]","[{'pst': (67, 8), 'tst': 6}, {'pst': (83, 2), 'tst': 4}, {'pst': (102, 10), 'tst': 3}, {'pst': (103, 2), 'tst': 2}, {'pst': (104, 2), 'tst': 1}, {'pst': (103, 14), 'tst': 1}, {'pst': (104, 11), 'tst': 0}, {'pst': (101, 0), 'tst': 0}]",0.6165156384342474,8.344182497909522
106,3,,"[0, 1, 2, 3, 4, 5, 6, 7, 8, 9, 10, 11, 12, 13, 14, 15, 16, 17, 18, 19]","[{'pst': (84, 2), 'tst': 6}, {'pst': (83, 11), 'tst': 4}, {'pst': (97, 6), 'tst': 3}, {'pst': (103, 2), 'tst': 2}, {'pst': (75, 6), 'tst': 1}, {'pst': (92, 7), 'tst': 1}, {'pst': (84, 4), 'tst': 0}, {'pst': (103, 10), 'tst': 0}]",0.6165156384342474,8.344182497909522
106,4,,"[0, 1, 2, 3, 4, 5, 6, 7, 8, 9, 10, 11, 12, 13, 14, 15, 16, 17, 18, 19]","[{'pst': (81, 5), 'tst': 5}, {'pst': (72, 11), 'tst': 3}, {'pst': (100, 17), 'tst': 2}, {'pst': (102, 9), 'tst': 2}, {'pst': (84, 9), 'tst': 1}, {'pst': (92, 7), 'tst': 1}, {'pst': (102, 18), 'tst': 0}, {'pst': (96, 14), 'tst': 0}]",0.6165156384342474,8.344182497909522
106,5,,"[0, 1, 2, 3, 4, 5, 6, 7, 8, 9, 10, 11, 12, 13, 14, 15, 16, 17, 18, 19]","[{'pst': (92, 3), 'tst': 5}, {'pst': (101, 5), 'tst': 4}, {'pst': (92, 7), 'tst': 3}, {'pst': (100, 10), 'tst': 2}, {'pst': (97, 6), 'tst': 1}, {'pst': (97, 10), 'tst': 1}, {'pst': (49, 3), 'tst': 0}, {'pst': (102, 10), 'tst': 0}]",0.53156744635619,6.67396300690292
106,6,,"[0, 1, 2, 3, 4, 5, 6, 7, 8, 9, 10, 11, 12, 13, 14, 15, 16, 17, 18, 19]","[{'pst': (84, 4), 'tst': 8}, {'pst': (83, 11), 'tst': 5}, {'pst': (101, 0), 'tst': 3}, {'pst': (98, 0), 'tst': 2}, {'pst': (72, 11), 'tst': 2}, {'pst': (49, 3), 'tst': 1}, {'pst': (104, 2), 'tst': 1}, {'pst': (55, 17), 'tst': 0}]",0.6070471343718176,8.187395112398931
106,7,,"[0, 1, 2, 3, 4, 5, 6, 7, 8, 9, 10, 11, 12, 13, 14, 15, 16, 17, 18, 19]","[{'pst': (99, 7), 'tst': 6}, {'pst': (40, 0), 'tst': 4}, {'pst': (81, 5), 'tst': 3}, {'pst': (82, 18), 'tst': 2}, {'pst': (101, 10), 'tst': 2}, {'pst': (91, 2), 'tst': 1}, {'pst': (61, 10), 'tst': 0}, {'pst': (105, 15), 'tst': 0}]",0.6165156384342474,8.344182497909522
106,8,,"[0, 1, 2, 3, 4, 5, 6, 7, 8, 9, 10, 11, 12, 13, 14, 15, 16, 17, 18, 19]","[{'pst': (95, 5), 'tst': 4}, {'pst': (98, 15), 'tst': 4}, {'pst': (102, 11), 'tst': 2}, {'pst': (40, 0), 'tst': 2}, {'pst': (60, 16), 'tst': 1}, {'pst': (96, 8), 'tst': 1}, {'pst': (92, 7), 'tst': 0}, {'pst': (101, 10), 'tst': 0}]",0.6165156384342474,8.344182497909522
106,9,"{'text': 'If you want to legalize drugs, then you should also legalize prostitution.'}","[0, 1, 2, 3, 4, 5, 6, 7, 8, 9, 10, 11, 12, 13, 14, 15, 16, 17, 18, 19]","[{'pst': (94, 8), 'tst': 6}, {'pst': (70, 17), 'tst': 6}, {'pst': (92, 3), 'tst': 3}, {'pst': (95, 5), 'tst': 2}, {'pst': (61, 10), 'tst': 1}, {'pst': (100, 17), 'tst': 1}, {'pst': (43, 19), 'tst': 0}, {'pst': (104, 18), 'tst': 0}]",0.6165156384342474,8.344182497909522
106,10,,"[0, 1, 2, 3, 4, 5, 6, 7, 8, 9, 10, 11, 12, 13, 14, 15, 16, 17, 18, 19]","[{'pst': (101, 10), 'tst': 4}, {'pst': (102, 10), 'tst': 3}, {'pst': (87, 0), 'tst': 3}, {'pst': (103, 10), 'tst': 2}, {'pst': (101, 5), 'tst': 2}, {'pst': (102, 16), 'tst': 1}, {'pst': (98, 4), 'tst': 0}, {'pst': (81, 5), 'tst': 0}]",0.6165156384342474,8.344182497909522
106,11,,"[0, 1, 2, 3, 4, 5, 6, 7, 8, 9, 10, 11, 12, 13, 14, 15, 16, 17, 18, 19]","[{'pst': (100, 10), 'tst': 4}, {'pst': (102, 11), 'tst': 3}, {'pst': (103, 11), 'tst': 2}, {'pst': (102, 18), 'tst': 2}, {'pst': (104, 11), 'tst': 1}, {'pst': (95, 19), 'tst': 1}, {'pst': (102, 16), 'tst': 0}, {'pst': (96, 8), 'tst': 0}]",0.5139778429938575,6.400768118975232
106,12,,"[0, 1, 2, 3, 4, 5, 6, 7, 8, 9, 10, 11, 12, 13, 14, 15, 16, 17, 18, 19]","[{'pst': (86, 0), 'tst': 6}, {'pst': (60, 9), 'tst': 5}, {'pst': (102, 16), 'tst': 3}, {'pst': (97, 6), 'tst': 2}, {'pst': (101, 5), 'tst': 1}, {'pst': (40, 0), 'tst': 1}, {'pst': (87, 3), 'tst': 0}, {'pst': (102, 9), 'tst': 0}]",0.6165156384342474,8.344182497909522
106,13,,"[0, 1, 2, 3, 4, 5, 6, 7, 8, 9, 10, 11, 12, 13, 14, 15, 16, 17, 18, 19]","[{'pst': (84, 2), 'tst': 7}, {'pst': (99, 2), 'tst': 3}, {'pst': (87, 0), 'tst': 3}, {'pst': (92, 3), 'tst': 2}, {'pst': (95, 19), 'tst': 2}, {'pst': (92, 7), 'tst': 1}, {'pst': (102, 9), 'tst': 1}, {'pst': (104, 2), 'tst': 0}]",0.6165156384342474,8.344182497909522
106,14,"{'text': 'If you want to legalize drugs, then you should also legalize prostitution.'}","[0, 1, 2, 3, 4, 5, 6, 7, 8, 9, 10, 11, 12, 13, 14, 15, 16, 17, 18, 19]","[{'pst': (55, 17), 'tst': 3}, {'pst': (43, 19), 'tst': 3}, {'pst': (103, 14), 'tst': 2}, {'pst': (100, 10), 'tst': 2}, {'pst': (89, 19), 'tst': 1}, {'pst': (99, 1), 'tst': 1}, {'pst': (87, 3), 'tst': 0}, {'pst': (86, 0), 'tst': 0}]",0.53156744635619,6.67396300690292
106,15,,"[0, 1, 2, 3, 4, 5, 6, 7, 8, 9, 10, 11, 12, 13, 14, 15, 16, 17, 18, 19]","[{'pst': (87, 3), 'tst': 4}, {'pst': (92, 10), 'tst': 1}, {'pst': (95, 5), 'tst': 1}, {'pst': (84, 4), 'tst': 1}, {'pst': (87, 0), 'tst': 1}, {'pst': (48, 1), 'tst': 1}, {'pst': (105, 15), 'tst': 0}, {'pst': (72, 11), 'tst': 0}]",0.5935817745966367,7.62185488736539
106,16,"{'text': 'If you want to legalize drugs, then you should also legalize prostitution.'}","[0, 1, 2, 3, 4, 5, 6, 7, 8, 9, 10, 11, 12, 13, 14, 15, 16, 17, 18, 19]","[{'pst': (99, 1), 'tst': 6}, {'pst': (102, 16), 'tst': 3}, {'pst': (81, 5), 'tst': 3}, {'pst': (102, 11), 'tst': 2}, {'pst': (91, 2), 'tst': 1}, {'pst': (84, 0), 'tst': 1}, {'pst': (89, 19), 'tst': 0}, {'pst': (84, 2), 'tst': 0}]",0.6165156384342474,8.344182497909522
106,17,,"[0, 1, 2, 3, 4, 5, 6, 7, 8, 9, 10, 11, 12, 13, 14, 15, 16, 17, 18, 19]","[{'pst': (100, 17), 'tst': 5}, {'pst': (48, 1), 'tst': 5}, {'pst': (101, 0), 'tst': 3}, {'pst': (94, 10), 'tst': 2}, {'pst': (81, 5), 'tst': 1}, {'pst': (104, 11), 'tst': 1}, {'pst': (84, 9), 'tst': 0}, {'pst': (75, 6), 'tst': 0}]",0.6034397657486131,7.7033096325632755
106,18,,"[0, 1, 2, 3, 4, 5, 6, 7, 8, 9, 10, 11, 12, 13, 14, 15, 16, 17, 18, 19]","[{'pst': (92, 10), 'tst': 6}, {'pst': (101, 18), 'tst': 4}, {'pst': (102, 18), 'tst': 3}, {'pst': (92, 5), 'tst': 2}, {'pst': (75, 6), 'tst': 2}, {'pst': (104, 18), 'tst': 1}, {'pst': (105, 18), 'tst': 0}, {'pst': (61, 10), 'tst': 0}]",0.6165156384342474,8.344182497909522
106,19,,"[0, 1, 2, 3, 4, 5, 6, 7, 8, 9, 10, 11, 12, 13, 14, 15, 16, 17, 18, 19]","[{'pst': (92, 10), 'tst': 8}, {'pst': (100, 17), 'tst': 4}, {'pst': (99, 1), 'tst': 4}, {'pst': (98, 4), 'tst': 3}, {'pst': (99, 2), 'tst': 1}, {'pst': (60, 9), 'tst': 1}, {'pst': (71, 7), 'tst': 0}, {'pst': (103, 11), 'tst': 0}]",0.6165156384342474,8.344182497909522
107,0,"{'text': 'If you want to legalize drugs, then you should also legalize prostitution.'}","[0, 1, 2, 3, 4, 5, 6, 7, 8, 9, 10, 11, 12, 13, 14, 15, 16, 17, 18, 19]","[{'pst': (101, 0), 'tst': 5}, {'pst': (90, 13), 'tst': 3}, {'pst': (92, 7), 'tst': 2}, {'pst': (86, 0), 'tst': 2}, {'pst': (67, 8), 'tst': 1}, {'pst': (103, 2), 'tst': 1}, {'pst': (46, 5), 'tst': 0}, {'pst': (94, 10), 'tst': 0}]",0.6165156384342474,8.344182497909522
107,1,,"[0, 1, 2, 3, 4, 5, 6, 7, 8, 9, 10, 11, 12, 13, 14, 15, 16, 17, 18, 19]","[{'pst': (96, 14), 'tst': 6}, {'pst': (91, 2), 'tst': 3}, {'pst': (99, 2), 'tst': 3}, {'pst': (40, 0), 'tst': 2}, {'pst': (87, 3), 'tst': 1}, {'pst': (98, 0), 'tst': 1}, {'pst': (102, 11), 'tst': 0}, {'pst': (104, 18), 'tst': 0}]",0.6060257017397592,8.251169051279291
107,2,,"[0, 1, 2, 3, 4, 5, 6, 7, 8, 9, 10, 11, 12, 13, 14, 15, 16, 17, 18, 19]","[{'pst': (67, 8), 'tst': 7}, {'pst': (83, 2), 'tst': 5}, {'pst': (103, 2), 'tst': 3}, {'pst': (104, 2), 'tst': 2}, {'pst': (103, 14), 'tst': 2}, {'pst': (104, 11), 'tst': 1}, {'pst': (101, 0), 'tst': 1}, {'pst': (105, 18), 'tst': 0}]",0.6165156384342474,8.344182497909522
107,3,,"[0, 1, 2, 3, 4, 5, 6, 7, 8, 9, 10, 11, 12, 13, 14, 15, 16, 17, 18, 19]","[{'pst': (83, 11), 'tst': 5}, {'pst': (97, 6), 'tst': 4}, {'pst': (75, 6), 'tst': 2}, {'pst': (92, 7), 'tst': 2}, {'pst': (84, 4), 'tst': 1}, {'pst': (103, 10), 'tst': 1}, {'pst': (92, 10), 'tst': 0}, {'pst': (106, 9), 'tst': 0}]",0.6165156384342474,8.344182497909522
107,4,,"[0, 1, 2, 3, 4, 5, 6, 7, 8, 9, 10, 11, 12, 13, 14, 15, 16, 17, 18, 19]","[{'pst': (81, 5), 'tst': 6}, {'pst': (102, 9), 'tst': 3}, {'pst': (84, 9), 'tst': 2}, {'pst': (92, 7), 'tst': 2}, {'pst': (102, 18), 'tst': 1}, {'pst': (96, 14), 'tst': 1}, {'pst': (90, 13), 'tst': 0}, {'pst': (87, 0), 'tst': 0}]",0.6165156384342474,8.344182497909522
107,5,"{'text': 'If you want to legalize drugs, then you should also legalize prostitution.'}","[0, 1, 2, 3, 4, 5, 6, 7, 8, 9, 10, 11, 12, 13, 14, 15, 16, 17, 18, 19]","[{'pst': (92, 3), 'tst': 6}, {'pst': (101, 5), 'tst': 5}, {'pst': (100, 10), 'tst': 3}, {'pst': (97, 6), 'tst': 2}, {'pst': (49, 3), 'tst': 1}, {'pst': (102, 10), 'tst': 1}, {'pst': (83, 2), 'tst': 0}, {'pst': (101, 10), 'tst': 0}]",0.5368542988154407,6.724980979385791
107,6,,"[0, 1, 2, 3, 4, 5, 6, 7, 8, 9, 10, 11, 12, 13, 14, 15, 16, 17, 18, 19]","[{'pst': (83, 11), 'tst': 6}, {'pst': (101, 0), 'tst': 4}, {'pst': (98, 0), 'tst': 3}, {'pst': (72, 11), 'tst': 3}, {'pst': (49, 3), 'tst': 2}, {'pst': (104, 2), 'tst': 2}, {'pst': (55, 17), 'tst': 1}, {'pst': (92, 3), 'tst': 0}]",0.6063698101809603,8.148291989748152
107,7,,"[0, 1, 2, 3, 4, 5, 6, 7, 8, 9, 10, 11, 12, 13, 14, 15, 16, 17, 18, 19]","[{'pst': (40, 0), 'tst': 5}, {'pst': (81, 5), 'tst': 4}, {'pst': (82, 18), 'tst': 3}, {'pst': (91, 2), 'tst': 2}, {'pst': (61, 10), 'tst': 1}, {'pst': (105, 15), 'tst': 1}, {'pst': (90, 13), 'tst': 0}, {'pst': (94, 10), 'tst': 0}]",0.6165156384342474,8.344182497909522
107,8,"{'text': 'If you want to legalize drugs, then you should also legalize prostitution.'}","[0, 1, 2, 3, 4, 5, 6, 7, 8, 9, 10, 11, 12, 13, 14, 15, 16, 17, 18, 19]","[{'pst': (95, 5), 'tst': 5}, {'pst': (40, 0), 'tst': 3}, {'pst': (60, 16), 'tst': 2}, {'pst': (96, 8), 'tst': 2}, {'pst': (92, 7), 'tst': 1}, {'pst': (101, 10), 'tst': 1}, {'pst': (81, 5), 'tst': 0}, {'pst': (101, 0), 'tst': 0}]",0.6165156384342474,8.344182497909522
107,9,,"[0, 1, 2, 3, 4, 5, 6, 7, 8, 9, 10, 11, 12, 13, 14, 15, 16, 17, 18, 19]","[{'pst': (70, 17), 'tst': 7}, {'pst': (95, 5), 'tst': 3}, {'pst': (61, 10), 'tst': 2}, {'pst': (100, 17), 'tst': 2}, {'pst': (43, 19), 'tst': 1}, {'pst': (104, 18), 'tst': 1}, {'pst': (106, 9), 'tst': 0}, {'pst': (101, 10), 'tst': 0}]",0.6165156384342474,8.344182497909522
107,10,,"[0, 1, 2, 3, 4, 5, 6, 7, 8, 9, 10, 11, 12, 13, 14, 15, 16, 17, 18, 19]","[{'pst': (101, 10), 'tst': 5}, {'pst': (102, 10), 'tst': 4}, {'pst': (103, 10), 'tst': 3}, {'pst': (102, 16), 'tst': 2}, {'pst': (98, 4), 'tst': 1}, {'pst': (81, 5), 'tst': 1}, {'pst': (55, 17), 'tst': 0}, {'pst': (97, 10), 'tst': 0}]",0.6165156384342474,8.344182497909522
107,11,,"[0, 1, 2, 3, 4, 5, 6, 7, 8, 9, 10, 11, 12, 13, 14, 15, 16, 17, 18, 19]","[{'pst': (100, 10), 'tst': 5}, {'pst': (103, 11), 'tst': 3}, {'pst': (104, 11), 'tst': 2}, {'pst': (95, 19), 'tst': 2}, {'pst': (102, 16), 'tst': 1}, {'pst': (96, 8), 'tst': 1}, {'pst': (71, 7), 'tst': 0}, {'pst': (98, 4), 'tst': 0}]",0.5139778429938575,6.400768118975232
107,12,,"[0, 1, 2, 3, 4, 5, 6, 7, 8, 9, 10, 11, 12, 13, 14, 15, 16, 17, 18, 19]","[{'pst': (102, 16), 'tst': 4}, {'pst': (97, 6), 'tst': 3}, {'pst': (101, 5), 'tst': 2}, {'pst': (40, 0), 'tst': 2}, {'pst': (87, 3), 'tst': 1}, {'pst': (102, 9), 'tst': 1}, {'pst': (94, 8), 'tst': 0}, {'pst': (98, 15), 'tst': 0}]",0.6165156384342474,8.344182497909522
107,13,,"[0, 1, 2, 3, 4, 5, 6, 7, 8, 9, 10, 11, 12, 13, 14, 15, 16, 17, 18, 19]","[{'pst': (99, 2), 'tst': 4}, {'pst': (92, 3), 'tst': 3}, {'pst': (95, 19), 'tst': 3}, {'pst': (92, 7), 'tst': 2}, {'pst': (102, 9), 'tst': 2}, {'pst': (104, 2), 'tst': 1}, {'pst': (92, 5), 'tst': 0}, {'pst': (75, 6), 'tst': 0}]",0.6165156384342474,8.344182497909522
107,14,,"[0, 1, 2, 3, 4, 5, 6, 7, 8, 9, 10, 11, 12, 13, 14, 15, 16, 17, 18, 19]","[{'pst': (43, 19), 'tst': 4}, {'pst': (100, 10), 'tst': 3}, {'pst': (89, 19), 'tst': 2}, {'pst': (99, 1), 'tst': 2}, {'pst': (87, 3), 'tst': 1}, {'pst': (86, 0), 'tst': 1}, {'pst': (106, 14), 'tst': 0}, {'pst': (97, 10), 'tst': 0}]",0.5439009742067954,6.724452343572866
107,15,,"[0, 1, 2, 3, 4, 5, 6, 7, 8, 9, 10, 11, 12, 13, 14, 15, 16, 17, 18, 19]","[{'pst': (95, 5), 'tst': 2}, {'pst': (84, 4), 'tst': 2}, {'pst': (87, 0), 'tst': 2}, {'pst': (48, 1), 'tst': 2}, {'pst': (105, 15), 'tst': 1}, {'pst': (72, 11), 'tst': 1}, {'pst': (81, 5), 'tst': 0}, {'pst': (90, 13), 'tst': 0}]",0.5964324883889096,7.633865942322917
107,16,,"[0, 1, 2, 3, 4, 5, 6, 7, 8, 9, 10, 11, 12, 13, 14, 15, 16, 17, 18, 19]","[{'pst': (99, 1), 'tst': 7}, {'pst': (102, 16), 'tst': 4}, {'pst': (91, 2), 'tst': 2}, {'pst': (84, 0), 'tst': 2}, {'pst': (89, 19), 'tst': 1}, {'pst': (84, 2), 'tst': 1}, {'pst': (106, 16), 'tst': 0}, {'pst': (99, 7), 'tst': 0}]",0.6165156384342474,8.344182497909522
107,17,,"[0, 1, 2, 3, 4, 5, 6, 7, 8, 9, 10, 11, 12, 13, 14, 15, 16, 17, 18, 19]","[{'pst': (101, 0), 'tst': 4}, {'pst': (94, 10), 'tst': 3}, {'pst': (81, 5), 'tst': 2}, {'pst': (104, 11), 'tst': 2}, {'pst': (84, 9), 'tst': 1}, {'pst': (75, 6), 'tst': 1}, {'pst': (102, 18), 'tst': 0}, {'pst': (106, 14), 'tst': 0}]",0.6165156384342474,8.344182497909522
107,18,,"[0, 1, 2, 3, 4, 5, 6, 7, 8, 9, 10, 11, 12, 13, 14, 15, 16, 17, 18, 19]","[{'pst': (92, 10), 'tst': 7}, {'pst': (101, 18), 'tst': 5}, {'pst': (102, 18), 'tst': 4}, {'pst': (104, 18), 'tst': 2}, {'pst': (105, 18), 'tst': 1}, {'pst': (61, 10), 'tst': 1}, {'pst': (95, 5), 'tst': 0}, {'pst': (89, 19), 'tst': 0}]",0.6165156384342474,8.344182497909522
107,19,,"[0, 1, 2, 3, 4, 5, 6, 7, 8, 9, 10, 11, 12, 13, 14, 15, 16, 17, 18, 19]","[{'pst': (100, 17), 'tst': 5}, {'pst': (99, 1), 'tst': 5}, {'pst': (98, 4), 'tst': 4}, {'pst': (99, 2), 'tst': 2}, {'pst': (60, 9), 'tst': 2}, {'pst': (71, 7), 'tst': 1}, {'pst': (103, 11), 'tst': 1}, {'pst': (92, 3), 'tst': 0}]",0.6165156384342474,8.344182497909522
108,0,,"[0, 1, 2, 3, 4, 5, 6, 7, 8, 9, 10, 11, 12, 13, 14, 15, 16, 17, 18, 19]","[{'pst': (92, 7), 'tst': 3}, {'pst': (86, 0), 'tst': 3}, {'pst': (67, 8), 'tst': 2}, {'pst': (103, 2), 'tst': 2}, {'pst': (46, 5), 'tst': 1}, {'pst': (94, 10), 'tst': 1}, {'pst': (107, 0), 'tst': 0}, {'pst': (106, 14), 'tst': 0}]",0.6165156384342474,8.344182497909522
108,1,,"[0, 1, 2, 3, 4, 5, 6, 7, 8, 9, 10, 11, 12, 13, 14, 15, 16, 17, 18, 19]","[{'pst': (96, 14), 'tst': 7}, {'pst': (91, 2), 'tst': 4}, {'pst': (99, 2), 'tst': 4}, {'pst': (87, 3), 'tst': 2}, {'pst': (98, 0), 'tst': 2}, {'pst': (102, 11), 'tst': 1}, {'pst': (104, 18), 'tst': 1}, {'pst': (83, 2), 'tst': 0}]",0.606460940894736,8.22563258875104
108,2,,"[0, 1, 2, 3, 4, 5, 6, 7, 8, 9, 10, 11, 12, 13, 14, 15, 16, 17, 18, 19]","[{'pst': (67, 8), 'tst': 8}, {'pst': (103, 2), 'tst': 4}, {'pst': (103, 14), 'tst': 3}, {'pst': (104, 11), 'tst': 2}, {'pst': (101, 0), 'tst': 2}, {'pst': (105, 18), 'tst': 1}, {'pst': (104, 2), 'tst': 0}, {'pst': (104, 18), 'tst': 0}]",0.6165156384342474,8.344182497909522
108,3,,"[0, 1, 2, 3, 4, 5, 6, 7, 8, 9, 10, 11, 12, 13, 14, 15, 16, 17, 18, 19]","[{'pst': (83, 11), 'tst': 6}, {'pst': (97, 6), 'tst': 5}, {'pst': (84, 4), 'tst': 2}, {'pst': (103, 10), 'tst': 2}, {'pst': (92, 10), 'tst': 1}, {'pst': (106, 9), 'tst': 1}, {'pst': (87, 3), 'tst': 0}, {'pst': (40, 0), 'tst': 0}]",0.6165156384342474,8.344182497909522
108,4,,"[0, 1, 2, 3, 4, 5, 6, 7, 8, 9, 10, 11, 12, 13, 14, 15, 16, 17, 18, 19]","[{'pst': (81, 5), 'tst': 7}, {'pst': (84, 9), 'tst': 3}, {'pst': (92, 7), 'tst': 3}, {'pst': (102, 18), 'tst': 2}, {'pst': (96, 14), 'tst': 2}, {'pst': (90, 13), 'tst': 1}, {'pst': (87, 0), 'tst': 1}, {'pst': (92, 10), 'tst': 0}]",0.6165156384342474,8.344182497909522
108,5,,"[0, 1, 2, 3, 4, 5, 6, 7, 8, 9, 10, 11, 12, 13, 14, 15, 16, 17, 18, 19]","[{'pst': (100, 10), 'tst': 4}, {'pst': (97, 6), 'tst': 3}, {'pst': (49, 3), 'tst': 2}, {'pst': (102, 10), 'tst': 2}, {'pst': (83, 2), 'tst': 1}, {'pst': (101, 10), 'tst': 1}, {'pst': (107, 5), 'tst': 0}, {'pst': (90, 13), 'tst': 0}]",0.5139778429938575,6.400768118975232
108,6,"{'text': 'If you want to legalize drugs, then you should also legalize prostitution.'}","[0, 1, 2, 3, 4, 5, 6, 7, 8, 9, 10, 11, 12, 13, 14, 15, 16, 17, 18, 19]","[{'pst': (98, 0), 'tst': 4}, {'pst': (72, 11), 'tst': 4}, {'pst': (49, 3), 'tst': 3}, {'pst': (104, 2), 'tst': 3}, {'pst': (55, 17), 'tst': 2}, {'pst': (92, 3), 'tst': 1}, {'pst': (84, 4), 'tst': 0}, {'pst': (91, 2), 'tst': 0}]",0.5857006959761836,8.22331796698127
108,7,,"[0, 1, 2, 3, 4, 5, 6, 7, 8, 9, 10, 11, 12, 13, 14, 15, 16, 17, 18, 19]","[{'pst': (81, 5), 'tst': 5}, {'pst': (91, 2), 'tst': 3}, {'pst': (61, 10), 'tst': 2}, {'pst': (105, 15), 'tst': 2}, {'pst': (90, 13), 'tst': 1}, {'pst': (94, 10), 'tst': 1}, {'pst': (107, 0), 'tst': 0}, {'pst': (95, 5), 'tst': 0}]",0.6165156384342474,8.344182497909522
108,8,,"[0, 1, 2, 3, 4, 5, 6, 7, 8, 9, 10, 11, 12, 13, 14, 15, 16, 17, 18, 19]","[{'pst': (95, 5), 'tst': 6}, {'pst': (40, 0), 'tst': 4}, {'pst': (96, 8), 'tst': 3}, {'pst': (101, 10), 'tst': 2}, {'pst': (81, 5), 'tst': 1}, {'pst': (101, 0), 'tst': 1}, {'pst': (107, 8), 'tst': 0}, {'pst': (75, 6), 'tst': 0}]",0.6165156384342474,8.344182497909522
108,9,,"[0, 1, 2, 3, 4, 5, 6, 7, 8, 9, 10, 11, 12, 13, 14, 15, 16, 17, 18, 19]","[{'pst': (70, 17), 'tst': 8}, {'pst': (95, 5), 'tst': 4}, {'pst': (61, 10), 'tst': 3}, {'pst': (100, 17), 'tst': 3}, {'pst': (104, 18), 'tst': 2}, {'pst': (106, 9), 'tst': 1}, {'pst': (101, 10), 'tst': 1}, {'pst': (96, 14), 'tst': 0}]",0.6165156384342474,8.344182497909522
108,10,,"[0, 1, 2, 3, 4, 5, 6, 7, 8, 9, 10, 11, 12, 13, 14, 15, 16, 17, 18, 19]","[{'pst': (103, 10), 'tst': 4}, {'pst': (102, 16), 'tst': 3}, {'pst': (98, 4), 'tst': 2}, {'pst': (81, 5), 'tst': 2}, {'pst': (55, 17), 'tst': 1}, {'pst': (97, 10), 'tst': 1}, {'pst': (106, 14), 'tst': 0}, {'pst': (101, 10), 'tst': 0}]",0.6165156384342474,8.344182497909522
108,11,,"[0, 1, 2, 3, 4, 5, 6, 7, 8, 9, 10, 11, 12, 13, 14, 15, 16, 17, 18, 19]","[{'pst': (100, 10), 'tst': 6}, {'pst': (104, 11), 'tst': 3}, {'pst': (95, 19), 'tst': 3}, {'pst': (102, 16), 'tst': 2}, {'pst': (71, 7), 'tst': 1}, {'pst': (98, 4), 'tst': 1}, {'pst': (103, 2), 'tst': 0}, {'pst': (96, 8), 'tst': 0}]",0.5139778429938575,6.400768118975232
108,12,,"[0, 1, 2, 3, 4, 5, 6, 7, 8, 9, 10, 11, 12, 13, 14, 15, 16, 17, 18, 19]","[{'pst': (101, 5), 'tst': 3}, {'pst': (40, 0), 'tst': 3}, {'pst': (87, 3), 'tst': 2}, {'pst': (102, 9), 'tst': 2}, {'pst': (94, 8), 'tst': 1}, {'pst': (98, 15), 'tst': 1}, {'pst': (84, 2), 'tst': 0}, {'pst': (92, 7), 'tst': 0}]",0.6165156384342474,8.344182497909522
108,13,,"[0, 1, 2, 3, 4, 5, 6, 7, 8, 9, 10, 11, 12, 13, 14, 15, 16, 17, 18, 19]","[{'pst': (92, 3), 'tst': 4}, {'pst': (95, 19), 'tst': 4}, {'pst': (92, 7), 'tst': 3}, {'pst': (102, 9), 'tst': 3}, {'pst': (104, 2), 'tst': 2}, {'pst': (92, 5), 'tst': 1}, {'pst': (75, 6), 'tst': 1}, {'pst': (98, 0), 'tst': 0}]",0.6082005093617766,8.153861021242456
108,14,,"[0, 1, 2, 3, 4, 5, 6, 7, 8, 9, 10, 11, 12, 13, 14, 15, 16, 17, 18, 19]","[{'pst': (43, 19), 'tst': 5}, {'pst': (100, 10), 'tst': 4}, {'pst': (99, 1), 'tst': 3}, {'pst': (87, 3), 'tst': 2}, {'pst': (86, 0), 'tst': 2}, {'pst': (106, 14), 'tst': 1}, {'pst': (97, 10), 'tst': 1}, {'pst': (96, 8), 'tst': 0}]",0.5439009742067954,6.724452343572866
108,15,"{'text': 'Legalizing drugs would not be the only option; there may still be a market of illegal drugs, for example if it is cheaper than the legal choice.'}","[0, 1, 2, 3, 4, 5, 6, 7, 8, 9, 10, 11, 12, 13, 14, 15, 16, 17, 18, 19]","[{'pst': (95, 5), 'tst': 3}, {'pst': (84, 4), 'tst': 3}, {'pst': (48, 1), 'tst': 3}, {'pst': (72, 11), 'tst': 2}, {'pst': (81, 5), 'tst': 1}, {'pst': (90, 13), 'tst': 1}, {'pst': (107, 8), 'tst': 0}, {'pst': (94, 10), 'tst': 0}]",0.5994139301602949,7.6378727009057314
108,16,"{'text': 'If you want to legalize drugs, then you should also legalize prostitution.'}","[0, 1, 2, 3, 4, 5, 6, 7, 8, 9, 10, 11, 12, 13, 14, 15, 16, 17, 18, 19]","[{'pst': (102, 16), 'tst': 5}, {'pst': (91, 2), 'tst': 3}, {'pst': (84, 0), 'tst': 3}, {'pst': (84, 2), 'tst': 2}, {'pst': (106, 16), 'tst': 1}, {'pst': (99, 7), 'tst': 1}, {'pst': (87, 3), 'tst': 0}, {'pst': (97, 10), 'tst': 0}]",0.6165156384342474,8.344182497909522
108,17,,"[0, 1, 2, 3, 4, 5, 6, 7, 8, 9, 10, 11, 12, 13, 14, 15, 16, 17, 18, 19]","[{'pst': (101, 0), 'tst': 5}, {'pst': (104, 11), 'tst': 3}, {'pst': (84, 9), 'tst': 2}, {'pst': (75, 6), 'tst': 2}, {'pst': (102, 18), 'tst': 1}, {'pst': (106, 14), 'tst': 1}, {'pst': (107, 0), 'tst': 0}, {'pst': (102, 11), 'tst': 0}]",0.6165156384342474,8.344182497909522
108,18,,"[0, 1, 2, 3, 4, 5, 6, 7, 8, 9, 10, 11, 12, 13, 14, 15, 16, 17, 18, 19]","[{'pst': (101, 18), 'tst': 6}, {'pst': (102, 18), 'tst': 5}, {'pst': (104, 18), 'tst': 3}, {'pst': (105, 18), 'tst': 2}, {'pst': (61, 10), 'tst': 2}, {'pst': (95, 5), 'tst': 1}, {'pst': (89, 19), 'tst': 1}, {'pst': (70, 17), 'tst': 0}]",0.6165156384342474,8.344182497909522
108,19,,"[0, 1, 2, 3, 4, 5, 6, 7, 8, 9, 10, 11, 12, 13, 14, 15, 16, 17, 18, 19]","[{'pst': (100, 17), 'tst': 6}, {'pst': (99, 1), 'tst': 6}, {'pst': (99, 2), 'tst': 3}, {'pst': (60, 9), 'tst': 3}, {'pst': (71, 7), 'tst': 2}, {'pst': (92, 3), 'tst': 1}, {'pst': (61, 10), 'tst': 0}, {'pst': (60, 16), 'tst': 0}]",0.6165156384342474,8.344182497909522
109,0,,"[0, 1, 2, 3, 4, 5, 6, 7, 8, 9, 10, 11, 12, 13, 14, 15, 16, 17, 18, 19]","[{'pst': (92, 7), 'tst': 4}, {'pst': (86, 0), 'tst': 4}, {'pst': (67, 8), 'tst': 3}, {'pst': (94, 10), 'tst': 2}, {'pst': (107, 0), 'tst': 1}, {'pst': (106, 14), 'tst': 1}, {'pst': (105, 18), 'tst': 0}, {'pst': (92, 3), 'tst': 0}]",0.6165156384342474,8.344182497909522
109,1,,"[0, 1, 2, 3, 4, 5, 6, 7, 8, 9, 10, 11, 12, 13, 14, 15, 16, 17, 18, 19]","[{'pst': (99, 2), 'tst': 5}, {'pst': (87, 3), 'tst': 3}, {'pst': (98, 0), 'tst': 3}, {'pst': (102, 11), 'tst': 2}, {'pst': (104, 18), 'tst': 2}, {'pst': (83, 2), 'tst': 1}, {'pst': (104, 11), 'tst': 0}, {'pst': (103, 10), 'tst': 0}]",0.6063698101809603,8.148291989748152
109,2,"{'text': 'If you want to legalize drugs, then you should also legalize prostitution.'}","[0, 1, 2, 3, 4, 5, 6, 7, 8, 9, 10, 11, 12, 13, 14, 15, 16, 17, 18, 19]","[{'pst': (67, 8), 'tst': 9}, {'pst': (103, 2), 'tst': 5}, {'pst': (103, 14), 'tst': 4}, {'pst': (104, 11), 'tst': 3}, {'pst': (105, 18), 'tst': 2}, {'pst': (104, 2), 'tst': 1}, {'pst': (104, 18), 'tst': 1}, {'pst': (105, 15), 'tst': 0}]",0.6165156384342474,8.344182497909522
109,3,,"[0, 1, 2, 3, 4, 5, 6, 7, 8, 9, 10, 11, 12, 13, 14, 15, 16, 17, 18, 19]","[{'pst': (97, 6), 'tst': 6}, {'pst': (84, 4), 'tst': 3}, {'pst': (92, 10), 'tst': 2}, {'pst': (106, 9), 'tst': 2}, {'pst': (87, 3), 'tst': 1}, {'pst': (40, 0), 'tst': 1}, {'pst': (55, 17), 'tst': 0}, {'pst': (98, 15), 'tst': 0}]",0.6165156384342474,8.344182497909522
109,4,,"[0, 1, 2, 3, 4, 5, 6, 7, 8, 9, 10, 11, 12, 13, 14, 15, 16, 17, 18, 19]","[{'pst': (84, 9), 'tst': 4}, {'pst': (92, 7), 'tst': 4}, {'pst': (102, 18), 'tst': 3}, {'pst': (96, 14), 'tst': 3}, {'pst': (90, 13), 'tst': 2}, {'pst': (87, 0), 'tst': 2}, {'pst': (92, 10), 'tst': 1}, {'pst': (104, 11), 'tst': 0}]",0.6165156384342474,8.344182497909522
109,5,"{'text': 'If you want to legalize drugs, then you should also legalize prostitution.'}","[0, 1, 2, 3, 4, 5, 6, 7, 8, 9, 10, 11, 12, 13, 14, 15, 16, 17, 18, 19]","[{'pst': (97, 6), 'tst': 4}, {'pst': (49, 3), 'tst': 3}, {'pst': (102, 10), 'tst': 3}, {'pst': (101, 10), 'tst': 2}, {'pst': (107, 5), 'tst': 1}, {'pst': (90, 13), 'tst': 1}, {'pst': (84, 2), 'tst': 0}, {'pst': (103, 14), 'tst': 0}]",0.6165156384342474,8.344182497909522
109,6,"{'text': 'If you want to legalize drugs, then you should also legalize prostitution.'}","[0, 1, 2, 3, 4, 5, 6, 7, 8, 9, 10, 11, 12, 13, 14, 15, 16, 17, 18, 19]","[{'pst': (72, 11), 'tst': 5}, {'pst': (104, 2), 'tst': 4}, {'pst': (55, 17), 'tst': 3}, {'pst': (92, 3), 'tst': 2}, {'pst': (84, 4), 'tst': 1}, {'pst': (91, 2), 'tst': 1}, {'pst': (108, 6), 'tst': 0}, {'pst': (103, 14), 'tst': 0}]",0.6165156384342474,8.344182497909522
109,7,,"[0, 1, 2, 3, 4, 5, 6, 7, 8, 9, 10, 11, 12, 13, 14, 15, 16, 17, 18, 19]","[{'pst': (91, 2), 'tst': 4}, {'pst': (61, 10), 'tst': 3}, {'pst': (105, 15), 'tst': 3}, {'pst': (90, 13), 'tst': 2}, {'pst': (94, 10), 'tst': 2}, {'pst': (107, 0), 'tst': 1}, {'pst': (95, 5), 'tst': 1}, {'pst': (92, 3), 'tst': 0}]",0.6165156384342474,8.344182497909522
109,8,,"[0, 1, 2, 3, 4, 5, 6, 7, 8, 9, 10, 11, 12, 13, 14, 15, 16, 17, 18, 19]","[{'pst': (95, 5), 'tst': 7}, {'pst': (40, 0), 'tst': 5}, {'pst': (81, 5), 'tst': 2}, {'pst': (101, 0), 'tst': 2}, {'pst': (107, 8), 'tst': 1}, {'pst': (75, 6), 'tst': 1}, {'pst': (67, 8), 'tst': 0}, {'pst': (104, 11), 'tst': 0}]",0.6165156384342474,8.344182497909522
109,9,,"[0, 1, 2, 3, 4, 5, 6, 7, 8, 9, 10, 11, 12, 13, 14, 15, 16, 17, 18, 19]","[{'pst': (70, 17), 'tst': 9}, {'pst': (100, 17), 'tst': 4}, {'pst': (104, 18), 'tst': 3}, {'pst': (106, 9), 'tst': 2}, {'pst': (101, 10), 'tst': 2}, {'pst': (96, 14), 'tst': 1}, {'pst': (107, 8), 'tst': 0}, {'pst': (86, 0), 'tst': 0}]",0.6165156384342474,8.344182497909522
109,10,"{'text': 'If you want to legalize drugs, then you should also legalize prostitution.'}","[0, 1, 2, 3, 4, 5, 6, 7, 8, 9, 10, 11, 12, 13, 14, 15, 16, 17, 18, 19]","[{'pst': (103, 10), 'tst': 5}, {'pst': (98, 4), 'tst': 3}, {'pst': (81, 5), 'tst': 3}, {'pst': (55, 17), 'tst': 2}, {'pst': (97, 10), 'tst': 2}, {'pst': (106, 14), 'tst': 1}, {'pst': (101, 10), 'tst': 1}, {'pst': (84, 4), 'tst': 0}]",0.6165156384342474,8.344182497909522
109,11,,"[0, 1, 2, 3, 4, 5, 6, 7, 8, 9, 10, 11, 12, 13, 14, 15, 16, 17, 18, 19]","[{'pst': (104, 11), 'tst': 4}, {'pst': (95, 19), 'tst': 4}, {'pst': (102, 16), 'tst': 3}, {'pst': (71, 7), 'tst': 2}, {'pst': (98, 4), 'tst': 2}, {'pst': (103, 2), 'tst': 1}, {'pst': (96, 8), 'tst': 1}, {'pst': (91, 2), 'tst': 0}]",0.6165156384342474,8.344182497909522
109,12,,"[0, 1, 2, 3, 4, 5, 6, 7, 8, 9, 10, 11, 12, 13, 14, 15, 16, 17, 18, 19]","[{'pst': (87, 3), 'tst': 3}, {'pst': (102, 9), 'tst': 3}, {'pst': (94, 8), 'tst': 2}, {'pst': (98, 15), 'tst': 2}, {'pst': (84, 2), 'tst': 1}, {'pst': (92, 7), 'tst': 1}, {'pst': (97, 10), 'tst': 0}, {'pst': (99, 7), 'tst': 0}]",0.6165156384342474,8.344182497909522
109,13,"{'text': 'If you want to legalize drugs, then you should also legalize prostitution.'}","[0, 1, 2, 3, 4, 5, 6, 7, 8, 9, 10, 11, 12, 13, 14, 15, 16, 17, 18, 19]","[{'pst': (92, 3), 'tst': 5}, {'pst': (95, 19), 'tst': 5}, {'pst': (102, 9), 'tst': 4}, {'pst': (104, 2), 'tst': 3}, {'pst': (92, 5), 'tst': 2}, {'pst': (98, 0), 'tst': 1}, {'pst': (101, 5), 'tst': 0}, {'pst': (83, 2), 'tst': 0}]",0.6060257017397592,8.251169051279291
109,14,,"[0, 1, 2, 3, 4, 5, 6, 7, 8, 9, 10, 11, 12, 13, 14, 15, 16, 17, 18, 19]","[{'pst': (100, 10), 'tst': 5}, {'pst': (99, 1), 'tst': 4}, {'pst': (87, 3), 'tst': 3}, {'pst': (106, 14), 'tst': 2}, {'pst': (97, 10), 'tst': 2}, {'pst': (96, 8), 'tst': 1}, {'pst': (95, 5), 'tst': 0}, {'pst': (106, 9), 'tst': 0}]",0.5139778429938575,6.400768118975232
109,15,,"[0, 1, 2, 3, 4, 5, 6, 7, 8, 9, 10, 11, 12, 13, 14, 15, 16, 17, 18, 19]","[{'pst': (48, 1), 'tst': 4}, {'pst': (72, 11), 'tst': 3}, {'pst': (81, 5), 'tst': 2}, {'pst': (90, 13), 'tst': 2}, {'pst': (107, 8), 'tst': 1}, {'pst': (94, 10), 'tst': 1}, {'pst': (108, 15), 'tst': 0}, {'pst': (84, 2), 'tst': 0}]",0.6069083859970712,7.554686349036897
109,16,,"[0, 1, 2, 3, 4, 5, 6, 7, 8, 9, 10, 11, 12, 13, 14, 15, 16, 17, 18, 19]","[{'pst': (102, 16), 'tst': 6}, {'pst': (84, 0), 'tst': 4}, {'pst': (84, 2), 'tst': 3}, {'pst': (99, 7), 'tst': 2}, {'pst': (87, 3), 'tst': 1}, {'pst': (97, 10), 'tst': 1}, {'pst': (108, 16), 'tst': 0}, {'pst': (104, 2), 'tst': 0}]",0.6165156384342474,8.344182497909522
109,17,,"[0, 1, 2, 3, 4, 5, 6, 7, 8, 9, 10, 11, 12, 13, 14, 15, 16, 17, 18, 19]","[{'pst': (104, 11), 'tst': 4}, {'pst': (84, 9), 'tst': 3}, {'pst': (102, 18), 'tst': 2}, {'pst': (106, 14), 'tst': 2}, {'pst': (107, 0), 'tst': 1}, {'pst': (102, 11), 'tst': 1}, {'pst': (95, 5), 'tst': 0}, {'pst': (104, 2), 'tst': 0}]",0.6165156384342474,8.344182497909522
109,18,"{'text': 'If you want to legalize drugs, then you should also legalize prostitution.'}","[0, 1, 2, 3, 4, 5, 6, 7, 8, 9, 10, 11, 12, 13, 14, 15, 16, 17, 18, 19]","[{'pst': (104, 18), 'tst': 4}, {'pst': (105, 18), 'tst': 3}, {'pst': (61, 10), 'tst': 3}, {'pst': (95, 5), 'tst': 2}, {'pst': (89, 19), 'tst': 2}, {'pst': (70, 17), 'tst': 1}, {'pst': (101, 5), 'tst': 0}, {'pst': (103, 10), 'tst': 0}]",0.6165156384342474,8.344182497909522
109,19,,"[0, 1, 2, 3, 4, 5, 6, 7, 8, 9, 10, 11, 12, 13, 14, 15, 16, 17, 18, 19]","[{'pst': (100, 17), 'tst': 7}, {'pst': (99, 2), 'tst': 4}, {'pst': (60, 9), 'tst': 4}, {'pst': (92, 3), 'tst': 2}, {'pst': (61, 10), 'tst': 1}, {'pst': (60, 16), 'tst': 1}, {'pst': (92, 5), 'tst': 0}, {'pst': (98, 15), 'tst': 0}]",0.6165156384342474,8.344182497909522
110,0,,"[0, 1, 2, 3, 4, 5, 6, 7, 8, 9, 10, 11, 12, 13, 14, 15, 16, 17, 18, 19]","[{'pst': (92, 7), 'tst': 5}, {'pst': (86, 0), 'tst': 5}, {'pst': (67, 8), 'tst': 4}, {'pst': (106, 14), 'tst': 2}, {'pst': (105, 18), 'tst': 1}, {'pst': (92, 3), 'tst': 1}, {'pst': (87, 3), 'tst': 0}, {'pst': (108, 16), 'tst': 0}]",0.6165156384342474,8.344182497909522
110,1,,"[0, 1, 2, 3, 4, 5, 6, 7, 8, 9, 10, 11, 12, 13, 14, 15, 16, 17, 18, 19]","[{'pst': (98, 0), 'tst': 4}, {'pst': (102, 11), 'tst': 3}, {'pst': (104, 18), 'tst': 3}, {'pst': (83, 2), 'tst': 2}, {'pst': (104, 11), 'tst': 1}, {'pst': (103, 10), 'tst': 1}, {'pst': (102, 10), 'tst': 0}, {'pst': (106, 14), 'tst': 0}]",0.5857006959761836,8.22331796698127
110,2,,"[0, 1, 2, 3, 4, 5, 6, 7, 8, 9, 10, 11, 12, 13, 14, 15, 16, 17, 18, 19]","[{'pst': (103, 2), 'tst': 6}, {'pst': (103, 14), 'tst': 5}, {'pst': (104, 11), 'tst': 4}, {'pst': (104, 2), 'tst': 2}, {'pst': (104, 18), 'tst': 2}, {'pst': (105, 15), 'tst': 1}, {'pst': (109, 2), 'tst': 0}, {'pst': (89, 19), 'tst': 0}]",0.6165156384342474,8.344182497909522
110,3,"{'text': 'If you want to legalize drugs, then you should also legalize prostitution.'}","[0, 1, 2, 3, 4, 5, 6, 7, 8, 9, 10, 11, 12, 13, 14, 15, 16, 17, 18, 19]","[{'pst': (97, 6), 'tst': 7}, {'pst': (92, 10), 'tst': 3}, {'pst': (87, 3), 'tst': 2}, {'pst': (40, 0), 'tst': 2}, {'pst': (55, 17), 'tst': 1}, {'pst': (98, 15), 'tst': 1}, {'pst': (100, 17), 'tst': 0}, {'pst': (99, 1), 'tst': 0}]",0.6165156384342474,8.344182497909522
110,4,,"[0, 1, 2, 3, 4, 5, 6, 7, 8, 9, 10, 11, 12, 13, 14, 15, 16, 17, 18, 19]","[{'pst': (84, 9), 'tst': 5}, {'pst': (92, 7), 'tst': 5}, {'pst': (96, 14), 'tst': 4}, {'pst': (90, 13), 'tst': 3}, {'pst': (87, 0), 'tst': 3}, {'pst': (92, 10), 'tst': 2}, {'pst': (104, 11), 'tst': 1}, {'pst': (98, 4), 'tst': 0}]",0.6165156384342474,8.344182497909522
110,5,,"[0, 1, 2, 3, 4, 5, 6, 7, 8, 9, 10, 11, 12, 13, 14, 15, 16, 17, 18, 19]","[{'pst': (49, 3), 'tst': 4}, {'pst': (102, 10), 'tst': 4}, {'pst': (101, 10), 'tst': 3}, {'pst': (107, 5), 'tst': 2}, {'pst': (90, 13), 'tst': 2}, {'pst': (84, 2), 'tst': 1}, {'pst': (103, 14), 'tst': 1}, {'pst': (109, 5), 'tst': 0}]",0.6165156384342474,8.344182497909522
110,6,,"[0, 1, 2, 3, 4, 5, 6, 7, 8, 9, 10, 11, 12, 13, 14, 15, 16, 17, 18, 19]","[{'pst': (72, 11), 'tst': 6}, {'pst': (55, 17), 'tst': 4}, {'pst': (84, 4), 'tst': 2}, {'pst': (91, 2), 'tst': 2}, {'pst': (108, 6), 'tst': 1}, {'pst': (103, 14), 'tst': 1}, {'pst': (109, 6), 'tst': 0}, {'pst': (48, 1), 'tst': 0}]",0.5869730431339416,7.4467967542349776
110,7,"{'text': 'If you want to legalize drugs, then you should also legalize prostitution.'}","[0, 1, 2, 3, 4, 5, 6, 7, 8, 9, 10, 11, 12, 13, 14, 15, 16, 17, 18, 19]","[{'pst': (61, 10), 'tst': 4}, {'pst': (90, 13), 'tst': 3}, {'pst': (94, 10), 'tst': 3}, {'pst': (107, 0), 'tst': 2}, {'pst': (95, 5), 'tst': 2}, {'pst': (92, 3), 'tst': 1}, {'pst': (84, 9), 'tst': 0}, {'pst': (98, 15), 'tst': 0}]",0.6165156384342474,8.344182497909522
110,8,,"[0, 1, 2, 3, 4, 5, 6, 7, 8, 9, 10, 11, 12, 13, 14, 15, 16, 17, 18, 19]","[{'pst': (95, 5), 'tst': 8}, {'pst': (101, 0), 'tst': 3}, {'pst': (107, 8), 'tst': 2}, {'pst': (75, 6), 'tst': 2}, {'pst': (67, 8), 'tst': 1}, {'pst': (104, 11), 'tst': 1}, {'pst': (89, 19), 'tst': 0}, {'pst': (109, 10), 'tst': 0}]",0.6165156384342474,8.344182497909522
110,9,,"[0, 1, 2, 3, 4, 5, 6, 7, 8, 9, 10, 11, 12, 13, 14, 15, 16, 17, 18, 19]","[{'pst': (100, 17), 'tst': 5}, {'pst': (104, 18), 'tst': 4}, {'pst': (106, 9), 'tst': 3}, {'pst': (101, 10), 'tst': 3}, {'pst': (96, 14), 'tst': 2}, {'pst': (107, 8), 'tst': 1}, {'pst': (86, 0), 'tst': 1}, {'pst': (92, 5), 'tst': 0}]",0.6165156384342474,8.344182497909522
110,10,"{'text': 'If you want to legalize drugs, then you should also legalize prostitution.'}","[0, 1, 2, 3, 4, 5, 6, 7, 8, 9, 10, 11, 12, 13, 14, 15, 16, 17, 18, 19]","[{'pst': (103, 10), 'tst': 6}, {'pst': (98, 4), 'tst': 4}, {'pst': (81, 5), 'tst': 4}, {'pst': (97, 10), 'tst': 3}, {'pst': (106, 14), 'tst': 2}, {'pst': (84, 4), 'tst': 1}, {'pst': (109, 10), 'tst': 0}, {'pst': (99, 7), 'tst': 0}]",0.6165156384342474,8.344182497909522
110,11,,"[0, 1, 2, 3, 4, 5, 6, 7, 8, 9, 10, 11, 12, 13, 14, 15, 16, 17, 18, 19]","[{'pst': (104, 11), 'tst': 5}, {'pst': (95, 19), 'tst': 5}, {'pst': (71, 7), 'tst': 3}, {'pst': (103, 2), 'tst': 2}, {'pst': (96, 8), 'tst': 2}, {'pst': (91, 2), 'tst': 1}, {'pst': (98, 4), 'tst': 0}, {'pst': (94, 10), 'tst': 0}]",0.6165156384342474,8.344182497909522
110,12,,"[0, 1, 2, 3, 4, 5, 6, 7, 8, 9, 10, 11, 12, 13, 14, 15, 16, 17, 18, 19]","[{'pst': (94, 8), 'tst': 3}, {'pst': (98, 15), 'tst': 3}, {'pst': (84, 2), 'tst': 2}, {'pst': (92, 7), 'tst': 2}, {'pst': (97, 10), 'tst': 1}, {'pst': (99, 7), 'tst': 1}, {'pst': (109, 10), 'tst': 0}, {'pst': (72, 11), 'tst': 0}]",0.6165156384342474,8.344182497909522
110,13,,"[0, 1, 2, 3, 4, 5, 6, 7, 8, 9, 10, 11, 12, 13, 14, 15, 16, 17, 18, 19]","[{'pst': (95, 19), 'tst': 6}, {'pst': (102, 9), 'tst': 5}, {'pst': (104, 2), 'tst': 4}, {'pst': (98, 0), 'tst': 2}, {'pst': (101, 5), 'tst': 1}, {'pst': (83, 2), 'tst': 1}, {'pst': (109, 13), 'tst': 0}, {'pst': (109, 10), 'tst': 0}]",0.6070471343718176,8.187395112398931
110,14,"{'text': 'If you want to legalize drugs, then you should also legalize prostitution.'}","[0, 1, 2, 3, 4, 5, 6, 7, 8, 9, 10, 11, 12, 13, 14, 15, 16, 17, 18, 19]","[{'pst': (100, 10), 'tst': 6}, {'pst': (99, 1), 'tst': 5}, {'pst': (87, 3), 'tst': 4}, {'pst': (96, 8), 'tst': 2}, {'pst': (95, 5), 'tst': 1}, {'pst': (106, 9), 'tst': 1}, {'pst': (91, 2), 'tst': 0}, {'pst': (104, 2), 'tst': 0}]",0.5139778429938575,6.400768118975232
110,15,,"[0, 1, 2, 3, 4, 5, 6, 7, 8, 9, 10, 11, 12, 13, 14, 15, 16, 17, 18, 19]","[{'pst': (81, 5), 'tst': 3}, {'pst': (90, 13), 'tst': 3}, {'pst': (107, 8), 'tst': 2}, {'pst': (94, 10), 'tst': 2}, {'pst': (108, 15), 'tst': 1}, {'pst': (84, 2), 'tst': 1}, {'pst': (98, 15), 'tst': 0}, {'pst': (101, 0), 'tst': 0}]",0.5942386631469825,7.625391679214867
110,16,,"[0, 1, 2, 3, 4, 5, 6, 7, 8, 9, 10, 11, 12, 13, 14, 15, 16, 17, 18, 19]","[{'pst': (84, 0), 'tst': 5}, {'pst': (84, 2), 'tst': 4}, {'pst': (99, 7), 'tst': 3}, {'pst': (87, 3), 'tst': 2}, {'pst': (97, 10), 'tst': 2}, {'pst': (108, 16), 'tst': 1}, {'pst': (104, 2), 'tst': 1}, {'pst': (108, 15), 'tst': 0}]",0.5869730431339416,7.4467967542349776
110,17,"{'text': 'If you want to legalize drugs, then you should also legalize prostitution.'}","[0, 1, 2, 3, 4, 5, 6, 7, 8, 9, 10, 11, 12, 13, 14, 15, 16, 17, 18, 19]","[{'pst': (104, 11), 'tst': 5}, {'pst': (84, 9), 'tst': 4}, {'pst': (107, 0), 'tst': 2}, {'pst': (102, 11), 'tst': 2}, {'pst': (95, 5), 'tst': 1}, {'pst': (104, 2), 'tst': 1}, {'pst': (98, 4), 'tst': 0}, {'pst': (86, 0), 'tst': 0}]",0.6165156384342474,8.344182497909522
110,18,,"[0, 1, 2, 3, 4, 5, 6, 7, 8, 9, 10, 11, 12, 13, 14, 15, 16, 17, 18, 19]","[{'pst': (104, 18), 'tst': 5}, {'pst': (61, 10), 'tst': 4}, {'pst': (89, 19), 'tst': 3}, {'pst': (70, 17), 'tst': 2}, {'pst': (101, 5), 'tst': 1}, {'pst': (103, 10), 'tst': 1}, {'pst': (109, 18), 'tst': 0}, {'pst': (109, 13), 'tst': 0}]",0.6165156384342474,8.344182497909522
110,19,,"[0, 1, 2, 3, 4, 5, 6, 7, 8, 9, 10, 11, 12, 13, 14, 15, 16, 17, 18, 19]","[{'pst': (99, 2), 'tst': 5}, {'pst': (92, 3), 'tst': 3}, {'pst': (61, 10), 'tst': 2}, {'pst': (60, 16), 'tst': 2}, {'pst': (92, 5), 'tst': 1}, {'pst': (98, 15), 'tst': 1}, {'pst': (109, 6), 'tst': 0}, {'pst': (48, 1), 'tst': 0}]",0.5869730431339416,7.4467967542349776
111,0,,"[0, 1, 2, 3, 4, 5, 6, 7, 8, 9, 10, 11, 12, 13, 14, 15, 16, 17, 18, 19]","[{'pst': (92, 7), 'tst': 6}, {'pst': (106, 14), 'tst': 3}, {'pst': (105, 18), 'tst': 2}, {'pst': (92, 3), 'tst': 2}, {'pst': (87, 3), 'tst': 1}, {'pst': (108, 16), 'tst': 1}, {'pst': (109, 5), 'tst': 0}, {'pst': (104, 18), 'tst': 0}]",0.6165156384342474,8.344182497909522
111,1,,"[0, 1, 2, 3, 4, 5, 6, 7, 8, 9, 10, 11, 12, 13, 14, 15, 16, 17, 18, 19]","[{'pst': (102, 11), 'tst': 4}, {'pst': (104, 18), 'tst': 4}, {'pst': (104, 11), 'tst': 2}, {'pst': (103, 10), 'tst': 2}, {'pst': (102, 10), 'tst': 1}, {'pst': (106, 14), 'tst': 1}, {'pst': (49, 3), 'tst': 0}, {'pst': (105, 15), 'tst': 0}]",0.6165156384342474,8.344182497909522
111,2,"{'text': ""I don't think we should legalize drugs. I think we should legalize prostitution.""}","[0, 1, 2, 3, 4, 5, 6, 7, 8, 9, 10, 11, 12, 13, 14, 15, 16, 17, 18, 19]","[{'pst': (103, 2), 'tst': 7}, {'pst': (104, 11), 'tst': 5}, {'pst': (104, 2), 'tst': 3}, {'pst': (104, 18), 'tst': 3}, {'pst': (105, 15), 'tst': 2}, {'pst': (109, 2), 'tst': 1}, {'pst': (89, 19), 'tst': 1}, {'pst': (87, 3), 'tst': 0}]",0.6165156384342474,8.344182497909522
111,3,,"[0, 1, 2, 3, 4, 5, 6, 7, 8, 9, 10, 11, 12, 13, 14, 15, 16, 17, 18, 19]","[{'pst': (92, 10), 'tst': 4}, {'pst': (87, 3), 'tst': 3}, {'pst': (55, 17), 'tst': 2}, {'pst': (98, 15), 'tst': 2}, {'pst': (100, 17), 'tst': 1}, {'pst': (99, 1), 'tst': 1}, {'pst': (110, 3), 'tst': 0}, {'pst': (100, 10), 'tst': 0}]",0.5063286544961123,6.476345072781321
111,4,"{'text': 'If you want to legalize drugs, then you should also legalize prostitution.'}","[0, 1, 2, 3, 4, 5, 6, 7, 8, 9, 10, 11, 12, 13, 14, 15, 16, 17, 18, 19]","[{'pst': (96, 14), 'tst': 5}, {'pst': (90, 13), 'tst': 4}, {'pst': (87, 0), 'tst': 4}, {'pst': (92, 10), 'tst': 3}, {'pst': (104, 11), 'tst': 2}, {'pst': (98, 4), 'tst': 1}, {'pst': (109, 18), 'tst': 0}, {'pst': (97, 6), 'tst': 0}]",0.6165156384342474,8.344182497909522
111,5,,"[0, 1, 2, 3, 4, 5, 6, 7, 8, 9, 10, 11, 12, 13, 14, 15, 16, 17, 18, 19]","[{'pst': (49, 3), 'tst': 5}, {'pst': (102, 10), 'tst': 5}, {'pst': (101, 10), 'tst': 4}, {'pst': (107, 5), 'tst': 3}, {'pst': (84, 2), 'tst': 2}, {'pst': (103, 14), 'tst': 2}, {'pst': (109, 5), 'tst': 1}, {'pst': (97, 6), 'tst': 0}]",0.6165156384342474,8.344182497909522
111,6,,"[0, 1, 2, 3, 4, 5, 6, 7, 8, 9, 10, 11, 12, 13, 14, 15, 16, 17, 18, 19]","[{'pst': (72, 11), 'tst': 7}, {'pst': (84, 4), 'tst': 3}, {'pst': (108, 6), 'tst': 2}, {'pst': (103, 14), 'tst': 2}, {'pst': (109, 6), 'tst': 1}, {'pst': (48, 1), 'tst': 1}, {'pst': (105, 18), 'tst': 0}, {'pst': (97, 6), 'tst': 0}]",0.5935817745966367,7.62185488736539
111,7,,"[0, 1, 2, 3, 4, 5, 6, 7, 8, 9, 10, 11, 12, 13, 14, 15, 16, 17, 18, 19]","[{'pst': (90, 13), 'tst': 4}, {'pst': (94, 10), 'tst': 4}, {'pst': (95, 5), 'tst': 3}, {'pst': (92, 3), 'tst': 2}, {'pst': (84, 9), 'tst': 1}, {'pst': (98, 15), 'tst': 1}, {'pst': (110, 7), 'tst': 0}, {'pst': (92, 7), 'tst': 0}]",0.6165156384342474,8.344182497909522
111,8,,"[0, 1, 2, 3, 4, 5, 6, 7, 8, 9, 10, 11, 12, 13, 14, 15, 16, 17, 18, 19]","[{'pst': (107, 8), 'tst': 3}, {'pst': (75, 6), 'tst': 3}, {'pst': (67, 8), 'tst': 2}, {'pst': (104, 11), 'tst': 2}, {'pst': (89, 19), 'tst': 1}, {'pst': (109, 10), 'tst': 1}, {'pst': (102, 11), 'tst': 0}, {'pst': (110, 3), 'tst': 0}]",0.6165156384342474,8.344182497909522
111,9,,"[0, 1, 2, 3, 4, 5, 6, 7, 8, 9, 10, 11, 12, 13, 14, 15, 16, 17, 18, 19]","[{'pst': (100, 17), 'tst': 6}, {'pst': (104, 18), 'tst': 5}, {'pst': (106, 9), 'tst': 4}, {'pst': (96, 14), 'tst': 3}, {'pst': (107, 8), 'tst': 2}, {'pst': (86, 0), 'tst': 2}, {'pst': (92, 5), 'tst': 1}, {'pst': (99, 2), 'tst': 0}]",0.6165156384342474,8.344182497909522
111,10,,"[0, 1, 2, 3, 4, 5, 6, 7, 8, 9, 10, 11, 12, 13, 14, 15, 16, 17, 18, 19]","[{'pst': (98, 4), 'tst': 5}, {'pst': (81, 5), 'tst': 5}, {'pst': (106, 14), 'tst': 3}, {'pst': (84, 4), 'tst': 2}, {'pst': (109, 10), 'tst': 1}, {'pst': (99, 7), 'tst': 1}, {'pst': (110, 10), 'tst': 0}, {'pst': (83, 2), 'tst': 0}]",0.6165156384342474,8.344182497909522
111,11,,"[0, 1, 2, 3, 4, 5, 6, 7, 8, 9, 10, 11, 12, 13, 14, 15, 16, 17, 18, 19]","[{'pst': (104, 11), 'tst': 6}, {'pst': (103, 2), 'tst': 3}, {'pst': (96, 8), 'tst': 3}, {'pst': (91, 2), 'tst': 2}, {'pst': (98, 4), 'tst': 1}, {'pst': (94, 10), 'tst': 1}, {'pst': (89, 19), 'tst': 0}, {'pst': (107, 5), 'tst': 0}]",0.6165156384342474,8.344182497909522
111,12,"{'text': 'If you want to legalize drugs, then you should also legalize prostitution.'}","[0, 1, 2, 3, 4, 5, 6, 7, 8, 9, 10, 11, 12, 13, 14, 15, 16, 17, 18, 19]","[{'pst': (84, 2), 'tst': 3}, {'pst': (92, 7), 'tst': 3}, {'pst': (97, 10), 'tst': 2}, {'pst': (99, 7), 'tst': 2}, {'pst': (109, 10), 'tst': 1}, {'pst': (72, 11), 'tst': 1}, {'pst': (92, 10), 'tst': 0}, {'pst': (109, 13), 'tst': 0}]",0.6165156384342474,8.344182497909522
111,13,,"[0, 1, 2, 3, 4, 5, 6, 7, 8, 9, 10, 11, 12, 13, 14, 15, 16, 17, 18, 19]","[{'pst': (95, 19), 'tst': 7}, {'pst': (104, 2), 'tst': 5}, {'pst': (101, 5), 'tst': 2}, {'pst': (83, 2), 'tst': 2}, {'pst': (109, 13), 'tst': 1}, {'pst': (109, 10), 'tst': 1}, {'pst': (103, 2), 'tst': 0}, {'pst': (99, 2), 'tst': 0}]",0.6165156384342474,8.344182497909522
111,14,"{'text': 'If you want to legalize drugs, then you should also legalize prostitution.'}","[0, 1, 2, 3, 4, 5, 6, 7, 8, 9, 10, 11, 12, 13, 14, 15, 16, 17, 18, 19]","[{'pst': (100, 10), 'tst': 7}, {'pst': (87, 3), 'tst': 5}, {'pst': (96, 8), 'tst': 3}, {'pst': (106, 9), 'tst': 2}, {'pst': (91, 2), 'tst': 1}, {'pst': (104, 2), 'tst': 1}, {'pst': (110, 14), 'tst': 0}, {'pst': (108, 15), 'tst': 0}]",0.5055342155701547,6.54053857481996
111,15,,"[0, 1, 2, 3, 4, 5, 6, 7, 8, 9, 10, 11, 12, 13, 14, 15, 16, 17, 18, 19]","[{'pst': (90, 13), 'tst': 4}, {'pst': (94, 10), 'tst': 3}, {'pst': (108, 15), 'tst': 2}, {'pst': (84, 2), 'tst': 2}, {'pst': (98, 15), 'tst': 1}, {'pst': (101, 0), 'tst': 1}, {'pst': (109, 10), 'tst': 0}, {'pst': (75, 6), 'tst': 0}]",0.5994139301602949,7.6378727009057314
111,16,,"[0, 1, 2, 3, 4, 5, 6, 7, 8, 9, 10, 11, 12, 13, 14, 15, 16, 17, 18, 19]","[{'pst': (84, 0), 'tst': 6}, {'pst': (87, 3), 'tst': 3}, {'pst': (97, 10), 'tst': 3}, {'pst': (108, 16), 'tst': 2}, {'pst': (104, 2), 'tst': 2}, {'pst': (108, 15), 'tst': 1}, {'pst': (49, 3), 'tst': 0}, {'pst': (103, 14), 'tst': 0}]",0.5935817745966367,7.62185488736539
111,17,,"[0, 1, 2, 3, 4, 5, 6, 7, 8, 9, 10, 11, 12, 13, 14, 15, 16, 17, 18, 19]","[{'pst': (84, 9), 'tst': 5}, {'pst': (107, 0), 'tst': 3}, {'pst': (102, 11), 'tst': 3}, {'pst': (95, 5), 'tst': 2}, {'pst': (104, 2), 'tst': 2}, {'pst': (98, 4), 'tst': 1}, {'pst': (86, 0), 'tst': 1}, {'pst': (110, 17), 'tst': 0}]",0.6165156384342474,8.344182497909522
111,18,,"[0, 1, 2, 3, 4, 5, 6, 7, 8, 9, 10, 11, 12, 13, 14, 15, 16, 17, 18, 19]","[{'pst': (104, 18), 'tst': 6}, {'pst': (89, 19), 'tst': 4}, {'pst': (101, 5), 'tst': 2}, {'pst': (103, 10), 'tst': 2}, {'pst': (109, 18), 'tst': 1}, {'pst': (109, 13), 'tst': 1}, {'pst': (71, 7), 'tst': 0}, {'pst': (95, 19), 'tst': 0}]",0.6165156384342474,8.344182497909522
111,19,"{'text': 'If you want to legalize drugs, then you should also legalize prostitution.'}","[0, 1, 2, 3, 4, 5, 6, 7, 8, 9, 10, 11, 12, 13, 14, 15, 16, 17, 18, 19]","[{'pst': (92, 3), 'tst': 4}, {'pst': (61, 10), 'tst': 3}, {'pst': (92, 5), 'tst': 2}, {'pst': (98, 15), 'tst': 2}, {'pst': (109, 6), 'tst': 1}, {'pst': (48, 1), 'tst': 1}, {'pst': (84, 2), 'tst': 0}, {'pst': (110, 3), 'tst': 0}]",0.5935817745966367,7.62185488736539
112,0,,"[0, 1, 2, 3, 4, 5, 6, 7, 8, 9, 10, 11, 12, 13, 14, 15, 16, 17, 18, 19]","[{'pst': (106, 14), 'tst': 4}, {'pst': (105, 18), 'tst': 3}, {'pst': (87, 3), 'tst': 2}, {'pst': (108, 16), 'tst': 2}, {'pst': (109, 5), 'tst': 1}, {'pst': (104, 18), 'tst': 1}, {'pst': (83, 2), 'tst': 0}, {'pst': (105, 15), 'tst': 0}]",0.6165156384342474,8.344182497909522
112,1,,"[0, 1, 2, 3, 4, 5, 6, 7, 8, 9, 10, 11, 12, 13, 14, 15, 16, 17, 18, 19]","[{'pst': (102, 11), 'tst': 5}, {'pst': (104, 18), 'tst': 5}, {'pst': (102, 10), 'tst': 2}, {'pst': (106, 14), 'tst': 2}, {'pst': (49, 3), 'tst': 1}, {'pst': (105, 15), 'tst': 1}, {'pst': (101, 5), 'tst': 0}, {'pst': (96, 14), 'tst': 0}]",0.6165156384342474,8.344182497909522
112,2,,"[0, 1, 2, 3, 4, 5, 6, 7, 8, 9, 10, 11, 12, 13, 14, 15, 16, 17, 18, 19]","[{'pst': (104, 11), 'tst': 6}, {'pst': (104, 18), 'tst': 4}, {'pst': (105, 15), 'tst': 3}, {'pst': (109, 2), 'tst': 2}, {'pst': (89, 19), 'tst': 2}, {'pst': (87, 3), 'tst': 1}, {'pst': (111, 2), 'tst': 0}, {'pst': (109, 5), 'tst': 0}]",0.528759243632776,7.100507128869809
112,3,"{'text': 'If you want to legalize drugs, then you should also legalize prostitution.'}","[0, 1, 2, 3, 4, 5, 6, 7, 8, 9, 10, 11, 12, 13, 14, 15, 16, 17, 18, 19]","[{'pst': (55, 17), 'tst': 3}, {'pst': (98, 15), 'tst': 3}, {'pst': (100, 17), 'tst': 2}, {'pst': (99, 1), 'tst': 2}, {'pst': (110, 3), 'tst': 1}, {'pst': (100, 10), 'tst': 1}, {'pst': (105, 18), 'tst': 0}, {'pst': (101, 0), 'tst': 0}]",0.5231127785215662,6.610595420352757
112,4,,"[0, 1, 2, 3, 4, 5, 6, 7, 8, 9, 10, 11, 12, 13, 14, 15, 16, 17, 18, 19]","[{'pst': (90, 13), 'tst': 5}, {'pst': (87, 0), 'tst': 5}, {'pst': (104, 11), 'tst': 3}, {'pst': (98, 4), 'tst': 2}, {'pst': (109, 18), 'tst': 1}, {'pst': (97, 6), 'tst': 1}, {'pst': (111, 4), 'tst': 0}, {'pst': (110, 3), 'tst': 0}]",0.6165156384342474,8.344182497909522
112,5,,"[0, 1, 2, 3, 4, 5, 6, 7, 8, 9, 10, 11, 12, 13, 14, 15, 16, 17, 18, 19]","[{'pst': (49, 3), 'tst': 6}, {'pst': (101, 10), 'tst': 5}, {'pst': (107, 5), 'tst': 4}, {'pst': (84, 2), 'tst': 3}, {'pst': (109, 5), 'tst': 2}, {'pst': (97, 6), 'tst': 1}, {'pst': (106, 14), 'tst': 0}, {'pst': (109, 13), 'tst': 0}]",0.6165156384342474,8.344182497909522
112,6,,"[0, 1, 2, 3, 4, 5, 6, 7, 8, 9, 10, 11, 12, 13, 14, 15, 16, 17, 18, 19]","[{'pst': (72, 11), 'tst': 8}, {'pst': (108, 6), 'tst': 3}, {'pst': (103, 14), 'tst': 3}, {'pst': (48, 1), 'tst': 2}, {'pst': (105, 18), 'tst': 1}, {'pst': (97, 6), 'tst': 1}, {'pst': (95, 5), 'tst': 0}, {'pst': (108, 16), 'tst': 0}]",0.5964324883889096,7.633865942322917
112,7,"{'text': 'If you want to legalize drugs, then you should also legalize prostitution.'}","[0, 1, 2, 3, 4, 5, 6, 7, 8, 9, 10, 11, 12, 13, 14, 15, 16, 17, 18, 19]","[{'pst': (94, 10), 'tst': 5}, {'pst': (92, 3), 'tst': 3}, {'pst': (84, 9), 'tst': 2}, {'pst': (98, 15), 'tst': 2}, {'pst': (110, 7), 'tst': 1}, {'pst': (92, 7), 'tst': 1}, {'pst': (106, 14), 'tst': 0}, {'pst': (111, 12), 'tst': 0}]",0.6165156384342474,8.344182497909522
112,8,,"[0, 1, 2, 3, 4, 5, 6, 7, 8, 9, 10, 11, 12, 13, 14, 15, 16, 17, 18, 19]","[{'pst': (107, 8), 'tst': 4}, {'pst': (75, 6), 'tst': 4}, {'pst': (67, 8), 'tst': 3}, {'pst': (89, 19), 'tst': 2}, {'pst': (109, 10), 'tst': 2}, {'pst': (102, 11), 'tst': 1}, {'pst': (110, 3), 'tst': 1}, {'pst': (99, 2), 'tst': 0}]",0.6165156384342474,8.344182497909522
112,9,,"[0, 1, 2, 3, 4, 5, 6, 7, 8, 9, 10, 11, 12, 13, 14, 15, 16, 17, 18, 19]","[{'pst': (100, 17), 'tst': 7}, {'pst': (96, 14), 'tst': 4}, {'pst': (107, 8), 'tst': 3}, {'pst': (86, 0), 'tst': 3}, {'pst': (92, 5), 'tst': 2}, {'pst': (99, 2), 'tst': 1}, {'pst': (101, 0), 'tst': 0}, {'pst': (84, 0), 'tst': 0}]",0.6165156384342474,8.344182497909522
112,10,"{'text': 'If you want to legalize drugs, then you should also legalize prostitution.'}","[0, 1, 2, 3, 4, 5, 6, 7, 8, 9, 10, 11, 12, 13, 14, 15, 16, 17, 18, 19]","[{'pst': (98, 4), 'tst': 6}, {'pst': (84, 4), 'tst': 3}, {'pst': (109, 10), 'tst': 2}, {'pst': (99, 7), 'tst': 2}, {'pst': (110, 10), 'tst': 1}, {'pst': (83, 2), 'tst': 1}, {'pst': (101, 0), 'tst': 0}, {'pst': (75, 6), 'tst': 0}]",0.6165156384342474,8.344182497909522
112,11,"{'text': 'If you want to legalize drugs, then you should also legalize prostitution.'}","[0, 1, 2, 3, 4, 5, 6, 7, 8, 9, 10, 11, 12, 13, 14, 15, 16, 17, 18, 19]","[{'pst': (104, 11), 'tst': 7}, {'pst': (96, 8), 'tst': 4}, {'pst': (91, 2), 'tst': 3}, {'pst': (98, 4), 'tst': 2}, {'pst': (94, 10), 'tst': 2}, {'pst': (89, 19), 'tst': 1}, {'pst': (107, 5), 'tst': 1}, {'pst': (109, 13), 'tst': 0}]",0.6165156384342474,8.344182497909522
112,12,,"[0, 1, 2, 3, 4, 5, 6, 7, 8, 9, 10, 11, 12, 13, 14, 15, 16, 17, 18, 19]","[{'pst': (84, 2), 'tst': 4}, {'pst': (92, 7), 'tst': 4}, {'pst': (97, 10), 'tst': 3}, {'pst': (99, 7), 'tst': 3}, {'pst': (109, 10), 'tst': 2}, {'pst': (92, 10), 'tst': 1}, {'pst': (109, 13), 'tst': 1}, {'pst': (111, 12), 'tst': 0}]",0.6165156384342474,8.344182497909522
112,13,"{'text': 'If you want to legalize drugs, then you should also legalize prostitution.'}","[0, 1, 2, 3, 4, 5, 6, 7, 8, 9, 10, 11, 12, 13, 14, 15, 16, 17, 18, 19]","[{'pst': (104, 2), 'tst': 6}, {'pst': (101, 5), 'tst': 3}, {'pst': (109, 13), 'tst': 2}, {'pst': (109, 10), 'tst': 2}, {'pst': (103, 2), 'tst': 1}, {'pst': (99, 2), 'tst': 1}, {'pst': (67, 8), 'tst': 0}, {'pst': (84, 4), 'tst': 0}]",0.6165156384342474,8.344182497909522
112,14,,"[0, 1, 2, 3, 4, 5, 6, 7, 8, 9, 10, 11, 12, 13, 14, 15, 16, 17, 18, 19]","[{'pst': (87, 3), 'tst': 6}, {'pst': (96, 8), 'tst': 4}, {'pst': (91, 2), 'tst': 2}, {'pst': (104, 2), 'tst': 2}, {'pst': (110, 14), 'tst': 1}, {'pst': (108, 15), 'tst': 1}, {'pst': (111, 14), 'tst': 0}, {'pst': (110, 7), 'tst': 0}]",0.5935817745966367,7.62185488736539
112,15,,"[0, 1, 2, 3, 4, 5, 6, 7, 8, 9, 10, 11, 12, 13, 14, 15, 16, 17, 18, 19]","[{'pst': (90, 13), 'tst': 5}, {'pst': (108, 15), 'tst': 3}, {'pst': (84, 2), 'tst': 3}, {'pst': (98, 15), 'tst': 2}, {'pst': (109, 10), 'tst': 1}, {'pst': (75, 6), 'tst': 1}, {'pst': (101, 5), 'tst': 0}, {'pst': (108, 16), 'tst': 0}]",0.6034397657486131,7.7033096325632755
112,16,,"[0, 1, 2, 3, 4, 5, 6, 7, 8, 9, 10, 11, 12, 13, 14, 15, 16, 17, 18, 19]","[{'pst': (97, 10), 'tst': 4}, {'pst': (108, 16), 'tst': 3}, {'pst': (104, 2), 'tst': 3}, {'pst': (108, 15), 'tst': 2}, {'pst': (49, 3), 'tst': 1}, {'pst': (103, 14), 'tst': 1}, {'pst': (100, 10), 'tst': 0}, {'pst': (104, 18), 'tst': 0}]",0.5060887249011602,6.42058035297937
112,17,,"[0, 1, 2, 3, 4, 5, 6, 7, 8, 9, 10, 11, 12, 13, 14, 15, 16, 17, 18, 19]","[{'pst': (107, 0), 'tst': 4}, {'pst': (102, 11), 'tst': 4}, {'pst': (95, 5), 'tst': 3}, {'pst': (104, 2), 'tst': 3}, {'pst': (98, 4), 'tst': 2}, {'pst': (86, 0), 'tst': 2}, {'pst': (110, 17), 'tst': 1}, {'pst': (111, 19), 'tst': 0}]",0.6165156384342474,8.344182497909522
112,18,,"[0, 1, 2, 3, 4, 5, 6, 7, 8, 9, 10, 11, 12, 13, 14, 15, 16, 17, 18, 19]","[{'pst': (89, 19), 'tst': 5}, {'pst': (101, 5), 'tst': 3}, {'pst': (103, 10), 'tst': 3}, {'pst': (109, 13), 'tst': 2}, {'pst': (71, 7), 'tst': 1}, {'pst': (95, 19), 'tst': 1}, {'pst': (111, 2), 'tst': 0}, {'pst': (92, 5), 'tst': 0}]",0.528759243632776,7.100507128869809
112,19,,"[0, 1, 2, 3, 4, 5, 6, 7, 8, 9, 10, 11, 12, 13, 14, 15, 16, 17, 18, 19]","[{'pst': (92, 3), 'tst': 5}, {'pst': (61, 10), 'tst': 4}, {'pst': (92, 5), 'tst': 3}, {'pst': (48, 1), 'tst': 2}, {'pst': (84, 2), 'tst': 1}, {'pst': (110, 3), 'tst': 1}, {'pst': (111, 19), 'tst': 0}, {'pst': (104, 18), 'tst': 0}]",0.5964324883889096,7.633865942322917
113,0,,"[0, 1, 2, 3, 4, 5, 6, 7, 8, 9, 10, 11, 12, 13, 14, 15, 16, 17, 18, 19]","[{'pst': (106, 14), 'tst': 5}, {'pst': (87, 3), 'tst': 3}, {'pst': (108, 16), 'tst': 3}, {'pst': (109, 5), 'tst': 2}, {'pst': (104, 18), 'tst': 2}, {'pst': (83, 2), 'tst': 1}, {'pst': (105, 15), 'tst': 1}, {'pst': (95, 19), 'tst': 0}]",0.6165156384342474,8.344182497909522
113,1,"{'text': 'If you want to legalize drugs, then you should also legalize prostitution.'}","[0, 1, 2, 3, 4, 5, 6, 7, 8, 9, 10, 11, 12, 13, 14, 15, 16, 17, 18, 19]","[{'pst': (104, 18), 'tst': 6}, {'pst': (102, 10), 'tst': 3}, {'pst': (106, 14), 'tst': 3}, {'pst': (105, 15), 'tst': 2}, {'pst': (101, 5), 'tst': 1}, {'pst': (96, 14), 'tst': 1}, {'pst': (108, 15), 'tst': 0}, {'pst': (109, 13), 'tst': 0}]",0.5953574210826224,7.508224449897318
113,2,,"[0, 1, 2, 3, 4, 5, 6, 7, 8, 9, 10, 11, 12, 13, 14, 15, 16, 17, 18, 19]","[{'pst': (104, 18), 'tst': 5}, {'pst': (109, 2), 'tst': 3}, {'pst': (89, 19), 'tst': 3}, {'pst': (87, 3), 'tst': 2}, {'pst': (111, 2), 'tst': 1}, {'pst': (109, 5), 'tst': 1}, {'pst': (92, 5), 'tst': 0}, {'pst': (98, 15), 'tst': 0}]",0.5387757488626511,7.181349586863135
113,3,,"[0, 1, 2, 3, 4, 5, 6, 7, 8, 9, 10, 11, 12, 13, 14, 15, 16, 17, 18, 19]","[{'pst': (100, 17), 'tst': 3}, {'pst': (99, 1), 'tst': 3}, {'pst': (110, 3), 'tst': 2}, {'pst': (100, 10), 'tst': 2}, {'pst': (105, 18), 'tst': 1}, {'pst': (101, 0), 'tst': 1}, {'pst': (112, 3), 'tst': 0}, {'pst': (104, 11), 'tst': 0}]",0.53156744635619,6.67396300690292
113,4,,"[0, 1, 2, 3, 4, 5, 6, 7, 8, 9, 10, 11, 12, 13, 14, 15, 16, 17, 18, 19]","[{'pst': (104, 11), 'tst': 4}, {'pst': (98, 4), 'tst': 3}, {'pst': (109, 18), 'tst': 2}, {'pst': (97, 6), 'tst': 2}, {'pst': (111, 4), 'tst': 1}, {'pst': (110, 3), 'tst': 1}, {'pst': (95, 5), 'tst': 0}, {'pst': (101, 0), 'tst': 0}]",0.6165156384342474,8.344182497909522
113,5,,"[0, 1, 2, 3, 4, 5, 6, 7, 8, 9, 10, 11, 12, 13, 14, 15, 16, 17, 18, 19]","[{'pst': (101, 10), 'tst': 6}, {'pst': (107, 5), 'tst': 5}, {'pst': (84, 2), 'tst': 4}, {'pst': (109, 5), 'tst': 3}, {'pst': (97, 6), 'tst': 2}, {'pst': (106, 14), 'tst': 1}, {'pst': (109, 13), 'tst': 1}, {'pst': (101, 0), 'tst': 0}]",0.6165156384342474,8.344182497909522
113,6,"{'text': 'If you want to legalize drugs, then you should also legalize prostitution.'}","[0, 1, 2, 3, 4, 5, 6, 7, 8, 9, 10, 11, 12, 13, 14, 15, 16, 17, 18, 19]","[{'pst': (103, 14), 'tst': 4}, {'pst': (48, 1), 'tst': 3}, {'pst': (105, 18), 'tst': 2}, {'pst': (97, 6), 'tst': 2}, {'pst': (95, 5), 'tst': 1}, {'pst': (108, 16), 'tst': 1}, {'pst': (91, 2), 'tst': 0}, {'pst': (97, 10), 'tst': 0}]",0.6034397657486131,7.7033096325632755
113,7,,"[0, 1, 2, 3, 4, 5, 6, 7, 8, 9, 10, 11, 12, 13, 14, 15, 16, 17, 18, 19]","[{'pst': (94, 10), 'tst': 6}, {'pst': (84, 9), 'tst': 3}, {'pst': (110, 7), 'tst': 2}, {'pst': (92, 7), 'tst': 2}, {'pst': (106, 14), 'tst': 1}, {'pst': (111, 12), 'tst': 1}, {'pst': (112, 7), 'tst': 0}, {'pst': (89, 19), 'tst': 0}]",0.6165156384342474,8.344182497909522
113,8,,"[0, 1, 2, 3, 4, 5, 6, 7, 8, 9, 10, 11, 12, 13, 14, 15, 16, 17, 18, 19]","[{'pst': (67, 8), 'tst': 4}, {'pst': (89, 19), 'tst': 3}, {'pst': (109, 10), 'tst': 3}, {'pst': (102, 11), 'tst': 2}, {'pst': (110, 3), 'tst': 2}, {'pst': (99, 2), 'tst': 1}, {'pst': (84, 4), 'tst': 0}, {'pst': (110, 14), 'tst': 0}]",0.6165156384342474,8.344182497909522
113,9,,"[0, 1, 2, 3, 4, 5, 6, 7, 8, 9, 10, 11, 12, 13, 14, 15, 16, 17, 18, 19]","[{'pst': (107, 8), 'tst': 4}, {'pst': (86, 0), 'tst': 4}, {'pst': (92, 5), 'tst': 3}, {'pst': (99, 2), 'tst': 2}, {'pst': (101, 0), 'tst': 1}, {'pst': (84, 0), 'tst': 1}, {'pst': (103, 2), 'tst': 0}, {'pst': (108, 6), 'tst': 0}]",0.6165156384342474,8.344182497909522
113,10,,"[0, 1, 2, 3, 4, 5, 6, 7, 8, 9, 10, 11, 12, 13, 14, 15, 16, 17, 18, 19]","[{'pst': (84, 4), 'tst': 4}, {'pst': (109, 10), 'tst': 3}, {'pst': (99, 7), 'tst': 3}, {'pst': (83, 2), 'tst': 2}, {'pst': (101, 0), 'tst': 1}, {'pst': (75, 6), 'tst': 1}, {'pst': (112, 10), 'tst': 0}, {'pst': (107, 0), 'tst': 0}]",0.6165156384342474,8.344182497909522
113,11,"{'text': 'If you want to legalize drugs, then you should also legalize prostitution.'}","[0, 1, 2, 3, 4, 5, 6, 7, 8, 9, 10, 11, 12, 13, 14, 15, 16, 17, 18, 19]","[{'pst': (104, 11), 'tst': 8}, {'pst': (96, 8), 'tst': 5}, {'pst': (91, 2), 'tst': 4}, {'pst': (94, 10), 'tst': 3}, {'pst': (89, 19), 'tst': 2}, {'pst': (109, 13), 'tst': 1}, {'pst': (112, 11), 'tst': 0}, {'pst': (112, 3), 'tst': 0}]",0.6165156384342474,8.344182497909522
113,12,,"[0, 1, 2, 3, 4, 5, 6, 7, 8, 9, 10, 11, 12, 13, 14, 15, 16, 17, 18, 19]","[{'pst': (84, 2), 'tst': 5}, {'pst': (92, 7), 'tst': 5}, {'pst': (99, 7), 'tst': 4}, {'pst': (109, 10), 'tst': 3}, {'pst': (92, 10), 'tst': 2}, {'pst': (109, 13), 'tst': 2}, {'pst': (111, 12), 'tst': 1}, {'pst': (102, 11), 'tst': 0}]",0.6165156384342474,8.344182497909522
113,13,"{'text': 'If you want to legalize drugs, then you should also legalize prostitution.'}","[0, 1, 2, 3, 4, 5, 6, 7, 8, 9, 10, 11, 12, 13, 14, 15, 16, 17, 18, 19]","[{'pst': (104, 2), 'tst': 7}, {'pst': (109, 10), 'tst': 3}, {'pst': (103, 2), 'tst': 2}, {'pst': (99, 2), 'tst': 2}, {'pst': (67, 8), 'tst': 1}, {'pst': (84, 4), 'tst': 1}, {'pst': (112, 13), 'tst': 0}, {'pst': (49, 3), 'tst': 0}]",0.6165156384342474,8.344182497909522
113,14,"{'text': 'If you want to legalize drugs, then you should also legalize prostitution.'}","[0, 1, 2, 3, 4, 5, 6, 7, 8, 9, 10, 11, 12, 13, 14, 15, 16, 17, 18, 19]","[{'pst': (87, 3), 'tst': 7}, {'pst': (96, 8), 'tst': 5}, {'pst': (91, 2), 'tst': 3}, {'pst': (110, 14), 'tst': 2}, {'pst': (111, 14), 'tst': 1}, {'pst': (110, 7), 'tst': 1}, {'pst': (112, 10), 'tst': 0}, {'pst': (100, 17), 'tst': 0}]",0.6165156384342474,8.344182497909522
113,15,,"[0, 1, 2, 3, 4, 5, 6, 7, 8, 9, 10, 11, 12, 13, 14, 15, 16, 17, 18, 19]","[{'pst': (108, 15), 'tst': 4}, {'pst': (84, 2), 'tst': 4}, {'pst': (109, 10), 'tst': 2}, {'pst': (75, 6), 'tst': 2}, {'pst': (101, 5), 'tst': 1}, {'pst': (108, 16), 'tst': 1}, {'pst': (87, 3), 'tst': 0}, {'pst': (98, 15), 'tst': 0}]",0.6070071930731191,7.635249400128382
113,16,,"[0, 1, 2, 3, 4, 5, 6, 7, 8, 9, 10, 11, 12, 13, 14, 15, 16, 17, 18, 19]","[{'pst': (104, 2), 'tst': 4}, {'pst': (108, 15), 'tst': 3}, {'pst': (49, 3), 'tst': 2}, {'pst': (103, 14), 'tst': 2}, {'pst': (100, 10), 'tst': 1}, {'pst': (104, 18), 'tst': 1}, {'pst': (99, 2), 'tst': 0}, {'pst': (99, 1), 'tst': 0}]",0.5161033767049545,6.383231221712867
113,17,,"[0, 1, 2, 3, 4, 5, 6, 7, 8, 9, 10, 11, 12, 13, 14, 15, 16, 17, 18, 19]","[{'pst': (107, 0), 'tst': 5}, {'pst': (95, 5), 'tst': 4}, {'pst': (104, 2), 'tst': 4}, {'pst': (98, 4), 'tst': 3}, {'pst': (86, 0), 'tst': 3}, {'pst': (111, 19), 'tst': 1}, {'pst': (112, 10), 'tst': 0}, {'pst': (108, 16), 'tst': 0}]",0.6165156384342474,8.344182497909522
113,18,,"[0, 1, 2, 3, 4, 5, 6, 7, 8, 9, 10, 11, 12, 13, 14, 15, 16, 17, 18, 19]","[{'pst': (89, 19), 'tst': 6}, {'pst': (103, 10), 'tst': 4}, {'pst': (109, 13), 'tst': 3}, {'pst': (95, 19), 'tst': 2}, {'pst': (111, 2), 'tst': 1}, {'pst': (92, 5), 'tst': 1}, {'pst': (61, 10), 'tst': 0}, {'pst': (84, 9), 'tst': 0}]",0.5387757488626511,7.181349586863135
113,19,,"[0, 1, 2, 3, 4, 5, 6, 7, 8, 9, 10, 11, 12, 13, 14, 15, 16, 17, 18, 19]","[{'pst': (92, 3), 'tst': 6}, {'pst': (61, 10), 'tst': 5}, {'pst': (84, 2), 'tst': 2}, {'pst': (110, 3), 'tst': 2}, {'pst': (111, 19), 'tst': 1}, {'pst': (104, 18), 'tst': 1}, {'pst': (112, 10), 'tst': 0}, {'pst': (104, 2), 'tst': 0}]",0.6165156384342474,8.344182497909522
114,0,,"[0, 1, 2, 3, 4, 5, 6, 7, 8, 9, 10, 11, 12, 13, 14, 15, 16, 17, 18, 19]","[{'pst': (106, 14), 'tst': 6}, {'pst': (87, 3), 'tst': 4}, {'pst': (108, 16), 'tst': 4}, {'pst': (109, 5), 'tst': 3}, {'pst': (105, 15), 'tst': 2}, {'pst': (95, 19), 'tst': 1}, {'pst': (103, 10), 'tst': 0}, {'pst': (110, 3), 'tst': 0}]",0.6165156384342474,8.344182497909522
114,1,,"[0, 1, 2, 3, 4, 5, 6, 7, 8, 9, 10, 11, 12, 13, 14, 15, 16, 17, 18, 19]","[{'pst': (104, 18), 'tst': 7}, {'pst': (102, 10), 'tst': 4}, {'pst': (105, 15), 'tst': 3}, {'pst': (101, 5), 'tst': 2}, {'pst': (96, 14), 'tst': 2}, {'pst': (108, 15), 'tst': 1}, {'pst': (109, 13), 'tst': 1}, {'pst': (113, 1), 'tst': 0}]",0.5935817745966367,7.62185488736539
114,2,,"[0, 1, 2, 3, 4, 5, 6, 7, 8, 9, 10, 11, 12, 13, 14, 15, 16, 17, 18, 19]","[{'pst': (104, 18), 'tst': 6}, {'pst': (109, 2), 'tst': 4}, {'pst': (89, 19), 'tst': 4}, {'pst': (87, 3), 'tst': 3}, {'pst': (109, 5), 'tst': 2}, {'pst': (92, 5), 'tst': 1}, {'pst': (98, 15), 'tst': 1}, {'pst': (111, 4), 'tst': 0}]",0.6165156384342474,8.344182497909522
114,3,"{'text': 'If you want to legalize drugs, then you should also legalize prostitution.'}","[0, 1, 2, 3, 4, 5, 6, 7, 8, 9, 10, 11, 12, 13, 14, 15, 16, 17, 18, 19]","[{'pst': (99, 1), 'tst': 4}, {'pst': (110, 3), 'tst': 3}, {'pst': (105, 18), 'tst': 2}, {'pst': (101, 0), 'tst': 2}, {'pst': (112, 3), 'tst': 1}, {'pst': (104, 11), 'tst': 1}, {'pst': (87, 3), 'tst': 0}, {'pst': (97, 10), 'tst': 0}]",0.6165156384342474,8.344182497909522
114,4,"{'text': 'If you want to legalize drugs, then you should also legalize prostitution.'}","[0, 1, 2, 3, 4, 5, 6, 7, 8, 9, 10, 11, 12, 13, 14, 15, 16, 17, 18, 19]","[{'pst': (98, 4), 'tst': 4}, {'pst': (109, 18), 'tst': 3}, {'pst': (97, 6), 'tst': 3}, {'pst': (111, 4), 'tst': 2}, {'pst': (95, 5), 'tst': 1}, {'pst': (101, 0), 'tst': 1}, {'pst': (84, 9), 'tst': 0}, {'pst': (86, 0), 'tst': 0}]",0.6165156384342474,8.344182497909522
114,5,,"[0, 1, 2, 3, 4, 5, 6, 7, 8, 9, 10, 11, 12, 13, 14, 15, 16, 17, 18, 19]","[{'pst': (84, 2), 'tst': 5}, {'pst': (109, 5), 'tst': 4}, {'pst': (97, 6), 'tst': 3}, {'pst': (106, 14), 'tst': 2}, {'pst': (109, 13), 'tst': 2}, {'pst': (101, 0), 'tst': 1}, {'pst': (104, 18), 'tst': 0}, {'pst': (86, 0), 'tst': 0}]",0.6165156384342474,8.344182497909522
114,6,,"[0, 1, 2, 3, 4, 5, 6, 7, 8, 9, 10, 11, 12, 13, 14, 15, 16, 17, 18, 19]","[{'pst': (48, 1), 'tst': 4}, {'pst': (97, 6), 'tst': 3}, {'pst': (95, 5), 'tst': 2}, {'pst': (108, 16), 'tst': 2}, {'pst': (91, 2), 'tst': 1}, {'pst': (97, 10), 'tst': 1}, {'pst': (113, 6), 'tst': 0}, {'pst': (104, 11), 'tst': 0}]",0.6070071930731191,7.635249400128382
114,7,,"[0, 1, 2, 3, 4, 5, 6, 7, 8, 9, 10, 11, 12, 13, 14, 15, 16, 17, 18, 19]","[{'pst': (84, 9), 'tst': 4}, {'pst': (110, 7), 'tst': 3}, {'pst': (92, 7), 'tst': 3}, {'pst': (111, 12), 'tst': 2}, {'pst': (112, 7), 'tst': 1}, {'pst': (89, 19), 'tst': 1}, {'pst': (113, 11), 'tst': 0}, {'pst': (111, 19), 'tst': 0}]",0.6165156384342474,8.344182497909522
114,8,"{'text': 'If you want to legalize drugs, then you should also legalize prostitution.'}","[0, 1, 2, 3, 4, 5, 6, 7, 8, 9, 10, 11, 12, 13, 14, 15, 16, 17, 18, 19]","[{'pst': (67, 8), 'tst': 5}, {'pst': (89, 19), 'tst': 4}, {'pst': (102, 11), 'tst': 3}, {'pst': (110, 3), 'tst': 3}, {'pst': (99, 2), 'tst': 2}, {'pst': (84, 4), 'tst': 1}, {'pst': (110, 14), 'tst': 1}, {'pst': (109, 13), 'tst': 0}]",0.6165156384342474,8.344182497909522
114,9,,"[0, 1, 2, 3, 4, 5, 6, 7, 8, 9, 10, 11, 12, 13, 14, 15, 16, 17, 18, 19]","[{'pst': (86, 0), 'tst': 5}, {'pst': (92, 5), 'tst': 4}, {'pst': (99, 2), 'tst': 3}, {'pst': (101, 0), 'tst': 2}, {'pst': (84, 0), 'tst': 2}, {'pst': (103, 2), 'tst': 1}, {'pst': (108, 6), 'tst': 1}, {'pst': (75, 6), 'tst': 0}]",0.6165156384342474,8.344182497909522
114,10,,"[0, 1, 2, 3, 4, 5, 6, 7, 8, 9, 10, 11, 12, 13, 14, 15, 16, 17, 18, 19]","[{'pst': (84, 4), 'tst': 5}, {'pst': (99, 7), 'tst': 4}, {'pst': (83, 2), 'tst': 3}, {'pst': (75, 6), 'tst': 2}, {'pst': (112, 10), 'tst': 1}, {'pst': (107, 0), 'tst': 1}, {'pst': (95, 5), 'tst': 0}, {'pst': (91, 2), 'tst': 0}]",0.6165156384342474,8.344182497909522
114,11,,"[0, 1, 2, 3, 4, 5, 6, 7, 8, 9, 10, 11, 12, 13, 14, 15, 16, 17, 18, 19]","[{'pst': (104, 11), 'tst': 9}, {'pst': (96, 8), 'tst': 6}, {'pst': (89, 19), 'tst': 3}, {'pst': (109, 13), 'tst': 2}, {'pst': (112, 11), 'tst': 1}, {'pst': (112, 3), 'tst': 1}, {'pst': (113, 11), 'tst': 0}, {'pst': (107, 5), 'tst': 0}]",0.6165156384342474,8.344182497909522
114,12,,"[0, 1, 2, 3, 4, 5, 6, 7, 8, 9, 10, 11, 12, 13, 14, 15, 16, 17, 18, 19]","[{'pst': (99, 7), 'tst': 5}, {'pst': (109, 10), 'tst': 4}, {'pst': (92, 10), 'tst': 3}, {'pst': (109, 13), 'tst': 3}, {'pst': (111, 12), 'tst': 2}, {'pst': (102, 11), 'tst': 1}, {'pst': (111, 4), 'tst': 0}, {'pst': (99, 1), 'tst': 0}]",0.6165156384342474,8.344182497909522
114,13,,"[0, 1, 2, 3, 4, 5, 6, 7, 8, 9, 10, 11, 12, 13, 14, 15, 16, 17, 18, 19]","[{'pst': (104, 2), 'tst': 8}, {'pst': (103, 2), 'tst': 3}, {'pst': (99, 2), 'tst': 3}, {'pst': (67, 8), 'tst': 2}, {'pst': (84, 4), 'tst': 2}, {'pst': (112, 13), 'tst': 1}, {'pst': (49, 3), 'tst': 1}, {'pst': (113, 13), 'tst': 0}]",0.6165156384342474,8.344182497909522
114,14,"{'text': 'Legalization of drugs is a good thing, but legalizing prostitution is a bad thing.'}","[0, 1, 2, 3, 4, 5, 6, 7, 8, 9, 10, 11, 12, 13, 14, 15, 16, 17, 18, 19]","[{'pst': (96, 8), 'tst': 6}, {'pst': (91, 2), 'tst': 4}, {'pst': (110, 14), 'tst': 3}, {'pst': (110, 7), 'tst': 2}, {'pst': (112, 10), 'tst': 1}, {'pst': (100, 17), 'tst': 1}, {'pst': (113, 14), 'tst': 0}, {'pst': (104, 11), 'tst': 0}]",0.6165156384342474,8.344182497909522
114,15,,"[0, 1, 2, 3, 4, 5, 6, 7, 8, 9, 10, 11, 12, 13, 14, 15, 16, 17, 18, 19]","[{'pst': (109, 10), 'tst': 3}, {'pst': (75, 6), 'tst': 3}, {'pst': (101, 5), 'tst': 2}, {'pst': (108, 16), 'tst': 2}, {'pst': (87, 3), 'tst': 1}, {'pst': (98, 15), 'tst': 1}, {'pst': (111, 14), 'tst': 0}, {'pst': (109, 18), 'tst': 0}]",0.6165156384342474,8.344182497909522
114,16,"{'text': 'If you want to legalize drugs, then you should also legalize prostitution.'}","[0, 1, 2, 3, 4, 5, 6, 7, 8, 9, 10, 11, 12, 13, 14, 15, 16, 17, 18, 19]","[{'pst': (104, 2), 'tst': 5}, {'pst': (49, 3), 'tst': 3}, {'pst': (103, 14), 'tst': 3}, {'pst': (100, 10), 'tst': 2}, {'pst': (99, 2), 'tst': 1}, {'pst': (99, 1), 'tst': 1}, {'pst': (108, 15), 'tst': 0}, {'pst': (111, 19), 'tst': 0}]",0.5182199318122332,6.734049096175407
114,17,,"[0, 1, 2, 3, 4, 5, 6, 7, 8, 9, 10, 11, 12, 13, 14, 15, 16, 17, 18, 19]","[{'pst': (95, 5), 'tst': 5}, {'pst': (104, 2), 'tst': 5}, {'pst': (98, 4), 'tst': 4}, {'pst': (86, 0), 'tst': 4}, {'pst': (111, 19), 'tst': 2}, {'pst': (112, 10), 'tst': 1}, {'pst': (108, 16), 'tst': 1}, {'pst': (113, 1), 'tst': 0}]",0.6165156384342474,8.344182497909522
114,18,,"[0, 1, 2, 3, 4, 5, 6, 7, 8, 9, 10, 11, 12, 13, 14, 15, 16, 17, 18, 19]","[{'pst': (89, 19), 'tst': 7}, {'pst': (109, 13), 'tst': 4}, {'pst': (95, 19), 'tst': 3}, {'pst': (111, 2), 'tst': 2}, {'pst': (61, 10), 'tst': 1}, {'pst': (84, 9), 'tst': 1}, {'pst': (108, 16), 'tst': 0}, {'pst': (110, 3), 'tst': 0}]",0.5449342147717035,7.199717742157217
114,19,,"[0, 1, 2, 3, 4, 5, 6, 7, 8, 9, 10, 11, 12, 13, 14, 15, 16, 17, 18, 19]","[{'pst': (61, 10), 'tst': 6}, {'pst': (84, 2), 'tst': 3}, {'pst': (110, 3), 'tst': 3}, {'pst': (104, 18), 'tst': 2}, {'pst': (112, 10), 'tst': 1}, {'pst': (104, 2), 'tst': 1}, {'pst': (49, 3), 'tst': 0}, {'pst': (98, 4), 'tst': 0}]",0.6165156384342474,8.344182497909522
115,0,,"[0, 1, 2, 3, 4, 5, 6, 7, 8, 9, 10, 11, 12, 13, 14, 15, 16, 17, 18, 19]","[{'pst': (106, 14), 'tst': 7}, {'pst': (108, 16), 'tst': 5}, {'pst': (105, 15), 'tst': 3}, {'pst': (95, 19), 'tst': 2}, {'pst': (103, 10), 'tst': 1}, {'pst': (110, 3), 'tst': 1}, {'pst': (113, 14), 'tst': 0}, {'pst': (112, 13), 'tst': 0}]",0.6165156384342474,8.344182497909522
115,1,,"[0, 1, 2, 3, 4, 5, 6, 7, 8, 9, 10, 11, 12, 13, 14, 15, 16, 17, 18, 19]","[{'pst': (104, 18), 'tst': 8}, {'pst': (105, 15), 'tst': 4}, {'pst': (96, 14), 'tst': 3}, {'pst': (108, 15), 'tst': 2}, {'pst': (109, 13), 'tst': 2}, {'pst': (113, 1), 'tst': 1}, {'pst': (87, 3), 'tst': 0}, {'pst': (110, 14), 'tst': 0}]",0.5964324883889096,7.633865942322917
115,2,,"[0, 1, 2, 3, 4, 5, 6, 7, 8, 9, 10, 11, 12, 13, 14, 15, 16, 17, 18, 19]","[{'pst': (104, 18), 'tst': 7}, {'pst': (89, 19), 'tst': 5}, {'pst': (109, 5), 'tst': 3}, {'pst': (92, 5), 'tst': 2}, {'pst': (98, 15), 'tst': 2}, {'pst': (111, 4), 'tst': 1}, {'pst': (107, 0), 'tst': 0}, {'pst': (104, 2), 'tst': 0}]",0.6165156384342474,8.344182497909522
115,3,,"[0, 1, 2, 3, 4, 5, 6, 7, 8, 9, 10, 11, 12, 13, 14, 15, 16, 17, 18, 19]","[{'pst': (99, 1), 'tst': 5}, {'pst': (105, 18), 'tst': 3}, {'pst': (112, 3), 'tst': 2}, {'pst': (104, 11), 'tst': 2}, {'pst': (87, 3), 'tst': 1}, {'pst': (97, 10), 'tst': 1}, {'pst': (114, 3), 'tst': 0}, {'pst': (109, 10), 'tst': 0}]",0.6165156384342474,8.344182497909522
115,4,,"[0, 1, 2, 3, 4, 5, 6, 7, 8, 9, 10, 11, 12, 13, 14, 15, 16, 17, 18, 19]","[{'pst': (109, 18), 'tst': 4}, {'pst': (111, 4), 'tst': 3}, {'pst': (95, 5), 'tst': 2}, {'pst': (101, 0), 'tst': 2}, {'pst': (84, 9), 'tst': 1}, {'pst': (86, 0), 'tst': 1}, {'pst': (114, 4), 'tst': 0}, {'pst': (107, 5), 'tst': 0}]",0.6165156384342474,8.344182497909522
115,5,,"[0, 1, 2, 3, 4, 5, 6, 7, 8, 9, 10, 11, 12, 13, 14, 15, 16, 17, 18, 19]","[{'pst': (84, 2), 'tst': 6}, {'pst': (106, 14), 'tst': 3}, {'pst': (109, 13), 'tst': 3}, {'pst': (101, 0), 'tst': 2}, {'pst': (104, 18), 'tst': 1}, {'pst': (86, 0), 'tst': 1}, {'pst': (89, 19), 'tst': 0}, {'pst': (99, 1), 'tst': 0}]",0.6165156384342474,8.344182497909522
115,6,,"[0, 1, 2, 3, 4, 5, 6, 7, 8, 9, 10, 11, 12, 13, 14, 15, 16, 17, 18, 19]","[{'pst': (97, 6), 'tst': 4}, {'pst': (95, 5), 'tst': 3}, {'pst': (108, 16), 'tst': 3}, {'pst': (91, 2), 'tst': 2}, {'pst': (97, 10), 'tst': 2}, {'pst': (113, 6), 'tst': 1}, {'pst': (104, 11), 'tst': 1}, {'pst': (75, 6), 'tst': 0}]",0.6165156384342474,8.344182497909522
115,7,,"[0, 1, 2, 3, 4, 5, 6, 7, 8, 9, 10, 11, 12, 13, 14, 15, 16, 17, 18, 19]","[{'pst': (84, 9), 'tst': 5}, {'pst': (110, 7), 'tst': 4}, {'pst': (111, 12), 'tst': 3}, {'pst': (112, 7), 'tst': 2}, {'pst': (89, 19), 'tst': 2}, {'pst': (113, 11), 'tst': 1}, {'pst': (111, 19), 'tst': 1}, {'pst': (103, 14), 'tst': 0}]",0.6165156384342474,8.344182497909522
115,8,,"[0, 1, 2, 3, 4, 5, 6, 7, 8, 9, 10, 11, 12, 13, 14, 15, 16, 17, 18, 19]","[{'pst': (89, 19), 'tst': 5}, {'pst': (102, 11), 'tst': 4}, {'pst': (99, 2), 'tst': 3}, {'pst': (84, 4), 'tst': 2}, {'pst': (110, 14), 'tst': 2}, {'pst': (109, 13), 'tst': 1}, {'pst': (114, 8), 'tst': 0}, {'pst': (111, 14), 'tst': 0}]",0.6165156384342474,8.344182497909522
115,9,,"[0, 1, 2, 3, 4, 5, 6, 7, 8, 9, 10, 11, 12, 13, 14, 15, 16, 17, 18, 19]","[{'pst': (92, 5), 'tst': 5}, {'pst': (99, 2), 'tst': 4}, {'pst': (101, 0), 'tst': 3}, {'pst': (103, 2), 'tst': 2}, {'pst': (108, 6), 'tst': 2}, {'pst': (75, 6), 'tst': 1}, {'pst': (100, 17), 'tst': 0}, {'pst': (103, 10), 'tst': 0}]",0.6165156384342474,8.344182497909522
115,10,,"[0, 1, 2, 3, 4, 5, 6, 7, 8, 9, 10, 11, 12, 13, 14, 15, 16, 17, 18, 19]","[{'pst': (84, 4), 'tst': 6}, {'pst': (75, 6), 'tst': 3}, {'pst': (112, 10), 'tst': 2}, {'pst': (107, 0), 'tst': 2}, {'pst': (95, 5), 'tst': 1}, {'pst': (91, 2), 'tst': 1}, {'pst': (84, 2), 'tst': 0}, {'pst': (114, 3), 'tst': 0}]",0.6165156384342474,8.344182497909522
115,11,,"[0, 1, 2, 3, 4, 5, 6, 7, 8, 9, 10, 11, 12, 13, 14, 15, 16, 17, 18, 19]","[{'pst': (104, 11), 'tst': 10}, {'pst': (109, 13), 'tst': 3}, {'pst': (112, 11), 'tst': 2}, {'pst': (112, 3), 'tst': 2}, {'pst': (113, 11), 'tst': 1}, {'pst': (107, 5), 'tst': 1}, {'pst': (103, 14), 'tst': 0}, {'pst': (114, 4), 'tst': 0}]",0.6165156384342474,8.344182497909522
115,12,,"[0, 1, 2, 3, 4, 5, 6, 7, 8, 9, 10, 11, 12, 13, 14, 15, 16, 17, 18, 19]","[{'pst': (99, 7), 'tst': 6}, {'pst': (109, 10), 'tst': 5}, {'pst': (92, 10), 'tst': 4}, {'pst': (111, 12), 'tst': 3}, {'pst': (102, 11), 'tst': 2}, {'pst': (111, 4), 'tst': 1}, {'pst': (99, 1), 'tst': 1}, {'pst': (95, 5), 'tst': 0}]",0.6165156384342474,8.344182497909522
115,13,,"[0, 1, 2, 3, 4, 5, 6, 7, 8, 9, 10, 11, 12, 13, 14, 15, 16, 17, 18, 19]","[{'pst': (104, 2), 'tst': 9}, {'pst': (103, 2), 'tst': 4}, {'pst': (99, 2), 'tst': 4}, {'pst': (67, 8), 'tst': 3}, {'pst': (112, 13), 'tst': 2}, {'pst': (113, 13), 'tst': 1}, {'pst': (97, 10), 'tst': 0}, {'pst': (104, 11), 'tst': 0}]",0.6165156384342474,8.344182497909522
115,14,,"[0, 1, 2, 3, 4, 5, 6, 7, 8, 9, 10, 11, 12, 13, 14, 15, 16, 17, 18, 19]","[{'pst': (96, 8), 'tst': 7}, {'pst': (91, 2), 'tst': 5}, {'pst': (110, 14), 'tst': 4}, {'pst': (112, 10), 'tst': 2}, {'pst': (113, 14), 'tst': 1}, {'pst': (104, 11), 'tst': 1}, {'pst': (114, 14), 'tst': 0}, {'pst': (75, 6), 'tst': 0}]",0.5889940879443648,7.534046893103963
115,15,,"[0, 1, 2, 3, 4, 5, 6, 7, 8, 9, 10, 11, 12, 13, 14, 15, 16, 17, 18, 19]","[{'pst': (109, 10), 'tst': 4}, {'pst': (101, 5), 'tst': 3}, {'pst': (108, 16), 'tst': 3}, {'pst': (98, 15), 'tst': 2}, {'pst': (111, 14), 'tst': 1}, {'pst': (109, 18), 'tst': 1}, {'pst': (100, 17), 'tst': 0}, {'pst': (111, 12), 'tst': 0}]",0.6165156384342474,8.344182497909522
115,16,,"[0, 1, 2, 3, 4, 5, 6, 7, 8, 9, 10, 11, 12, 13, 14, 15, 16, 17, 18, 19]","[{'pst': (49, 3), 'tst': 4}, {'pst': (103, 14), 'tst': 4}, {'pst': (100, 10), 'tst': 3}, {'pst': (99, 2), 'tst': 2}, {'pst': (99, 1), 'tst': 2}, {'pst': (108, 15), 'tst': 1}, {'pst': (111, 19), 'tst': 1}, {'pst': (114, 16), 'tst': 0}]",0.5179154595696275,6.756974512865726
115,17,"{'text': 'If you want to legalize drugs, then you should also legalize prostitution.'}","[0, 1, 2, 3, 4, 5, 6, 7, 8, 9, 10, 11, 12, 13, 14, 15, 16, 17, 18, 19]","[{'pst': (95, 5), 'tst': 6}, {'pst': (86, 0), 'tst': 5}, {'pst': (111, 19), 'tst': 3}, {'pst': (112, 10), 'tst': 2}, {'pst': (108, 16), 'tst': 2}, {'pst': (113, 1), 'tst': 1}, {'pst': (98, 4), 'tst': 0}, {'pst': (111, 4), 'tst': 0}]",0.6165156384342474,8.344182497909522
115,18,,"[0, 1, 2, 3, 4, 5, 6, 7, 8, 9, 10, 11, 12, 13, 14, 15, 16, 17, 18, 19]","[{'pst': (109, 13), 'tst': 5}, {'pst': (95, 19), 'tst': 4}, {'pst': (61, 10), 'tst': 2}, {'pst': (84, 9), 'tst': 2}, {'pst': (108, 16), 'tst': 1}, {'pst': (110, 3), 'tst': 1}, {'pst': (49, 3), 'tst': 0}, {'pst': (104, 18), 'tst': 0}]",0.6165156384342474,8.344182497909522
115,19,,"[0, 1, 2, 3, 4, 5, 6, 7, 8, 9, 10, 11, 12, 13, 14, 15, 16, 17, 18, 19]","[{'pst': (61, 10), 'tst': 7}, {'pst': (110, 3), 'tst': 4}, {'pst': (104, 18), 'tst': 3}, {'pst': (112, 10), 'tst': 2}, {'pst': (104, 2), 'tst': 2}, {'pst': (49, 3), 'tst': 1}, {'pst': (98, 4), 'tst': 1}, {'pst': (101, 5), 'tst': 0}]",0.6165156384342474,8.344182497909522
116,0,,"[0, 1, 2, 3, 4, 5, 6, 7, 8, 9, 10, 11, 12, 13, 14, 15, 16, 17, 18, 19]","[{'pst': (105, 15), 'tst': 4}, {'pst': (95, 19), 'tst': 3}, {'pst': (103, 10), 'tst': 2}, {'pst': (110, 3), 'tst': 2}, {'pst': (113, 14), 'tst': 1}, {'pst': (112, 13), 'tst': 1}, {'pst': (84, 9), 'tst': 0}, {'pst': (108, 16), 'tst': 0}]",0.6165156384342474,8.344182497909522
116,1,,"[0, 1, 2, 3, 4, 5, 6, 7, 8, 9, 10, 11, 12, 13, 14, 15, 16, 17, 18, 19]","[{'pst': (104, 18), 'tst': 9}, {'pst': (96, 14), 'tst': 4}, {'pst': (108, 15), 'tst': 3}, {'pst': (109, 13), 'tst': 3}, {'pst': (113, 1), 'tst': 2}, {'pst': (87, 3), 'tst': 1}, {'pst': (110, 14), 'tst': 1}, {'pst': (109, 10), 'tst': 0}]",0.5994139301602949,7.6378727009057314
116,2,"{'text': 'If you want to legalize drugs, then you should also legalize prostitution.'}","[0, 1, 2, 3, 4, 5, 6, 7, 8, 9, 10, 11, 12, 13, 14, 15, 16, 17, 18, 19]","[{'pst': (89, 19), 'tst': 6}, {'pst': (109, 5), 'tst': 4}, {'pst': (92, 5), 'tst': 3}, {'pst': (98, 15), 'tst': 3}, {'pst': (111, 4), 'tst': 2}, {'pst': (107, 0), 'tst': 1}, {'pst': (104, 2), 'tst': 1}, {'pst': (113, 11), 'tst': 0}]",0.6165156384342474,8.344182497909522
116,3,,"[0, 1, 2, 3, 4, 5, 6, 7, 8, 9, 10, 11, 12, 13, 14, 15, 16, 17, 18, 19]","[{'pst': (99, 1), 'tst': 6}, {'pst': (105, 18), 'tst': 4}, {'pst': (87, 3), 'tst': 2}, {'pst': (97, 10), 'tst': 2}, {'pst': (114, 3), 'tst': 1}, {'pst': (109, 10), 'tst': 1}, {'pst': (109, 5), 'tst': 0}, {'pst': (97, 6), 'tst': 0}]",0.6165156384342474,8.344182497909522
116,4,,"[0, 1, 2, 3, 4, 5, 6, 7, 8, 9, 10, 11, 12, 13, 14, 15, 16, 17, 18, 19]","[{'pst': (111, 4), 'tst': 4}, {'pst': (95, 5), 'tst': 3}, {'pst': (84, 9), 'tst': 2}, {'pst': (86, 0), 'tst': 2}, {'pst': (114, 4), 'tst': 1}, {'pst': (107, 5), 'tst': 1}, {'pst': (91, 2), 'tst': 0}, {'pst': (113, 11), 'tst': 0}]",0.6165156384342474,8.344182497909522
116,5,,"[0, 1, 2, 3, 4, 5, 6, 7, 8, 9, 10, 11, 12, 13, 14, 15, 16, 17, 18, 19]","[{'pst': (106, 14), 'tst': 4}, {'pst': (109, 13), 'tst': 4}, {'pst': (101, 0), 'tst': 3}, {'pst': (104, 18), 'tst': 2}, {'pst': (86, 0), 'tst': 2}, {'pst': (89, 19), 'tst': 1}, {'pst': (99, 1), 'tst': 1}, {'pst': (111, 12), 'tst': 0}]",0.6165156384342474,8.344182497909522
116,6,,"[0, 1, 2, 3, 4, 5, 6, 7, 8, 9, 10, 11, 12, 13, 14, 15, 16, 17, 18, 19]","[{'pst': (95, 5), 'tst': 4}, {'pst': (108, 16), 'tst': 4}, {'pst': (97, 10), 'tst': 3}, {'pst': (113, 6), 'tst': 2}, {'pst': (104, 11), 'tst': 2}, {'pst': (75, 6), 'tst': 1}, {'pst': (104, 18), 'tst': 0}, {'pst': (114, 3), 'tst': 0}]",0.6165156384342474,8.344182497909522
116,7,"{'text': 'If you want to legalize drugs, then you should also legalize prostitution.'}","[0, 1, 2, 3, 4, 5, 6, 7, 8, 9, 10, 11, 12, 13, 14, 15, 16, 17, 18, 19]","[{'pst': (84, 9), 'tst': 6}, {'pst': (112, 7), 'tst': 3}, {'pst': (89, 19), 'tst': 3}, {'pst': (113, 11), 'tst': 2}, {'pst': (111, 19), 'tst': 2}, {'pst': (103, 14), 'tst': 1}, {'pst': (114, 4), 'tst': 0}, {'pst': (111, 12), 'tst': 0}]",0.6165156384342474,8.344182497909522
116,8,,"[0, 1, 2, 3, 4, 5, 6, 7, 8, 9, 10, 11, 12, 13, 14, 15, 16, 17, 18, 19]","[{'pst': (102, 11), 'tst': 5}, {'pst': (99, 2), 'tst': 4}, {'pst': (84, 4), 'tst': 3}, {'pst': (110, 14), 'tst': 3}, {'pst': (114, 8), 'tst': 1}, {'pst': (111, 14), 'tst': 1}, {'pst': (92, 10), 'tst': 0}, {'pst': (112, 10), 'tst': 0}]",0.6165156384342474,8.344182497909522
116,9,,"[0, 1, 2, 3, 4, 5, 6, 7, 8, 9, 10, 11, 12, 13, 14, 15, 16, 17, 18, 19]","[{'pst': (92, 5), 'tst': 6}, {'pst': (101, 0), 'tst': 4}, {'pst': (103, 2), 'tst': 3}, {'pst': (108, 6), 'tst': 3}, {'pst': (75, 6), 'tst': 2}, {'pst': (100, 17), 'tst': 1}, {'pst': (103, 10), 'tst': 1}, {'pst': (103, 14), 'tst': 0}]",0.6165156384342474,8.344182497909522
116,10,,"[0, 1, 2, 3, 4, 5, 6, 7, 8, 9, 10, 11, 12, 13, 14, 15, 16, 17, 18, 19]","[{'pst': (84, 4), 'tst': 7}, {'pst': (107, 0), 'tst': 3}, {'pst': (95, 5), 'tst': 2}, {'pst': (91, 2), 'tst': 2}, {'pst': (84, 2), 'tst': 1}, {'pst': (114, 3), 'tst': 1}, {'pst': (109, 5), 'tst': 0}, {'pst': (100, 10), 'tst': 0}]",0.5063286544961123,6.476345072781321
116,11,,"[0, 1, 2, 3, 4, 5, 6, 7, 8, 9, 10, 11, 12, 13, 14, 15, 16, 17, 18, 19]","[{'pst': (109, 13), 'tst': 4}, {'pst': (112, 3), 'tst': 3}, {'pst': (113, 11), 'tst': 2}, {'pst': (107, 5), 'tst': 2}, {'pst': (103, 14), 'tst': 1}, {'pst': (114, 4), 'tst': 1}, {'pst': (84, 9), 'tst': 0}, {'pst': (97, 10), 'tst': 0}]",0.6165156384342474,8.344182497909522
116,12,,"[0, 1, 2, 3, 4, 5, 6, 7, 8, 9, 10, 11, 12, 13, 14, 15, 16, 17, 18, 19]","[{'pst': (99, 7), 'tst': 7}, {'pst': (92, 10), 'tst': 5}, {'pst': (102, 11), 'tst': 3}, {'pst': (111, 4), 'tst': 2}, {'pst': (99, 1), 'tst': 2}, {'pst': (95, 5), 'tst': 1}, {'pst': (113, 14), 'tst': 0}, {'pst': (91, 2), 'tst': 0}]",0.6165156384342474,8.344182497909522
116,13,,"[0, 1, 2, 3, 4, 5, 6, 7, 8, 9, 10, 11, 12, 13, 14, 15, 16, 17, 18, 19]","[{'pst': (104, 2), 'tst': 10}, {'pst': (103, 2), 'tst': 5}, {'pst': (112, 13), 'tst': 3}, {'pst': (113, 13), 'tst': 2}, {'pst': (97, 10), 'tst': 1}, {'pst': (104, 11), 'tst': 1}, {'pst': (113, 6), 'tst': 0}, {'pst': (114, 3), 'tst': 0}]",0.6165156384342474,8.344182497909522
116,14,,"[0, 1, 2, 3, 4, 5, 6, 7, 8, 9, 10, 11, 12, 13, 14, 15, 16, 17, 18, 19]","[{'pst': (96, 8), 'tst': 8}, {'pst': (91, 2), 'tst': 6}, {'pst': (113, 14), 'tst': 2}, {'pst': (104, 11), 'tst': 2}, {'pst': (114, 14), 'tst': 1}, {'pst': (75, 6), 'tst': 1}, {'pst': (109, 18), 'tst': 0}, {'pst': (110, 7), 'tst': 0}]",0.5977163897116962,7.740024631118266
116,15,,"[0, 1, 2, 3, 4, 5, 6, 7, 8, 9, 10, 11, 12, 13, 14, 15, 16, 17, 18, 19]","[{'pst': (109, 10), 'tst': 5}, {'pst': (101, 5), 'tst': 4}, {'pst': (111, 14), 'tst': 2}, {'pst': (109, 18), 'tst': 2}, {'pst': (100, 17), 'tst': 1}, {'pst': (111, 12), 'tst': 1}, {'pst': (113, 14), 'tst': 0}, {'pst': (108, 16), 'tst': 0}]",0.6165156384342474,8.344182497909522
116,16,"{'text': 'If you want to legalize drugs, then you should also legalize prostitution.'}","[0, 1, 2, 3, 4, 5, 6, 7, 8, 9, 10, 11, 12, 13, 14, 15, 16, 17, 18, 19]","[{'pst': (49, 3), 'tst': 5}, {'pst': (100, 10), 'tst': 4}, {'pst': (99, 2), 'tst': 3}, {'pst': (99, 1), 'tst': 3}, {'pst': (111, 19), 'tst': 2}, {'pst': (114, 16), 'tst': 1}, {'pst': (84, 4), 'tst': 0}, {'pst': (99, 7), 'tst': 0}]",0.5439009742067954,6.724452343572866
116,17,,"[0, 1, 2, 3, 4, 5, 6, 7, 8, 9, 10, 11, 12, 13, 14, 15, 16, 17, 18, 19]","[{'pst': (86, 0), 'tst': 6}, {'pst': (111, 19), 'tst': 4}, {'pst': (108, 16), 'tst': 3}, {'pst': (113, 1), 'tst': 2}, {'pst': (98, 4), 'tst': 1}, {'pst': (111, 4), 'tst': 1}, {'pst': (115, 17), 'tst': 0}, {'pst': (61, 10), 'tst': 0}]",0.6165156384342474,8.344182497909522
116,18,,"[0, 1, 2, 3, 4, 5, 6, 7, 8, 9, 10, 11, 12, 13, 14, 15, 16, 17, 18, 19]","[{'pst': (61, 10), 'tst': 3}, {'pst': (84, 9), 'tst': 3}, {'pst': (108, 16), 'tst': 2}, {'pst': (110, 3), 'tst': 2}, {'pst': (49, 3), 'tst': 1}, {'pst': (104, 18), 'tst': 1}, {'pst': (113, 6), 'tst': 0}, {'pst': (115, 17), 'tst': 0}]",0.6165156384342474,8.344182497909522
116,19,,"[0, 1, 2, 3, 4, 5, 6, 7, 8, 9, 10, 11, 12, 13, 14, 15, 16, 17, 18, 19]","[{'pst': (110, 3), 'tst': 5}, {'pst': (112, 10), 'tst': 3}, {'pst': (104, 2), 'tst': 3}, {'pst': (49, 3), 'tst': 2}, {'pst': (98, 4), 'tst': 2}, {'pst': (101, 5), 'tst': 1}, {'pst': (106, 14), 'tst': 0}, {'pst': (107, 5), 'tst': 0}]",0.6165156384342474,8.344182497909522
117,0,,"[0, 1, 2, 3, 4, 5, 6, 7, 8, 9, 10, 11, 12, 13, 14, 15, 16, 17, 18, 19]","[{'pst': (95, 19), 'tst': 4}, {'pst': (110, 3), 'tst': 3}, {'pst': (113, 14), 'tst': 2}, {'pst': (112, 13), 'tst': 2}, {'pst': (84, 9), 'tst': 1}, {'pst': (108, 16), 'tst': 1}, {'pst': (113, 1), 'tst': 0}, {'pst': (114, 14), 'tst': 0}]",0.5675096532807306,7.497331157730392
117,1,,"[0, 1, 2, 3, 4, 5, 6, 7, 8, 9, 10, 11, 12, 13, 14, 15, 16, 17, 18, 19]","[{'pst': (96, 14), 'tst': 5}, {'pst': (108, 15), 'tst': 4}, {'pst': (113, 1), 'tst': 3}, {'pst': (87, 3), 'tst': 2}, {'pst': (110, 14), 'tst': 2}, {'pst': (109, 10), 'tst': 1}, {'pst': (105, 15), 'tst': 0}, {'pst': (116, 16), 'tst': 0}]",0.6034397657486131,7.7033096325632755
117,2,,"[0, 1, 2, 3, 4, 5, 6, 7, 8, 9, 10, 11, 12, 13, 14, 15, 16, 17, 18, 19]","[{'pst': (109, 5), 'tst': 5}, {'pst': (92, 5), 'tst': 4}, {'pst': (98, 15), 'tst': 4}, {'pst': (111, 4), 'tst': 3}, {'pst': (107, 0), 'tst': 2}, {'pst': (104, 2), 'tst': 2}, {'pst': (113, 11), 'tst': 1}, {'pst': (116, 2), 'tst': 0}]",0.6165156384342474,8.344182497909522
117,3,,"[0, 1, 2, 3, 4, 5, 6, 7, 8, 9, 10, 11, 12, 13, 14, 15, 16, 17, 18, 19]","[{'pst': (87, 3), 'tst': 3}, {'pst': (97, 10), 'tst': 3}, {'pst': (114, 3), 'tst': 2}, {'pst': (109, 10), 'tst': 2}, {'pst': (109, 5), 'tst': 1}, {'pst': (97, 6), 'tst': 1}, {'pst': (103, 2), 'tst': 0}, {'pst': (112, 13), 'tst': 0}]",0.6165156384342474,8.344182497909522
117,4,,"[0, 1, 2, 3, 4, 5, 6, 7, 8, 9, 10, 11, 12, 13, 14, 15, 16, 17, 18, 19]","[{'pst': (111, 4), 'tst': 5}, {'pst': (86, 0), 'tst': 3}, {'pst': (114, 4), 'tst': 2}, {'pst': (107, 5), 'tst': 2}, {'pst': (91, 2), 'tst': 1}, {'pst': (113, 11), 'tst': 1}, {'pst': (113, 14), 'tst': 0}, {'pst': (96, 14), 'tst': 0}]",0.6165156384342474,8.344182497909522
117,5,,"[0, 1, 2, 3, 4, 5, 6, 7, 8, 9, 10, 11, 12, 13, 14, 15, 16, 17, 18, 19]","[{'pst': (106, 14), 'tst': 5}, {'pst': (109, 13), 'tst': 5}, {'pst': (104, 18), 'tst': 3}, {'pst': (86, 0), 'tst': 3}, {'pst': (89, 19), 'tst': 2}, {'pst': (111, 12), 'tst': 1}, {'pst': (99, 2), 'tst': 0}, {'pst': (114, 4), 'tst': 0}]",0.6165156384342474,8.344182497909522
117,6,,"[0, 1, 2, 3, 4, 5, 6, 7, 8, 9, 10, 11, 12, 13, 14, 15, 16, 17, 18, 19]","[{'pst': (95, 5), 'tst': 5}, {'pst': (97, 10), 'tst': 4}, {'pst': (104, 11), 'tst': 3}, {'pst': (75, 6), 'tst': 2}, {'pst': (104, 18), 'tst': 1}, {'pst': (114, 3), 'tst': 1}, {'pst': (86, 0), 'tst': 0}, {'pst': (98, 15), 'tst': 0}]",0.6165156384342474,8.344182497909522
117,7,"{'text': 'If you want to legalize drugs, then you should also legalize prostitution.'}","[0, 1, 2, 3, 4, 5, 6, 7, 8, 9, 10, 11, 12, 13, 14, 15, 16, 17, 18, 19]","[{'pst': (84, 9), 'tst': 7}, {'pst': (89, 19), 'tst': 4}, {'pst': (111, 19), 'tst': 3}, {'pst': (103, 14), 'tst': 2}, {'pst': (114, 4), 'tst': 1}, {'pst': (111, 12), 'tst': 1}, {'pst': (116, 7), 'tst': 0}, {'pst': (104, 11), 'tst': 0}]",0.6165156384342474,8.344182497909522
117,8,"{'text': 'If you want to legalize drugs, then you should also legalize prostitution.'}","[0, 1, 2, 3, 4, 5, 6, 7, 8, 9, 10, 11, 12, 13, 14, 15, 16, 17, 18, 19]","[{'pst': (84, 4), 'tst': 4}, {'pst': (110, 14), 'tst': 4}, {'pst': (114, 8), 'tst': 2}, {'pst': (111, 14), 'tst': 2}, {'pst': (92, 10), 'tst': 1}, {'pst': (112, 10), 'tst': 1}, {'pst': (109, 18), 'tst': 0}, {'pst': (97, 10), 'tst': 0}]",0.6165156384342474,8.344182497909522
117,9,,"[0, 1, 2, 3, 4, 5, 6, 7, 8, 9, 10, 11, 12, 13, 14, 15, 16, 17, 18, 19]","[{'pst': (92, 5), 'tst': 7}, {'pst': (101, 0), 'tst': 5}, {'pst': (103, 2), 'tst': 4}, {'pst': (108, 6), 'tst': 4}, {'pst': (103, 10), 'tst': 2}, {'pst': (103, 14), 'tst': 1}, {'pst': (84, 4), 'tst': 0}, {'pst': (97, 10), 'tst': 0}]",0.6165156384342474,8.344182497909522
117,10,,"[0, 1, 2, 3, 4, 5, 6, 7, 8, 9, 10, 11, 12, 13, 14, 15, 16, 17, 18, 19]","[{'pst': (107, 0), 'tst': 4}, {'pst': (91, 2), 'tst': 3}, {'pst': (84, 2), 'tst': 2}, {'pst': (114, 3), 'tst': 2}, {'pst': (109, 5), 'tst': 1}, {'pst': (100, 10), 'tst': 1}, {'pst': (101, 5), 'tst': 0}, {'pst': (114, 8), 'tst': 0}]",0.5231127785215662,6.610595420352757
117,11,,"[0, 1, 2, 3, 4, 5, 6, 7, 8, 9, 10, 11, 12, 13, 14, 15, 16, 17, 18, 19]","[{'pst': (109, 13), 'tst': 5}, {'pst': (107, 5), 'tst': 3}, {'pst': (103, 14), 'tst': 2}, {'pst': (114, 4), 'tst': 2}, {'pst': (84, 9), 'tst': 1}, {'pst': (97, 10), 'tst': 1}, {'pst': (109, 10), 'tst': 0}, {'pst': (104, 18), 'tst': 0}]",0.6165156384342474,8.344182497909522
117,12,,"[0, 1, 2, 3, 4, 5, 6, 7, 8, 9, 10, 11, 12, 13, 14, 15, 16, 17, 18, 19]","[{'pst': (99, 7), 'tst': 8}, {'pst': (92, 10), 'tst': 6}, {'pst': (102, 11), 'tst': 4}, {'pst': (111, 4), 'tst': 3}, {'pst': (99, 1), 'tst': 3}, {'pst': (113, 14), 'tst': 1}, {'pst': (91, 2), 'tst': 1}, {'pst': (61, 10), 'tst': 0}]",0.6165156384342474,8.344182497909522
117,13,,"[0, 1, 2, 3, 4, 5, 6, 7, 8, 9, 10, 11, 12, 13, 14, 15, 16, 17, 18, 19]","[{'pst': (104, 2), 'tst': 11}, {'pst': (113, 13), 'tst': 3}, {'pst': (97, 10), 'tst': 2}, {'pst': (104, 11), 'tst': 2}, {'pst': (113, 6), 'tst': 1}, {'pst': (114, 3), 'tst': 1}, {'pst': (111, 19), 'tst': 0}, {'pst': (114, 14), 'tst': 0}]",0.5675096532807306,7.497331157730392
117,14,,"[0, 1, 2, 3, 4, 5, 6, 7, 8, 9, 10, 11, 12, 13, 14, 15, 16, 17, 18, 19]","[{'pst': (113, 14), 'tst': 3}, {'pst': (104, 11), 'tst': 3}, {'pst': (114, 14), 'tst': 2}, {'pst': (75, 6), 'tst': 2}, {'pst': (109, 18), 'tst': 1}, {'pst': (110, 7), 'tst': 1}, {'pst': (103, 2), 'tst': 0}, {'pst': (98, 15), 'tst': 0}]",0.6027557851840999,7.806745292134617
117,15,,"[0, 1, 2, 3, 4, 5, 6, 7, 8, 9, 10, 11, 12, 13, 14, 15, 16, 17, 18, 19]","[{'pst': (109, 10), 'tst': 6}, {'pst': (109, 18), 'tst': 3}, {'pst': (100, 17), 'tst': 2}, {'pst': (111, 12), 'tst': 2}, {'pst': (113, 14), 'tst': 1}, {'pst': (108, 16), 'tst': 1}, {'pst': (110, 14), 'tst': 0}, {'pst': (116, 16), 'tst': 0}]",0.6165156384342474,8.344182497909522
117,16,"{'text': 'If you want to legalize drugs, then you should also legalize prostitution.'}","[0, 1, 2, 3, 4, 5, 6, 7, 8, 9, 10, 11, 12, 13, 14, 15, 16, 17, 18, 19]","[{'pst': (100, 10), 'tst': 5}, {'pst': (99, 2), 'tst': 4}, {'pst': (111, 19), 'tst': 3}, {'pst': (114, 16), 'tst': 2}, {'pst': (84, 4), 'tst': 1}, {'pst': (99, 7), 'tst': 1}, {'pst': (116, 16), 'tst': 0}, {'pst': (96, 8), 'tst': 0}]",0.5139778429938575,6.400768118975232
117,17,,"[0, 1, 2, 3, 4, 5, 6, 7, 8, 9, 10, 11, 12, 13, 14, 15, 16, 17, 18, 19]","[{'pst': (86, 0), 'tst': 7}, {'pst': (108, 16), 'tst': 4}, {'pst': (113, 1), 'tst': 3}, {'pst': (98, 4), 'tst': 2}, {'pst': (111, 4), 'tst': 2}, {'pst': (115, 17), 'tst': 1}, {'pst': (61, 10), 'tst': 1}, {'pst': (105, 15), 'tst': 0}]",0.6165156384342474,8.344182497909522
117,18,,"[0, 1, 2, 3, 4, 5, 6, 7, 8, 9, 10, 11, 12, 13, 14, 15, 16, 17, 18, 19]","[{'pst': (108, 16), 'tst': 3}, {'pst': (110, 3), 'tst': 3}, {'pst': (49, 3), 'tst': 2}, {'pst': (104, 18), 'tst': 2}, {'pst': (113, 6), 'tst': 1}, {'pst': (115, 17), 'tst': 1}, {'pst': (111, 19), 'tst': 0}, {'pst': (114, 3), 'tst': 0}]",0.6165156384342474,8.344182497909522
117,19,"{'text': 'If you want to legalize drugs, then you should also legalize prostitution.'}","[0, 1, 2, 3, 4, 5, 6, 7, 8, 9, 10, 11, 12, 13, 14, 15, 16, 17, 18, 19]","[{'pst': (112, 10), 'tst': 4}, {'pst': (104, 2), 'tst': 4}, {'pst': (49, 3), 'tst': 3}, {'pst': (101, 5), 'tst': 2}, {'pst': (106, 14), 'tst': 1}, {'pst': (107, 5), 'tst': 1}, {'pst': (84, 4), 'tst': 0}, {'pst': (84, 9), 'tst': 0}]",0.6165156384342474,8.344182497909522
118,0,,"[0, 1, 2, 3, 4, 5, 6, 7, 8, 9, 10, 11, 12, 13, 14, 15, 16, 17, 18, 19]","[{'pst': (95, 19), 'tst': 5}, {'pst': (110, 3), 'tst': 4}, {'pst': (113, 14), 'tst': 3}, {'pst': (84, 9), 'tst': 2}, {'pst': (113, 1), 'tst': 1}, {'pst': (114, 14), 'tst': 1}, {'pst': (116, 2), 'tst': 0}, {'pst': (100, 10), 'tst': 0}]",0.5202187232813188,6.445290558454952
118,1,,"[0, 1, 2, 3, 4, 5, 6, 7, 8, 9, 10, 11, 12, 13, 14, 15, 16, 17, 18, 19]","[{'pst': (108, 15), 'tst': 5}, {'pst': (113, 1), 'tst': 4}, {'pst': (110, 14), 'tst': 3}, {'pst': (109, 10), 'tst': 2}, {'pst': (105, 15), 'tst': 1}, {'pst': (116, 16), 'tst': 1}, {'pst': (102, 11), 'tst': 0}, {'pst': (114, 3), 'tst': 0}]",0.6070071930731191,7.635249400128382
118,2,,"[0, 1, 2, 3, 4, 5, 6, 7, 8, 9, 10, 11, 12, 13, 14, 15, 16, 17, 18, 19]","[{'pst': (92, 5), 'tst': 5}, {'pst': (111, 4), 'tst': 4}, {'pst': (107, 0), 'tst': 3}, {'pst': (104, 2), 'tst': 3}, {'pst': (113, 11), 'tst': 2}, {'pst': (116, 2), 'tst': 1}, {'pst': (101, 5), 'tst': 0}, {'pst': (108, 6), 'tst': 0}]",0.6165156384342474,8.344182497909522
118,3,,"[0, 1, 2, 3, 4, 5, 6, 7, 8, 9, 10, 11, 12, 13, 14, 15, 16, 17, 18, 19]","[{'pst': (97, 10), 'tst': 4}, {'pst': (114, 3), 'tst': 3}, {'pst': (109, 10), 'tst': 3}, {'pst': (109, 5), 'tst': 2}, {'pst': (103, 2), 'tst': 1}, {'pst': (112, 13), 'tst': 1}, {'pst': (113, 13), 'tst': 0}, {'pst': (110, 14), 'tst': 0}]",0.6165156384342474,8.344182497909522
118,4,"{'text': 'If you want to legalize drugs, then you should also legalize prostitution.'}","[0, 1, 2, 3, 4, 5, 6, 7, 8, 9, 10, 11, 12, 13, 14, 15, 16, 17, 18, 19]","[{'pst': (114, 4), 'tst': 3}, {'pst': (107, 5), 'tst': 3}, {'pst': (91, 2), 'tst': 2}, {'pst': (113, 11), 'tst': 2}, {'pst': (113, 14), 'tst': 1}, {'pst': (96, 14), 'tst': 1}, {'pst': (110, 7), 'tst': 0}, {'pst': (100, 10), 'tst': 0}]",0.5063286544961123,6.476345072781321
118,5,"{'text': 'If you want to legalize drugs, then you should also legalize prostitution.'}","[0, 1, 2, 3, 4, 5, 6, 7, 8, 9, 10, 11, 12, 13, 14, 15, 16, 17, 18, 19]","[{'pst': (109, 13), 'tst': 6}, {'pst': (104, 18), 'tst': 4}, {'pst': (86, 0), 'tst': 4}, {'pst': (89, 19), 'tst': 3}, {'pst': (111, 12), 'tst': 2}, {'pst': (99, 2), 'tst': 1}, {'pst': (114, 4), 'tst': 1}, {'pst': (95, 5), 'tst': 0}]",0.6165156384342474,8.344182497909522
118,6,,"[0, 1, 2, 3, 4, 5, 6, 7, 8, 9, 10, 11, 12, 13, 14, 15, 16, 17, 18, 19]","[{'pst': (97, 10), 'tst': 5}, {'pst': (104, 11), 'tst': 4}, {'pst': (104, 18), 'tst': 2}, {'pst': (114, 3), 'tst': 2}, {'pst': (86, 0), 'tst': 1}, {'pst': (98, 15), 'tst': 1}, {'pst': (117, 7), 'tst': 0}, {'pst': (96, 14), 'tst': 0}]",0.6165156384342474,8.344182497909522
118,7,,"[0, 1, 2, 3, 4, 5, 6, 7, 8, 9, 10, 11, 12, 13, 14, 15, 16, 17, 18, 19]","[{'pst': (84, 9), 'tst': 8}, {'pst': (89, 19), 'tst': 5}, {'pst': (111, 19), 'tst': 4}, {'pst': (114, 4), 'tst': 2}, {'pst': (111, 12), 'tst': 2}, {'pst': (116, 7), 'tst': 1}, {'pst': (104, 11), 'tst': 1}, {'pst': (117, 7), 'tst': 0}]",0.6165156384342474,8.344182497909522
118,8,,"[0, 1, 2, 3, 4, 5, 6, 7, 8, 9, 10, 11, 12, 13, 14, 15, 16, 17, 18, 19]","[{'pst': (84, 4), 'tst': 5}, {'pst': (114, 8), 'tst': 3}, {'pst': (111, 14), 'tst': 3}, {'pst': (92, 10), 'tst': 2}, {'pst': (109, 18), 'tst': 1}, {'pst': (97, 10), 'tst': 1}, {'pst': (117, 8), 'tst': 0}, {'pst': (110, 3), 'tst': 0}]",0.6165156384342474,8.344182497909522
118,9,,"[0, 1, 2, 3, 4, 5, 6, 7, 8, 9, 10, 11, 12, 13, 14, 15, 16, 17, 18, 19]","[{'pst': (101, 0), 'tst': 6}, {'pst': (103, 2), 'tst': 5}, {'pst': (108, 6), 'tst': 5}, {'pst': (103, 14), 'tst': 2}, {'pst': (84, 4), 'tst': 1}, {'pst': (97, 10), 'tst': 1}, {'pst': (110, 7), 'tst': 0}, {'pst': (108, 15), 'tst': 0}]",0.5869730431339416,7.4467967542349776
118,10,,"[0, 1, 2, 3, 4, 5, 6, 7, 8, 9, 10, 11, 12, 13, 14, 15, 16, 17, 18, 19]","[{'pst': (84, 2), 'tst': 3}, {'pst': (114, 3), 'tst': 3}, {'pst': (109, 5), 'tst': 2}, {'pst': (100, 10), 'tst': 2}, {'pst': (101, 5), 'tst': 1}, {'pst': (114, 8), 'tst': 1}, {'pst': (96, 14), 'tst': 0}, {'pst': (86, 0), 'tst': 0}]",0.53156744635619,6.67396300690292
118,11,,"[0, 1, 2, 3, 4, 5, 6, 7, 8, 9, 10, 11, 12, 13, 14, 15, 16, 17, 18, 19]","[{'pst': (107, 5), 'tst': 4}, {'pst': (103, 14), 'tst': 3}, {'pst': (114, 4), 'tst': 3}, {'pst': (84, 9), 'tst': 2}, {'pst': (109, 10), 'tst': 1}, {'pst': (104, 18), 'tst': 1}, {'pst': (101, 5), 'tst': 0}, {'pst': (113, 6), 'tst': 0}]",0.6165156384342474,8.344182497909522
118,12,,"[0, 1, 2, 3, 4, 5, 6, 7, 8, 9, 10, 11, 12, 13, 14, 15, 16, 17, 18, 19]","[{'pst': (92, 10), 'tst': 7}, {'pst': (102, 11), 'tst': 5}, {'pst': (99, 1), 'tst': 4}, {'pst': (113, 14), 'tst': 2}, {'pst': (91, 2), 'tst': 2}, {'pst': (61, 10), 'tst': 1}, {'pst': (107, 0), 'tst': 0}, {'pst': (109, 13), 'tst': 0}]",0.6165156384342474,8.344182497909522
118,13,,"[0, 1, 2, 3, 4, 5, 6, 7, 8, 9, 10, 11, 12, 13, 14, 15, 16, 17, 18, 19]","[{'pst': (113, 13), 'tst': 4}, {'pst': (97, 10), 'tst': 3}, {'pst': (113, 6), 'tst': 2}, {'pst': (114, 3), 'tst': 2}, {'pst': (111, 19), 'tst': 1}, {'pst': (114, 14), 'tst': 1}, {'pst': (84, 4), 'tst': 0}, {'pst': (110, 3), 'tst': 0}]",0.593282590384731,7.685044218440535
118,14,,"[0, 1, 2, 3, 4, 5, 6, 7, 8, 9, 10, 11, 12, 13, 14, 15, 16, 17, 18, 19]","[{'pst': (113, 14), 'tst': 4}, {'pst': (104, 11), 'tst': 4}, {'pst': (114, 14), 'tst': 3}, {'pst': (109, 18), 'tst': 2}, {'pst': (103, 2), 'tst': 1}, {'pst': (98, 15), 'tst': 1}, {'pst': (89, 19), 'tst': 0}, {'pst': (101, 0), 'tst': 0}]",0.6027557851840999,7.806745292134617
118,15,"{'text': ""I'm not sure that legalizing prostitution is the best way to go about it, but I do think it would be a good idea to legalize drugs as well.""}","[0, 1, 2, 3, 4, 5, 6, 7, 8, 9, 10, 11, 12, 13, 14, 15, 16, 17, 18, 19]","[{'pst': (109, 10), 'tst': 7}, {'pst': (109, 18), 'tst': 4}, {'pst': (100, 17), 'tst': 3}, {'pst': (113, 14), 'tst': 2}, {'pst': (110, 14), 'tst': 1}, {'pst': (116, 16), 'tst': 1}, {'pst': (89, 19), 'tst': 0}, {'pst': (113, 13), 'tst': 0}]",0.6165156384342474,8.344182497909522
118,16,,"[0, 1, 2, 3, 4, 5, 6, 7, 8, 9, 10, 11, 12, 13, 14, 15, 16, 17, 18, 19]","[{'pst': (100, 10), 'tst': 6}, {'pst': (114, 16), 'tst': 3}, {'pst': (84, 4), 'tst': 2}, {'pst': (99, 7), 'tst': 2}, {'pst': (116, 16), 'tst': 1}, {'pst': (96, 8), 'tst': 1}, {'pst': (117, 16), 'tst': 0}, {'pst': (111, 19), 'tst': 0}]",0.5139778429938575,6.400768118975232
118,17,,"[0, 1, 2, 3, 4, 5, 6, 7, 8, 9, 10, 11, 12, 13, 14, 15, 16, 17, 18, 19]","[{'pst': (86, 0), 'tst': 8}, {'pst': (108, 16), 'tst': 5}, {'pst': (113, 1), 'tst': 4}, {'pst': (98, 4), 'tst': 3}, {'pst': (115, 17), 'tst': 2}, {'pst': (105, 15), 'tst': 1}, {'pst': (107, 5), 'tst': 0}, {'pst': (104, 18), 'tst': 0}]",0.6165156384342474,8.344182497909522
118,18,,"[0, 1, 2, 3, 4, 5, 6, 7, 8, 9, 10, 11, 12, 13, 14, 15, 16, 17, 18, 19]","[{'pst': (110, 3), 'tst': 4}, {'pst': (49, 3), 'tst': 3}, {'pst': (104, 18), 'tst': 3}, {'pst': (113, 6), 'tst': 2}, {'pst': (115, 17), 'tst': 2}, {'pst': (111, 19), 'tst': 1}, {'pst': (114, 3), 'tst': 1}, {'pst': (95, 5), 'tst': 0}]",0.6165156384342474,8.344182497909522
118,19,,"[0, 1, 2, 3, 4, 5, 6, 7, 8, 9, 10, 11, 12, 13, 14, 15, 16, 17, 18, 19]","[{'pst': (112, 10), 'tst': 5}, {'pst': (49, 3), 'tst': 4}, {'pst': (101, 5), 'tst': 3}, {'pst': (107, 5), 'tst': 2}, {'pst': (84, 4), 'tst': 1}, {'pst': (84, 9), 'tst': 1}, {'pst': (117, 19), 'tst': 0}, {'pst': (113, 6), 'tst': 0}]",0.6165156384342474,8.344182497909522
119,0,"{'text': 'If you want to legalize drugs, then you should also legalize prostitution.'}","[0, 1, 2, 3, 4, 5, 6, 7, 8, 9, 10, 11, 12, 13, 14, 15, 16, 17, 18, 19]","[{'pst': (95, 19), 'tst': 6}, {'pst': (113, 14), 'tst': 4}, {'pst': (113, 1), 'tst': 2}, {'pst': (114, 14), 'tst': 2}, {'pst': (116, 2), 'tst': 1}, {'pst': (100, 10), 'tst': 1}, {'pst': (110, 7), 'tst': 0}, {'pst': (100, 17), 'tst': 0}]",0.5397466159452262,6.645443767423896
119,1,,"[0, 1, 2, 3, 4, 5, 6, 7, 8, 9, 10, 11, 12, 13, 14, 15, 16, 17, 18, 19]","[{'pst': (108, 15), 'tst': 6}, {'pst': (113, 1), 'tst': 5}, {'pst': (110, 14), 'tst': 4}, {'pst': (109, 10), 'tst': 3}, {'pst': (105, 15), 'tst': 2}, {'pst': (102, 11), 'tst': 1}, {'pst': (114, 3), 'tst': 1}, {'pst': (116, 2), 'tst': 0}]",0.6070071930731191,7.635249400128382
119,2,"{'text': 'If you want to legalize drugs, then you should also legalize prostitution.'}","[0, 1, 2, 3, 4, 5, 6, 7, 8, 9, 10, 11, 12, 13, 14, 15, 16, 17, 18, 19]","[{'pst': (92, 5), 'tst': 6}, {'pst': (111, 4), 'tst': 5}, {'pst': (104, 2), 'tst': 4}, {'pst': (113, 11), 'tst': 3}, {'pst': (116, 2), 'tst': 2}, {'pst': (101, 5), 'tst': 1}, {'pst': (108, 6), 'tst': 1}, {'pst': (117, 19), 'tst': 0}]",0.6165156384342474,8.344182497909522
119,3,,"[0, 1, 2, 3, 4, 5, 6, 7, 8, 9, 10, 11, 12, 13, 14, 15, 16, 17, 18, 19]","[{'pst': (97, 10), 'tst': 5}, {'pst': (109, 10), 'tst': 4}, {'pst': (103, 2), 'tst': 2}, {'pst': (112, 13), 'tst': 2}, {'pst': (113, 13), 'tst': 1}, {'pst': (110, 14), 'tst': 1}, {'pst': (91, 2), 'tst': 0}, {'pst': (111, 19), 'tst': 0}]",0.6165156384342474,8.344182497909522
119,4,,"[0, 1, 2, 3, 4, 5, 6, 7, 8, 9, 10, 11, 12, 13, 14, 15, 16, 17, 18, 19]","[{'pst': (114, 4), 'tst': 4}, {'pst': (107, 5), 'tst': 4}, {'pst': (113, 11), 'tst': 3}, {'pst': (96, 14), 'tst': 2}, {'pst': (110, 7), 'tst': 1}, {'pst': (100, 10), 'tst': 1}, {'pst': (118, 4), 'tst': 0}, {'pst': (109, 18), 'tst': 0}]",0.5231127785215662,6.610595420352757
119,5,"{'text': 'If you want to legalize drugs, then you should also legalize prostitution.'}","[0, 1, 2, 3, 4, 5, 6, 7, 8, 9, 10, 11, 12, 13, 14, 15, 16, 17, 18, 19]","[{'pst': (104, 18), 'tst': 5}, {'pst': (86, 0), 'tst': 5}, {'pst': (89, 19), 'tst': 4}, {'pst': (99, 2), 'tst': 2}, {'pst': (114, 4), 'tst': 2}, {'pst': (95, 5), 'tst': 1}, {'pst': (118, 5), 'tst': 0}, {'pst': (118, 4), 'tst': 0}]",0.6165156384342474,8.344182497909522
119,6,,"[0, 1, 2, 3, 4, 5, 6, 7, 8, 9, 10, 11, 12, 13, 14, 15, 16, 17, 18, 19]","[{'pst': (104, 11), 'tst': 5}, {'pst': (104, 18), 'tst': 3}, {'pst': (114, 3), 'tst': 3}, {'pst': (98, 15), 'tst': 2}, {'pst': (117, 7), 'tst': 1}, {'pst': (96, 14), 'tst': 1}, {'pst': (103, 2), 'tst': 0}, {'pst': (114, 4), 'tst': 0}]",0.6165156384342474,8.344182497909522
119,7,,"[0, 1, 2, 3, 4, 5, 6, 7, 8, 9, 10, 11, 12, 13, 14, 15, 16, 17, 18, 19]","[{'pst': (111, 19), 'tst': 5}, {'pst': (114, 4), 'tst': 3}, {'pst': (111, 12), 'tst': 3}, {'pst': (116, 7), 'tst': 2}, {'pst': (104, 11), 'tst': 2}, {'pst': (117, 7), 'tst': 1}, {'pst': (89, 19), 'tst': 0}, {'pst': (97, 10), 'tst': 0}]",0.6165156384342474,8.344182497909522
119,8,,"[0, 1, 2, 3, 4, 5, 6, 7, 8, 9, 10, 11, 12, 13, 14, 15, 16, 17, 18, 19]","[{'pst': (84, 4), 'tst': 6}, {'pst': (111, 14), 'tst': 4}, {'pst': (92, 10), 'tst': 3}, {'pst': (109, 18), 'tst': 2}, {'pst': (97, 10), 'tst': 2}, {'pst': (117, 8), 'tst': 1}, {'pst': (110, 3), 'tst': 1}, {'pst': (109, 10), 'tst': 0}]",0.6165156384342474,8.344182497909522
119,9,,"[0, 1, 2, 3, 4, 5, 6, 7, 8, 9, 10, 11, 12, 13, 14, 15, 16, 17, 18, 19]","[{'pst': (101, 0), 'tst': 7}, {'pst': (108, 6), 'tst': 6}, {'pst': (103, 14), 'tst': 3}, {'pst': (97, 10), 'tst': 2}, {'pst': (110, 7), 'tst': 1}, {'pst': (108, 15), 'tst': 1}, {'pst': (95, 5), 'tst': 0}, {'pst': (108, 16), 'tst': 0}]",0.5935817745966367,7.62185488736539
119,10,,"[0, 1, 2, 3, 4, 5, 6, 7, 8, 9, 10, 11, 12, 13, 14, 15, 16, 17, 18, 19]","[{'pst': (84, 2), 'tst': 4}, {'pst': (114, 3), 'tst': 4}, {'pst': (109, 5), 'tst': 3}, {'pst': (101, 5), 'tst': 2}, {'pst': (96, 14), 'tst': 1}, {'pst': (86, 0), 'tst': 1}, {'pst': (113, 1), 'tst': 0}, {'pst': (117, 16), 'tst': 0}]",0.6165156384342474,8.344182497909522
119,11,,"[0, 1, 2, 3, 4, 5, 6, 7, 8, 9, 10, 11, 12, 13, 14, 15, 16, 17, 18, 19]","[{'pst': (107, 5), 'tst': 5}, {'pst': (103, 14), 'tst': 4}, {'pst': (109, 10), 'tst': 2}, {'pst': (104, 18), 'tst': 2}, {'pst': (101, 5), 'tst': 1}, {'pst': (113, 6), 'tst': 1}, {'pst': (117, 19), 'tst': 0}, {'pst': (114, 14), 'tst': 0}]",0.5675096532807306,7.497331157730392
119,12,,"[0, 1, 2, 3, 4, 5, 6, 7, 8, 9, 10, 11, 12, 13, 14, 15, 16, 17, 18, 19]","[{'pst': (92, 10), 'tst': 8}, {'pst': (102, 11), 'tst': 6}, {'pst': (113, 14), 'tst': 3}, {'pst': (61, 10), 'tst': 2}, {'pst': (107, 0), 'tst': 1}, {'pst': (109, 13), 'tst': 1}, {'pst': (108, 16), 'tst': 0}, {'pst': (104, 11), 'tst': 0}]",0.6165156384342474,8.344182497909522
119,13,,"[0, 1, 2, 3, 4, 5, 6, 7, 8, 9, 10, 11, 12, 13, 14, 15, 16, 17, 18, 19]","[{'pst': (97, 10), 'tst': 4}, {'pst': (113, 6), 'tst': 3}, {'pst': (111, 19), 'tst': 2}, {'pst': (114, 14), 'tst': 2}, {'pst': (84, 4), 'tst': 1}, {'pst': (110, 3), 'tst': 1}, {'pst': (116, 2), 'tst': 0}, {'pst': (109, 13), 'tst': 0}]",0.6013365297440354,7.7759040146586385
119,14,,"[0, 1, 2, 3, 4, 5, 6, 7, 8, 9, 10, 11, 12, 13, 14, 15, 16, 17, 18, 19]","[{'pst': (113, 14), 'tst': 5}, {'pst': (114, 14), 'tst': 4}, {'pst': (103, 2), 'tst': 2}, {'pst': (98, 15), 'tst': 2}, {'pst': (89, 19), 'tst': 1}, {'pst': (101, 0), 'tst': 1}, {'pst': (100, 17), 'tst': 0}, {'pst': (96, 8), 'tst': 0}]",0.600642358762497,7.755687645527759
119,15,,"[0, 1, 2, 3, 4, 5, 6, 7, 8, 9, 10, 11, 12, 13, 14, 15, 16, 17, 18, 19]","[{'pst': (109, 10), 'tst': 8}, {'pst': (100, 17), 'tst': 4}, {'pst': (110, 14), 'tst': 2}, {'pst': (116, 16), 'tst': 2}, {'pst': (89, 19), 'tst': 1}, {'pst': (113, 13), 'tst': 1}, {'pst': (118, 15), 'tst': 0}]",0.6484625564229237,8.13783443777804
119,16,,"[0, 1, 2, 3, 4, 5, 6, 7, 8, 9, 10, 11, 12, 13, 14, 15, 16, 17, 18, 19]","[{'pst': (100, 10), 'tst': 7}, {'pst': (84, 4), 'tst': 3}, {'pst': (99, 7), 'tst': 3}, {'pst': (116, 16), 'tst': 2}, {'pst': (96, 8), 'tst': 2}, {'pst': (117, 16), 'tst': 1}, {'pst': (111, 19), 'tst': 1}, {'pst': (114, 14), 'tst': 0}]",0.5300389351786072,6.557370061303541
119,17,,"[0, 1, 2, 3, 4, 5, 6, 7, 8, 9, 10, 11, 12, 13, 14, 15, 16, 17, 18, 19]","[{'pst': (113, 1), 'tst': 5}, {'pst': (98, 4), 'tst': 4}, {'pst': (115, 17), 'tst': 3}, {'pst': (105, 15), 'tst': 2}, {'pst': (107, 5), 'tst': 1}, {'pst': (104, 18), 'tst': 1}, {'pst': (101, 5), 'tst': 0}, {'pst': (113, 6), 'tst': 0}]",0.6165156384342474,8.344182497909522
119,18,,"[0, 1, 2, 3, 4, 5, 6, 7, 8, 9, 10, 11, 12, 13, 14, 15, 16, 17, 18, 19]","[{'pst': (110, 3), 'tst': 5}, {'pst': (104, 18), 'tst': 4}, {'pst': (113, 6), 'tst': 3}, {'pst': (115, 17), 'tst': 3}, {'pst': (111, 19), 'tst': 2}, {'pst': (114, 3), 'tst': 2}, {'pst': (95, 5), 'tst': 1}, {'pst': (111, 14), 'tst': 0}]",0.6165156384342474,8.344182497909522
119,19,,"[0, 1, 2, 3, 4, 5, 6, 7, 8, 9, 10, 11, 12, 13, 14, 15, 16, 17, 18, 19]","[{'pst': (49, 3), 'tst': 5}, {'pst': (101, 5), 'tst': 4}, {'pst': (107, 5), 'tst': 3}, {'pst': (84, 4), 'tst': 2}, {'pst': (84, 9), 'tst': 2}, {'pst': (117, 19), 'tst': 1}, {'pst': (113, 6), 'tst': 1}, {'pst': (89, 19), 'tst': 0}]",0.6165156384342474,8.344182497909522
120,0,,"[0, 1, 2, 3, 4, 5, 6, 7, 8, 9, 10, 11, 12, 13, 14, 15, 16, 17, 18, 19]","[{'pst': (113, 14), 'tst': 5}, {'pst': (113, 1), 'tst': 3}, {'pst': (114, 14), 'tst': 3}, {'pst': (100, 10), 'tst': 2}, {'pst': (110, 7), 'tst': 1}, {'pst': (100, 17), 'tst': 1}, {'pst': (119, 0), 'tst': 0}, {'pst': (113, 11), 'tst': 0}]",0.5416593074687802,6.716651295312081
120,1,,"[0, 1, 2, 3, 4, 5, 6, 7, 8, 9, 10, 11, 12, 13, 14, 15, 16, 17, 18, 19]","[{'pst': (110, 14), 'tst': 5}, {'pst': (109, 10), 'tst': 4}, {'pst': (105, 15), 'tst': 3}, {'pst': (102, 11), 'tst': 2}, {'pst': (114, 3), 'tst': 2}, {'pst': (116, 2), 'tst': 1}, {'pst': (103, 2), 'tst': 0}, {'pst': (84, 4), 'tst': 0}]",0.6165156384342474,8.344182497909522
120,2,,"[0, 1, 2, 3, 4, 5, 6, 7, 8, 9, 10, 11, 12, 13, 14, 15, 16, 17, 18, 19]","[{'pst': (92, 5), 'tst': 7}, {'pst': (113, 11), 'tst': 4}, {'pst': (116, 2), 'tst': 3}, {'pst': (101, 5), 'tst': 2}, {'pst': (108, 6), 'tst': 2}, {'pst': (117, 19), 'tst': 1}, {'pst': (119, 2), 'tst': 0}, {'pst': (117, 8), 'tst': 0}]",0.6165156384342474,8.344182497909522
120,3,,"[0, 1, 2, 3, 4, 5, 6, 7, 8, 9, 10, 11, 12, 13, 14, 15, 16, 17, 18, 19]","[{'pst': (109, 10), 'tst': 5}, {'pst': (112, 13), 'tst': 3}, {'pst': (113, 13), 'tst': 2}, {'pst': (110, 14), 'tst': 2}, {'pst': (91, 2), 'tst': 1}, {'pst': (111, 19), 'tst': 1}, {'pst': (109, 18), 'tst': 0}, {'pst': (119, 2), 'tst': 0}]",0.6165156384342474,8.344182497909522
120,4,,"[0, 1, 2, 3, 4, 5, 6, 7, 8, 9, 10, 11, 12, 13, 14, 15, 16, 17, 18, 19]","[{'pst': (107, 5), 'tst': 5}, {'pst': (113, 11), 'tst': 4}, {'pst': (96, 14), 'tst': 3}, {'pst': (110, 7), 'tst': 2}, {'pst': (100, 10), 'tst': 2}, {'pst': (118, 4), 'tst': 1}, {'pst': (109, 18), 'tst': 1}, {'pst': (113, 13), 'tst': 0}]",0.5261791100666078,6.627226733645026
120,5,,"[0, 1, 2, 3, 4, 5, 6, 7, 8, 9, 10, 11, 12, 13, 14, 15, 16, 17, 18, 19]","[{'pst': (86, 0), 'tst': 6}, {'pst': (99, 2), 'tst': 3}, {'pst': (114, 4), 'tst': 3}, {'pst': (95, 5), 'tst': 2}, {'pst': (118, 5), 'tst': 1}, {'pst': (118, 4), 'tst': 1}, {'pst': (119, 5), 'tst': 0}, {'pst': (109, 10), 'tst': 0}]",0.6165156384342474,8.344182497909522
120,6,,"[0, 1, 2, 3, 4, 5, 6, 7, 8, 9, 10, 11, 12, 13, 14, 15, 16, 17, 18, 19]","[{'pst': (104, 11), 'tst': 6}, {'pst': (114, 3), 'tst': 4}, {'pst': (98, 15), 'tst': 3}, {'pst': (96, 14), 'tst': 2}, {'pst': (103, 2), 'tst': 1}, {'pst': (114, 4), 'tst': 1}, {'pst': (92, 10), 'tst': 0}, {'pst': (91, 2), 'tst': 0}]",0.6165156384342474,8.344182497909522
120,7,,"[0, 1, 2, 3, 4, 5, 6, 7, 8, 9, 10, 11, 12, 13, 14, 15, 16, 17, 18, 19]","[{'pst': (111, 19), 'tst': 6}, {'pst': (114, 4), 'tst': 4}, {'pst': (116, 7), 'tst': 3}, {'pst': (104, 11), 'tst': 3}, {'pst': (89, 19), 'tst': 1}, {'pst': (97, 10), 'tst': 1}, {'pst': (84, 2), 'tst': 0}, {'pst': (98, 4), 'tst': 0}]",0.6165156384342474,8.344182497909522
120,8,,"[0, 1, 2, 3, 4, 5, 6, 7, 8, 9, 10, 11, 12, 13, 14, 15, 16, 17, 18, 19]","[{'pst': (111, 14), 'tst': 5}, {'pst': (92, 10), 'tst': 4}, {'pst': (109, 18), 'tst': 3}, {'pst': (117, 8), 'tst': 2}, {'pst': (110, 3), 'tst': 2}, {'pst': (109, 10), 'tst': 1}, {'pst': (103, 14), 'tst': 0}, {'pst': (119, 2), 'tst': 0}]",0.6165156384342474,8.344182497909522
120,9,,"[0, 1, 2, 3, 4, 5, 6, 7, 8, 9, 10, 11, 12, 13, 14, 15, 16, 17, 18, 19]","[{'pst': (101, 0), 'tst': 8}, {'pst': (103, 14), 'tst': 4}, {'pst': (97, 10), 'tst': 3}, {'pst': (110, 7), 'tst': 2}, {'pst': (108, 15), 'tst': 2}, {'pst': (95, 5), 'tst': 1}, {'pst': (108, 16), 'tst': 1}, {'pst': (113, 13), 'tst': 0}]",0.5942386631469825,7.625391679214867
120,10,,"[0, 1, 2, 3, 4, 5, 6, 7, 8, 9, 10, 11, 12, 13, 14, 15, 16, 17, 18, 19]","[{'pst': (114, 3), 'tst': 5}, {'pst': (101, 5), 'tst': 3}, {'pst': (96, 14), 'tst': 2}, {'pst': (86, 0), 'tst': 2}, {'pst': (113, 1), 'tst': 1}, {'pst': (117, 16), 'tst': 1}, {'pst': (110, 7), 'tst': 0}, {'pst': (104, 11), 'tst': 0}]",0.6165156384342474,8.344182497909522
120,11,,"[0, 1, 2, 3, 4, 5, 6, 7, 8, 9, 10, 11, 12, 13, 14, 15, 16, 17, 18, 19]","[{'pst': (107, 5), 'tst': 6}, {'pst': (103, 14), 'tst': 5}, {'pst': (104, 18), 'tst': 3}, {'pst': (101, 5), 'tst': 2}, {'pst': (113, 6), 'tst': 2}, {'pst': (117, 19), 'tst': 1}, {'pst': (114, 14), 'tst': 1}, {'pst': (109, 10), 'tst': 0}]",0.5889940879443648,7.534046893103963
120,12,,"[0, 1, 2, 3, 4, 5, 6, 7, 8, 9, 10, 11, 12, 13, 14, 15, 16, 17, 18, 19]","[{'pst': (102, 11), 'tst': 7}, {'pst': (113, 14), 'tst': 4}, {'pst': (61, 10), 'tst': 3}, {'pst': (107, 0), 'tst': 2}, {'pst': (109, 13), 'tst': 2}, {'pst': (108, 16), 'tst': 1}, {'pst': (104, 11), 'tst': 1}, {'pst': (115, 17), 'tst': 0}]",0.6165156384342474,8.344182497909522
120,13,,"[0, 1, 2, 3, 4, 5, 6, 7, 8, 9, 10, 11, 12, 13, 14, 15, 16, 17, 18, 19]","[{'pst': (111, 19), 'tst': 3}, {'pst': (114, 14), 'tst': 3}, {'pst': (84, 4), 'tst': 2}, {'pst': (110, 3), 'tst': 2}, {'pst': (116, 2), 'tst': 1}, {'pst': (109, 13), 'tst': 1}, {'pst': (117, 8), 'tst': 0}, {'pst': (111, 12), 'tst': 0}]",0.600642358762497,7.755687645527759
120,14,,"[0, 1, 2, 3, 4, 5, 6, 7, 8, 9, 10, 11, 12, 13, 14, 15, 16, 17, 18, 19]","[{'pst': (113, 14), 'tst': 6}, {'pst': (103, 2), 'tst': 3}, {'pst': (98, 15), 'tst': 3}, {'pst': (89, 19), 'tst': 2}, {'pst': (101, 0), 'tst': 2}, {'pst': (100, 17), 'tst': 1}, {'pst': (96, 8), 'tst': 1}, {'pst': (109, 5), 'tst': 0}]",0.6165156384342474,8.344182497909522
120,15,,"[0, 1, 2, 3, 4, 5, 6, 7, 8, 9, 10, 11, 12, 13, 14, 15, 16, 17, 18, 19]","[{'pst': (100, 17), 'tst': 5}, {'pst': (110, 14), 'tst': 3}, {'pst': (116, 16), 'tst': 3}, {'pst': (89, 19), 'tst': 2}, {'pst': (113, 13), 'tst': 2}, {'pst': (118, 15), 'tst': 1}, {'pst': (119, 5), 'tst': 0}, {'pst': (117, 8), 'tst': 0}]",0.6384935413149965,8.044522334034067
120,16,,"[0, 1, 2, 3, 4, 5, 6, 7, 8, 9, 10, 11, 12, 13, 14, 15, 16, 17, 18, 19]","[{'pst': (100, 10), 'tst': 8}, {'pst': (84, 4), 'tst': 4}, {'pst': (99, 7), 'tst': 4}, {'pst': (117, 16), 'tst': 2}, {'pst': (111, 19), 'tst': 2}, {'pst': (114, 14), 'tst': 1}, {'pst': (92, 5), 'tst': 0}, {'pst': (104, 18), 'tst': 0}]",0.5420237239930887,6.538747308831808
120,17,,"[0, 1, 2, 3, 4, 5, 6, 7, 8, 9, 10, 11, 12, 13, 14, 15, 16, 17, 18, 19]","[{'pst': (113, 1), 'tst': 6}, {'pst': (115, 17), 'tst': 4}, {'pst': (105, 15), 'tst': 3}, {'pst': (107, 5), 'tst': 2}, {'pst': (104, 18), 'tst': 2}, {'pst': (101, 5), 'tst': 1}, {'pst': (113, 6), 'tst': 1}, {'pst': (117, 7), 'tst': 0}]",0.6165156384342474,8.344182497909522
120,18,"{'text': 'If you want to legalize drugs, then you should also legalize prostitution.'}","[0, 1, 2, 3, 4, 5, 6, 7, 8, 9, 10, 11, 12, 13, 14, 15, 16, 17, 18, 19]","[{'pst': (104, 18), 'tst': 5}, {'pst': (113, 6), 'tst': 4}, {'pst': (115, 17), 'tst': 4}, {'pst': (111, 19), 'tst': 3}, {'pst': (114, 3), 'tst': 3}, {'pst': (111, 14), 'tst': 1}, {'pst': (116, 16), 'tst': 0}, {'pst': (99, 7), 'tst': 0}]",0.6165156384342474,8.344182497909522
120,19,,"[0, 1, 2, 3, 4, 5, 6, 7, 8, 9, 10, 11, 12, 13, 14, 15, 16, 17, 18, 19]","[{'pst': (101, 5), 'tst': 5}, {'pst': (107, 5), 'tst': 4}, {'pst': (84, 4), 'tst': 3}, {'pst': (84, 9), 'tst': 3}, {'pst': (117, 19), 'tst': 2}, {'pst': (113, 6), 'tst': 2}, {'pst': (89, 19), 'tst': 1}, {'pst': (117, 7), 'tst': 0}]",0.6165156384342474,8.344182497909522
121,0,,"[0, 1, 2, 3, 4, 5, 6, 7, 8, 9, 10, 11, 12, 13, 14, 15, 16, 17, 18, 19]","[{'pst': (113, 1), 'tst': 4}, {'pst': (100, 10), 'tst': 3}, {'pst': (110, 7), 'tst': 2}, {'pst': (100, 17), 'tst': 2}, {'pst': (119, 0), 'tst': 1}, {'pst': (113, 11), 'tst': 1}, {'pst': (117, 7), 'tst': 0}, {'pst': (84, 4), 'tst': 0}]",0.5439009742067954,6.724452343572866
121,1,"{'text': 'If you want to legalize drugs, then you should also legalize prostitution.'}","[0, 1, 2, 3, 4, 5, 6, 7, 8, 9, 10, 11, 12, 13, 14, 15, 16, 17, 18, 19]","[{'pst': (110, 14), 'tst': 6}, {'pst': (109, 10), 'tst': 5}, {'pst': (102, 11), 'tst': 3}, {'pst': (114, 3), 'tst': 3}, {'pst': (103, 2), 'tst': 1}, {'pst': (84, 4), 'tst': 1}, {'pst': (117, 19), 'tst': 0}, {'pst': (108, 16), 'tst': 0}]",0.6165156384342474,8.344182497909522
121,2,,"[0, 1, 2, 3, 4, 5, 6, 7, 8, 9, 10, 11, 12, 13, 14, 15, 16, 17, 18, 19]","[{'pst': (113, 11), 'tst': 5}, {'pst': (116, 2), 'tst': 4}, {'pst': (101, 5), 'tst': 3}, {'pst': (108, 6), 'tst': 3}, {'pst': (117, 19), 'tst': 2}, {'pst': (119, 2), 'tst': 1}, {'pst': (117, 8), 'tst': 1}, {'pst': (84, 9), 'tst': 0}]",0.6165156384342474,8.344182497909522
121,3,"{'text': 'If you want to legalize drugs, then you should also legalize prostitution.'}","[0, 1, 2, 3, 4, 5, 6, 7, 8, 9, 10, 11, 12, 13, 14, 15, 16, 17, 18, 19]","[{'pst': (112, 13), 'tst': 4}, {'pst': (113, 13), 'tst': 3}, {'pst': (91, 2), 'tst': 2}, {'pst': (111, 19), 'tst': 2}, {'pst': (109, 18), 'tst': 1}, {'pst': (119, 2), 'tst': 1}, {'pst': (92, 5), 'tst': 0}, {'pst': (114, 3), 'tst': 0}]",0.6165156384342474,8.344182497909522
121,4,"{'text': 'If you want to legalize drugs, then you should also legalize prostitution.'}","[0, 1, 2, 3, 4, 5, 6, 7, 8, 9, 10, 11, 12, 13, 14, 15, 16, 17, 18, 19]","[{'pst': (96, 14), 'tst': 4}, {'pst': (110, 7), 'tst': 3}, {'pst': (100, 10), 'tst': 3}, {'pst': (118, 4), 'tst': 2}, {'pst': (109, 18), 'tst': 2}, {'pst': (113, 13), 'tst': 1}, {'pst': (97, 10), 'tst': 0}, {'pst': (114, 14), 'tst': 0}]",0.5426330675196857,6.7118037552559615
121,5,,"[0, 1, 2, 3, 4, 5, 6, 7, 8, 9, 10, 11, 12, 13, 14, 15, 16, 17, 18, 19]","[{'pst': (99, 2), 'tst': 4}, {'pst': (114, 4), 'tst': 4}, {'pst': (118, 5), 'tst': 2}, {'pst': (118, 4), 'tst': 2}, {'pst': (119, 5), 'tst': 1}, {'pst': (109, 10), 'tst': 1}, {'pst': (113, 13), 'tst': 0}, {'pst': (96, 14), 'tst': 0}]",0.6165156384342474,8.344182497909522
121,6,,"[0, 1, 2, 3, 4, 5, 6, 7, 8, 9, 10, 11, 12, 13, 14, 15, 16, 17, 18, 19]","[{'pst': (114, 3), 'tst': 5}, {'pst': (98, 15), 'tst': 4}, {'pst': (96, 14), 'tst': 3}, {'pst': (103, 2), 'tst': 2}, {'pst': (114, 4), 'tst': 2}, {'pst': (92, 10), 'tst': 1}, {'pst': (91, 2), 'tst': 1}, {'pst': (99, 7), 'tst': 0}]",0.6165156384342474,8.344182497909522
121,7,,"[0, 1, 2, 3, 4, 5, 6, 7, 8, 9, 10, 11, 12, 13, 14, 15, 16, 17, 18, 19]","[{'pst': (114, 4), 'tst': 5}, {'pst': (116, 7), 'tst': 4}, {'pst': (104, 11), 'tst': 4}, {'pst': (97, 10), 'tst': 2}, {'pst': (84, 2), 'tst': 1}, {'pst': (98, 4), 'tst': 1}, {'pst': (92, 10), 'tst': 0}, {'pst': (105, 15), 'tst': 0}]",0.6165156384342474,8.344182497909522
121,8,"{'text': 'If you want to legalize drugs, then you should also legalize prostitution.'}","[0, 1, 2, 3, 4, 5, 6, 7, 8, 9, 10, 11, 12, 13, 14, 15, 16, 17, 18, 19]","[{'pst': (111, 14), 'tst': 6}, {'pst': (109, 18), 'tst': 4}, {'pst': (117, 8), 'tst': 3}, {'pst': (110, 3), 'tst': 3}, {'pst': (109, 10), 'tst': 2}, {'pst': (103, 14), 'tst': 1}, {'pst': (119, 2), 'tst': 1}, {'pst': (117, 19), 'tst': 0}]",0.6165156384342474,8.344182497909522
121,9,"{'text': 'If you want to legalize drugs, then you should also legalize prostitution.'}","[0, 1, 2, 3, 4, 5, 6, 7, 8, 9, 10, 11, 12, 13, 14, 15, 16, 17, 18, 19]","[{'pst': (103, 14), 'tst': 5}, {'pst': (110, 7), 'tst': 3}, {'pst': (108, 15), 'tst': 3}, {'pst': (95, 5), 'tst': 2}, {'pst': (108, 16), 'tst': 2}, {'pst': (113, 13), 'tst': 1}, {'pst': (115, 17), 'tst': 0}, {'pst': (96, 14), 'tst': 0}]",0.5994139301602949,7.6378727009057314
121,10,,"[0, 1, 2, 3, 4, 5, 6, 7, 8, 9, 10, 11, 12, 13, 14, 15, 16, 17, 18, 19]","[{'pst': (114, 3), 'tst': 6}, {'pst': (101, 5), 'tst': 4}, {'pst': (96, 14), 'tst': 3}, {'pst': (113, 1), 'tst': 2}, {'pst': (110, 7), 'tst': 1}, {'pst': (104, 11), 'tst': 1}, {'pst': (97, 10), 'tst': 0}, {'pst': (117, 16), 'tst': 0}]",0.6165156384342474,8.344182497909522
121,11,"{'text': 'If you want to legalize drugs, then you should also legalize prostitution.'}","[0, 1, 2, 3, 4, 5, 6, 7, 8, 9, 10, 11, 12, 13, 14, 15, 16, 17, 18, 19]","[{'pst': (104, 18), 'tst': 4}, {'pst': (101, 5), 'tst': 3}, {'pst': (113, 6), 'tst': 3}, {'pst': (117, 19), 'tst': 2}, {'pst': (114, 14), 'tst': 2}, {'pst': (109, 10), 'tst': 1}, {'pst': (110, 14), 'tst': 0}, {'pst': (110, 3), 'tst': 0}]",0.5977163897116962,7.740024631118266
121,12,,"[0, 1, 2, 3, 4, 5, 6, 7, 8, 9, 10, 11, 12, 13, 14, 15, 16, 17, 18, 19]","[{'pst': (102, 11), 'tst': 8}, {'pst': (61, 10), 'tst': 4}, {'pst': (107, 0), 'tst': 3}, {'pst': (108, 16), 'tst': 2}, {'pst': (104, 11), 'tst': 2}, {'pst': (115, 17), 'tst': 1}, {'pst': (100, 17), 'tst': 0}, {'pst': (104, 18), 'tst': 0}]",0.6165156384342474,8.344182497909522
121,13,,"[0, 1, 2, 3, 4, 5, 6, 7, 8, 9, 10, 11, 12, 13, 14, 15, 16, 17, 18, 19]","[{'pst': (114, 14), 'tst': 4}, {'pst': (110, 3), 'tst': 3}, {'pst': (116, 2), 'tst': 2}, {'pst': (109, 13), 'tst': 2}, {'pst': (117, 8), 'tst': 1}, {'pst': (111, 12), 'tst': 1}, {'pst': (100, 17), 'tst': 0}, {'pst': (86, 0), 'tst': 0}]",0.5989192480358049,8.315982677252528
121,14,"{'text': 'If you want to legalize drugs, then you should also legalize prostitution.'}","[0, 1, 2, 3, 4, 5, 6, 7, 8, 9, 10, 11, 12, 13, 14, 15, 16, 17, 18, 19]","[{'pst': (98, 15), 'tst': 4}, {'pst': (89, 19), 'tst': 3}, {'pst': (101, 0), 'tst': 3}, {'pst': (100, 17), 'tst': 2}, {'pst': (96, 8), 'tst': 2}, {'pst': (109, 5), 'tst': 1}, {'pst': (119, 2), 'tst': 0}, {'pst': (105, 15), 'tst': 0}]",0.6165156384342474,8.344182497909522
121,15,,"[0, 1, 2, 3, 4, 5, 6, 7, 8, 9, 10, 11, 12, 13, 14, 15, 16, 17, 18, 19]","[{'pst': (100, 17), 'tst': 6}, {'pst': (116, 16), 'tst': 4}, {'pst': (113, 13), 'tst': 3}, {'pst': (118, 15), 'tst': 2}, {'pst': (119, 5), 'tst': 1}, {'pst': (117, 8), 'tst': 1}, {'pst': (89, 19), 'tst': 0}, {'pst': (110, 14), 'tst': 0}]",0.6366128381903139,7.980898244562704
121,16,,"[0, 1, 2, 3, 4, 5, 6, 7, 8, 9, 10, 11, 12, 13, 14, 15, 16, 17, 18, 19]","[{'pst': (100, 10), 'tst': 9}, {'pst': (117, 16), 'tst': 3}, {'pst': (111, 19), 'tst': 3}, {'pst': (114, 14), 'tst': 2}, {'pst': (92, 5), 'tst': 1}, {'pst': (104, 18), 'tst': 1}, {'pst': (113, 11), 'tst': 0}, {'pst': (110, 7), 'tst': 0}]",0.5436703825215061,6.541863261058065
121,17,,"[0, 1, 2, 3, 4, 5, 6, 7, 8, 9, 10, 11, 12, 13, 14, 15, 16, 17, 18, 19]","[{'pst': (113, 1), 'tst': 7}, {'pst': (105, 15), 'tst': 4}, {'pst': (107, 5), 'tst': 3}, {'pst': (104, 18), 'tst': 3}, {'pst': (101, 5), 'tst': 2}, {'pst': (117, 7), 'tst': 1}, {'pst': (119, 2), 'tst': 0}, {'pst': (113, 11), 'tst': 0}]",0.6165156384342474,8.344182497909522
121,18,,"[0, 1, 2, 3, 4, 5, 6, 7, 8, 9, 10, 11, 12, 13, 14, 15, 16, 17, 18, 19]","[{'pst': (104, 18), 'tst': 6}, {'pst': (113, 6), 'tst': 5}, {'pst': (111, 19), 'tst': 4}, {'pst': (114, 3), 'tst': 4}, {'pst': (116, 16), 'tst': 1}, {'pst': (99, 7), 'tst': 1}, {'pst': (120, 18), 'tst': 0}, {'pst': (107, 5), 'tst': 0}]",0.6165156384342474,8.344182497909522
121,19,,"[0, 1, 2, 3, 4, 5, 6, 7, 8, 9, 10, 11, 12, 13, 14, 15, 16, 17, 18, 19]","[{'pst': (101, 5), 'tst': 6}, {'pst': (84, 4), 'tst': 4}, {'pst': (84, 9), 'tst': 4}, {'pst': (113, 6), 'tst': 3}, {'pst': (89, 19), 'tst': 2}, {'pst': (117, 7), 'tst': 1}, {'pst': (103, 14), 'tst': 0}, {'pst': (101, 0), 'tst': 0}]",0.6165156384342474,8.344182497909522
122,0,,"[0, 1, 2, 3, 4, 5, 6, 7, 8, 9, 10, 11, 12, 13, 14, 15, 16, 17, 18, 19]","[{'pst': (113, 1), 'tst': 5}, {'pst': (100, 10), 'tst': 4}, {'pst': (119, 0), 'tst': 2}, {'pst': (113, 11), 'tst': 2}, {'pst': (117, 7), 'tst': 1}, {'pst': (84, 4), 'tst': 1}, {'pst': (109, 18), 'tst': 0}, {'pst': (110, 7), 'tst': 0}]",0.5439009742067954,6.724452343572866
122,1,,"[0, 1, 2, 3, 4, 5, 6, 7, 8, 9, 10, 11, 12, 13, 14, 15, 16, 17, 18, 19]","[{'pst': (102, 11), 'tst': 4}, {'pst': (114, 3), 'tst': 4}, {'pst': (103, 2), 'tst': 2}, {'pst': (84, 4), 'tst': 2}, {'pst': (117, 19), 'tst': 1}, {'pst': (108, 16), 'tst': 1}, {'pst': (121, 1), 'tst': 0}, {'pst': (84, 2), 'tst': 0}]",0.6165156384342474,8.344182497909522
122,2,"{'text': 'If you want to legalize drugs, then you should also legalize prostitution.'}","[0, 1, 2, 3, 4, 5, 6, 7, 8, 9, 10, 11, 12, 13, 14, 15, 16, 17, 18, 19]","[{'pst': (113, 11), 'tst': 6}, {'pst': (101, 5), 'tst': 4}, {'pst': (108, 6), 'tst': 4}, {'pst': (119, 2), 'tst': 2}, {'pst': (117, 8), 'tst': 2}, {'pst': (84, 9), 'tst': 1}, {'pst': (111, 14), 'tst': 0}, {'pst': (96, 8), 'tst': 0}]",0.6165156384342474,8.344182497909522
122,3,,"[0, 1, 2, 3, 4, 5, 6, 7, 8, 9, 10, 11, 12, 13, 14, 15, 16, 17, 18, 19]","[{'pst': (112, 13), 'tst': 5}, {'pst': (113, 13), 'tst': 4}, {'pst': (109, 18), 'tst': 2}, {'pst': (119, 2), 'tst': 2}, {'pst': (92, 5), 'tst': 1}, {'pst': (114, 3), 'tst': 1}, {'pst': (121, 3), 'tst': 0}, {'pst': (119, 5), 'tst': 0}]",0.6165156384342474,8.344182497909522
122,4,,"[0, 1, 2, 3, 4, 5, 6, 7, 8, 9, 10, 11, 12, 13, 14, 15, 16, 17, 18, 19]","[{'pst': (96, 14), 'tst': 5}, {'pst': (100, 10), 'tst': 4}, {'pst': (109, 18), 'tst': 3}, {'pst': (113, 13), 'tst': 2}, {'pst': (97, 10), 'tst': 1}, {'pst': (114, 14), 'tst': 1}, {'pst': (121, 4), 'tst': 0}, {'pst': (111, 12), 'tst': 0}]",0.5607201682662402,6.8053978140386615
122,5,,"[0, 1, 2, 3, 4, 5, 6, 7, 8, 9, 10, 11, 12, 13, 14, 15, 16, 17, 18, 19]","[{'pst': (99, 2), 'tst': 5}, {'pst': (118, 4), 'tst': 3}, {'pst': (119, 5), 'tst': 2}, {'pst': (109, 10), 'tst': 2}, {'pst': (113, 13), 'tst': 1}, {'pst': (96, 14), 'tst': 1}, {'pst': (114, 4), 'tst': 0}, {'pst': (105, 15), 'tst': 0}]",0.6165156384342474,8.344182497909522
122,6,,"[0, 1, 2, 3, 4, 5, 6, 7, 8, 9, 10, 11, 12, 13, 14, 15, 16, 17, 18, 19]","[{'pst': (114, 3), 'tst': 6}, {'pst': (96, 14), 'tst': 4}, {'pst': (114, 4), 'tst': 3}, {'pst': (92, 10), 'tst': 2}, {'pst': (91, 2), 'tst': 2}, {'pst': (99, 7), 'tst': 1}, {'pst': (109, 5), 'tst': 0}, {'pst': (101, 0), 'tst': 0}]",0.6165156384342474,8.344182497909522
122,7,,"[0, 1, 2, 3, 4, 5, 6, 7, 8, 9, 10, 11, 12, 13, 14, 15, 16, 17, 18, 19]","[{'pst': (114, 4), 'tst': 6}, {'pst': (116, 7), 'tst': 5}, {'pst': (104, 11), 'tst': 5}, {'pst': (97, 10), 'tst': 3}, {'pst': (98, 4), 'tst': 2}, {'pst': (92, 10), 'tst': 1}, {'pst': (105, 15), 'tst': 1}, {'pst': (118, 4), 'tst': 0}]",0.6165156384342474,8.344182497909522
122,8,"{'text': 'If you want to legalize drugs, then you should also legalize prostitution.'}","[0, 1, 2, 3, 4, 5, 6, 7, 8, 9, 10, 11, 12, 13, 14, 15, 16, 17, 18, 19]","[{'pst': (111, 14), 'tst': 7}, {'pst': (117, 8), 'tst': 4}, {'pst': (110, 3), 'tst': 4}, {'pst': (103, 14), 'tst': 2}, {'pst': (119, 2), 'tst': 2}, {'pst': (117, 19), 'tst': 1}, {'pst': (121, 8), 'tst': 0}, {'pst': (92, 10), 'tst': 0}]",0.6165156384342474,8.344182497909522
122,9,,"[0, 1, 2, 3, 4, 5, 6, 7, 8, 9, 10, 11, 12, 13, 14, 15, 16, 17, 18, 19]","[{'pst': (108, 15), 'tst': 4}, {'pst': (95, 5), 'tst': 3}, {'pst': (108, 16), 'tst': 3}, {'pst': (113, 13), 'tst': 2}, {'pst': (115, 17), 'tst': 1}, {'pst': (96, 14), 'tst': 1}, {'pst': (121, 9), 'tst': 0}, {'pst': (61, 10), 'tst': 0}]",0.6070071930731191,7.635249400128382
122,10,,"[0, 1, 2, 3, 4, 5, 6, 7, 8, 9, 10, 11, 12, 13, 14, 15, 16, 17, 18, 19]","[{'pst': (114, 3), 'tst': 7}, {'pst': (101, 5), 'tst': 5}, {'pst': (110, 7), 'tst': 2}, {'pst': (104, 11), 'tst': 2}, {'pst': (97, 10), 'tst': 1}, {'pst': (117, 16), 'tst': 1}, {'pst': (116, 2), 'tst': 0}, {'pst': (99, 7), 'tst': 0}]",0.6165156384342474,8.344182497909522
122,11,,"[0, 1, 2, 3, 4, 5, 6, 7, 8, 9, 10, 11, 12, 13, 14, 15, 16, 17, 18, 19]","[{'pst': (104, 18), 'tst': 5}, {'pst': (113, 6), 'tst': 4}, {'pst': (117, 19), 'tst': 3}, {'pst': (114, 14), 'tst': 3}, {'pst': (110, 14), 'tst': 1}, {'pst': (110, 3), 'tst': 1}, {'pst': (121, 11), 'tst': 0}, {'pst': (117, 8), 'tst': 0}]",0.6013365297440354,7.7759040146586385
122,12,,"[0, 1, 2, 3, 4, 5, 6, 7, 8, 9, 10, 11, 12, 13, 14, 15, 16, 17, 18, 19]","[{'pst': (102, 11), 'tst': 9}, {'pst': (61, 10), 'tst': 5}, {'pst': (108, 16), 'tst': 3}, {'pst': (115, 17), 'tst': 2}, {'pst': (100, 17), 'tst': 1}, {'pst': (104, 18), 'tst': 1}, {'pst': (121, 1), 'tst': 0}, {'pst': (121, 9), 'tst': 0}]",0.6165156384342474,8.344182497909522
122,13,"{'text': 'If you want to legalize drugs, then you should also legalize prostitution.'}","[0, 1, 2, 3, 4, 5, 6, 7, 8, 9, 10, 11, 12, 13, 14, 15, 16, 17, 18, 19]","[{'pst': (114, 14), 'tst': 5}, {'pst': (116, 2), 'tst': 3}, {'pst': (109, 13), 'tst': 3}, {'pst': (117, 8), 'tst': 2}, {'pst': (100, 17), 'tst': 1}, {'pst': (86, 0), 'tst': 1}, {'pst': (121, 9), 'tst': 0}, {'pst': (97, 10), 'tst': 0}]",0.5989192480358049,8.315982677252528
122,14,,"[0, 1, 2, 3, 4, 5, 6, 7, 8, 9, 10, 11, 12, 13, 14, 15, 16, 17, 18, 19]","[{'pst': (98, 15), 'tst': 5}, {'pst': (89, 19), 'tst': 4}, {'pst': (101, 0), 'tst': 4}, {'pst': (100, 17), 'tst': 3}, {'pst': (119, 2), 'tst': 1}, {'pst': (105, 15), 'tst': 1}, {'pst': (121, 14), 'tst': 0}, {'pst': (121, 11), 'tst': 0}]",0.6165156384342474,8.344182497909522
122,15,,"[0, 1, 2, 3, 4, 5, 6, 7, 8, 9, 10, 11, 12, 13, 14, 15, 16, 17, 18, 19]","[{'pst': (100, 17), 'tst': 7}, {'pst': (116, 16), 'tst': 5}, {'pst': (113, 13), 'tst': 4}, {'pst': (119, 5), 'tst': 2}, {'pst': (89, 19), 'tst': 1}, {'pst': (110, 14), 'tst': 1}]",0.6135901410960284,8.267867965468785
122,16,,"[0, 1, 2, 3, 4, 5, 6, 7, 8, 9, 10, 11, 12, 13, 14, 15, 16, 17, 18, 19]","[{'pst': (117, 16), 'tst': 4}, {'pst': (114, 14), 'tst': 3}, {'pst': (92, 5), 'tst': 2}, {'pst': (104, 18), 'tst': 2}, {'pst': (113, 11), 'tst': 1}, {'pst': (110, 7), 'tst': 1}, {'pst': (119, 0), 'tst': 0}, {'pst': (100, 17), 'tst': 0}]",0.600642358762497,7.755687645527759
122,17,"{'text': 'If you want to legalize drugs, then you should also legalize prostitution.'}","[0, 1, 2, 3, 4, 5, 6, 7, 8, 9, 10, 11, 12, 13, 14, 15, 16, 17, 18, 19]","[{'pst': (107, 5), 'tst': 4}, {'pst': (104, 18), 'tst': 4}, {'pst': (101, 5), 'tst': 3}, {'pst': (117, 7), 'tst': 2}, {'pst': (119, 2), 'tst': 1}, {'pst': (113, 11), 'tst': 1}, {'pst': (110, 7), 'tst': 0}, {'pst': (121, 14), 'tst': 0}]",0.6165156384342474,8.344182497909522
122,18,"{'text': 'If you want to legalize drugs, then you should also legalize prostitution.'}","[0, 1, 2, 3, 4, 5, 6, 7, 8, 9, 10, 11, 12, 13, 14, 15, 16, 17, 18, 19]","[{'pst': (104, 18), 'tst': 7}, {'pst': (113, 6), 'tst': 6}, {'pst': (116, 16), 'tst': 2}, {'pst': (99, 7), 'tst': 2}, {'pst': (120, 18), 'tst': 1}, {'pst': (107, 5), 'tst': 1}, {'pst': (109, 18), 'tst': 0}, {'pst': (97, 10), 'tst': 0}]",0.6165156384342474,8.344182497909522
122,19,,"[0, 1, 2, 3, 4, 5, 6, 7, 8, 9, 10, 11, 12, 13, 14, 15, 16, 17, 18, 19]","[{'pst': (84, 9), 'tst': 5}, {'pst': (113, 6), 'tst': 4}, {'pst': (89, 19), 'tst': 3}, {'pst': (117, 7), 'tst': 2}, {'pst': (103, 14), 'tst': 1}, {'pst': (101, 0), 'tst': 1}, {'pst': (61, 10), 'tst': 0}, {'pst': (111, 19), 'tst': 0}]",0.6165156384342474,8.344182497909522
123,0,,"[0, 1, 2, 3, 4, 5, 6, 7, 8, 9, 10, 11, 12, 13, 14, 15, 16, 17, 18, 19]","[{'pst': (113, 1), 'tst': 6}, {'pst': (119, 0), 'tst': 3}, {'pst': (113, 11), 'tst': 3}, {'pst': (84, 4), 'tst': 2}, {'pst': (109, 18), 'tst': 1}, {'pst': (110, 7), 'tst': 1}, {'pst': (117, 19), 'tst': 0}, {'pst': (116, 16), 'tst': 0}]",0.6165156384342474,8.344182497909522
123,1,"{'text': ""I don't think it's a good idea to legalize drugs.""}","[0, 1, 2, 3, 4, 5, 6, 7, 8, 9, 10, 11, 12, 13, 14, 15, 16, 17, 18, 19]","[{'pst': (114, 3), 'tst': 5}, {'pst': (103, 2), 'tst': 3}, {'pst': (84, 4), 'tst': 3}, {'pst': (117, 19), 'tst': 2}, {'pst': (108, 16), 'tst': 2}, {'pst': (121, 1), 'tst': 1}, {'pst': (84, 2), 'tst': 1}, {'pst': (110, 3), 'tst': 0}]",0.6165156384342474,8.344182497909522
123,2,,"[0, 1, 2, 3, 4, 5, 6, 7, 8, 9, 10, 11, 12, 13, 14, 15, 16, 17, 18, 19]","[{'pst': (108, 6), 'tst': 5}, {'pst': (119, 2), 'tst': 3}, {'pst': (117, 8), 'tst': 3}, {'pst': (84, 9), 'tst': 2}, {'pst': (111, 14), 'tst': 1}, {'pst': (96, 8), 'tst': 1}, {'pst': (122, 2), 'tst': 0}, {'pst': (122, 17), 'tst': 0}]",0.6165156384342474,8.344182497909522
123,3,,"[0, 1, 2, 3, 4, 5, 6, 7, 8, 9, 10, 11, 12, 13, 14, 15, 16, 17, 18, 19]","[{'pst': (113, 13), 'tst': 5}, {'pst': (109, 18), 'tst': 3}, {'pst': (119, 2), 'tst': 3}, {'pst': (92, 5), 'tst': 2}, {'pst': (121, 3), 'tst': 1}, {'pst': (119, 5), 'tst': 1}, {'pst': (61, 10), 'tst': 0}, {'pst': (122, 18), 'tst': 0}]",0.6165156384342474,8.344182497909522
123,4,,"[0, 1, 2, 3, 4, 5, 6, 7, 8, 9, 10, 11, 12, 13, 14, 15, 16, 17, 18, 19]","[{'pst': (100, 10), 'tst': 5}, {'pst': (109, 18), 'tst': 4}, {'pst': (97, 10), 'tst': 2}, {'pst': (114, 14), 'tst': 2}, {'pst': (121, 4), 'tst': 1}, {'pst': (111, 12), 'tst': 1}, {'pst': (84, 2), 'tst': 0}, {'pst': (116, 16), 'tst': 0}]",0.5436703825215061,6.541863261058065
123,5,,"[0, 1, 2, 3, 4, 5, 6, 7, 8, 9, 10, 11, 12, 13, 14, 15, 16, 17, 18, 19]","[{'pst': (119, 5), 'tst': 3}, {'pst': (109, 10), 'tst': 3}, {'pst': (113, 13), 'tst': 2}, {'pst': (96, 14), 'tst': 2}, {'pst': (114, 4), 'tst': 1}, {'pst': (105, 15), 'tst': 1}, {'pst': (111, 14), 'tst': 0}, {'pst': (96, 8), 'tst': 0}]",0.6165156384342474,8.344182497909522
123,6,,"[0, 1, 2, 3, 4, 5, 6, 7, 8, 9, 10, 11, 12, 13, 14, 15, 16, 17, 18, 19]","[{'pst': (114, 3), 'tst': 7}, {'pst': (96, 14), 'tst': 5}, {'pst': (92, 10), 'tst': 3}, {'pst': (99, 7), 'tst': 2}, {'pst': (109, 5), 'tst': 1}, {'pst': (101, 0), 'tst': 1}, {'pst': (108, 16), 'tst': 0}, {'pst': (111, 12), 'tst': 0}]",0.6165156384342474,8.344182497909522
123,7,,"[0, 1, 2, 3, 4, 5, 6, 7, 8, 9, 10, 11, 12, 13, 14, 15, 16, 17, 18, 19]","[{'pst': (114, 4), 'tst': 7}, {'pst': (104, 11), 'tst': 6}, {'pst': (98, 4), 'tst': 3}, {'pst': (92, 10), 'tst': 2}, {'pst': (105, 15), 'tst': 2}, {'pst': (118, 4), 'tst': 1}, {'pst': (117, 7), 'tst': 0}, {'pst': (108, 6), 'tst': 0}]",0.6165156384342474,8.344182497909522
123,8,"{'text': 'If you want to legalize drugs, then you should also legalize prostitution.'}","[0, 1, 2, 3, 4, 5, 6, 7, 8, 9, 10, 11, 12, 13, 14, 15, 16, 17, 18, 19]","[{'pst': (117, 8), 'tst': 5}, {'pst': (110, 3), 'tst': 5}, {'pst': (103, 14), 'tst': 3}, {'pst': (119, 2), 'tst': 3}, {'pst': (121, 8), 'tst': 1}, {'pst': (92, 10), 'tst': 1}, {'pst': (122, 8), 'tst': 0}, {'pst': (117, 16), 'tst': 0}]",0.6165156384342474,8.344182497909522
123,9,"{'text': 'If you want to legalize drugs, then you should also legalize prostitution.'}","[0, 1, 2, 3, 4, 5, 6, 7, 8, 9, 10, 11, 12, 13, 14, 15, 16, 17, 18, 19]","[{'pst': (95, 5), 'tst': 4}, {'pst': (108, 16), 'tst': 4}, {'pst': (113, 13), 'tst': 3}, {'pst': (115, 17), 'tst': 2}, {'pst': (96, 14), 'tst': 2}, {'pst': (121, 9), 'tst': 1}, {'pst': (61, 10), 'tst': 1}, {'pst': (114, 3), 'tst': 0}]",0.6165156384342474,8.344182497909522
123,10,"{'text': 'If you want to legalize drugs, then you should also legalize prostitution.'}","[0, 1, 2, 3, 4, 5, 6, 7, 8, 9, 10, 11, 12, 13, 14, 15, 16, 17, 18, 19]","[{'pst': (110, 7), 'tst': 3}, {'pst': (104, 11), 'tst': 3}, {'pst': (97, 10), 'tst': 2}, {'pst': (117, 16), 'tst': 2}, {'pst': (116, 2), 'tst': 1}, {'pst': (99, 7), 'tst': 1}, {'pst': (103, 2), 'tst': 0}, {'pst': (114, 3), 'tst': 0}]",0.6165156384342474,8.344182497909522
123,11,,"[0, 1, 2, 3, 4, 5, 6, 7, 8, 9, 10, 11, 12, 13, 14, 15, 16, 17, 18, 19]","[{'pst': (113, 6), 'tst': 5}, {'pst': (117, 19), 'tst': 4}, {'pst': (114, 14), 'tst': 4}, {'pst': (110, 14), 'tst': 2}, {'pst': (121, 11), 'tst': 1}, {'pst': (117, 8), 'tst': 1}, {'pst': (116, 2), 'tst': 0}, {'pst': (96, 8), 'tst': 0}]",0.6027557851840999,7.806745292134617
123,12,,"[0, 1, 2, 3, 4, 5, 6, 7, 8, 9, 10, 11, 12, 13, 14, 15, 16, 17, 18, 19]","[{'pst': (61, 10), 'tst': 6}, {'pst': (108, 16), 'tst': 4}, {'pst': (115, 17), 'tst': 3}, {'pst': (100, 17), 'tst': 2}, {'pst': (104, 18), 'tst': 2}, {'pst': (121, 1), 'tst': 1}, {'pst': (121, 9), 'tst': 1}, {'pst': (84, 9), 'tst': 0}]",0.6165156384342474,8.344182497909522
123,13,,"[0, 1, 2, 3, 4, 5, 6, 7, 8, 9, 10, 11, 12, 13, 14, 15, 16, 17, 18, 19]","[{'pst': (114, 14), 'tst': 6}, {'pst': (109, 13), 'tst': 4}, {'pst': (117, 8), 'tst': 3}, {'pst': (100, 17), 'tst': 2}, {'pst': (121, 9), 'tst': 1}, {'pst': (97, 10), 'tst': 1}, {'pst': (122, 13), 'tst': 0}, {'pst': (121, 8), 'tst': 0}]",0.5989192480358049,8.315982677252528
123,14,"{'text': 'If you want to legalize drugs, then you should also legalize prostitution.'}","[0, 1, 2, 3, 4, 5, 6, 7, 8, 9, 10, 11, 12, 13, 14, 15, 16, 17, 18, 19]","[{'pst': (89, 19), 'tst': 5}, {'pst': (101, 0), 'tst': 5}, {'pst': (100, 17), 'tst': 4}, {'pst': (119, 2), 'tst': 2}, {'pst': (105, 15), 'tst': 2}, {'pst': (121, 14), 'tst': 1}, {'pst': (121, 11), 'tst': 1}, {'pst': (116, 2), 'tst': 0}]",0.6165156384342474,8.344182497909522
123,15,"{'text': 'If you want to legalize drugs, then you should also legalize prostitution.'}","[0, 1, 2, 3, 4, 5, 6, 7, 8, 9, 10, 11, 12, 13, 14, 15, 16, 17, 18, 19]","[{'pst': (116, 16), 'tst': 6}, {'pst': (119, 5), 'tst': 3}, {'pst': (89, 19), 'tst': 2}, {'pst': (110, 14), 'tst': 2}, {'pst': (113, 6), 'tst': 0}, {'pst': (112, 13), 'tst': 0}, {'pst': (117, 16), 'tst': 0}, {'pst': (121, 14), 'tst': 0}]",0.6165156384342474,8.344182497909522
123,16,,"[0, 1, 2, 3, 4, 5, 6, 7, 8, 9, 10, 11, 12, 13, 14, 15, 16, 17, 18, 19]","[{'pst': (92, 5), 'tst': 3}, {'pst': (104, 18), 'tst': 3}, {'pst': (113, 11), 'tst': 2}, {'pst': (110, 7), 'tst': 2}, {'pst': (119, 0), 'tst': 1}, {'pst': (100, 17), 'tst': 1}, {'pst': (122, 13), 'tst': 0}, {'pst': (109, 5), 'tst': 0}]",0.6165156384342474,8.344182497909522
123,17,,"[0, 1, 2, 3, 4, 5, 6, 7, 8, 9, 10, 11, 12, 13, 14, 15, 16, 17, 18, 19]","[{'pst': (107, 5), 'tst': 5}, {'pst': (101, 5), 'tst': 4}, {'pst': (117, 7), 'tst': 3}, {'pst': (119, 2), 'tst': 2}, {'pst': (110, 7), 'tst': 1}, {'pst': (121, 14), 'tst': 1}, {'pst': (122, 17), 'tst': 0}, {'pst': (120, 18), 'tst': 0}]",0.6165156384342474,8.344182497909522
123,18,,"[0, 1, 2, 3, 4, 5, 6, 7, 8, 9, 10, 11, 12, 13, 14, 15, 16, 17, 18, 19]","[{'pst': (113, 6), 'tst': 7}, {'pst': (116, 16), 'tst': 3}, {'pst': (120, 18), 'tst': 2}, {'pst': (107, 5), 'tst': 2}, {'pst': (109, 18), 'tst': 1}, {'pst': (97, 10), 'tst': 1}, {'pst': (122, 18), 'tst': 0}, {'pst': (100, 10), 'tst': 0}]",0.5063286544961123,6.476345072781321
123,19,,"[0, 1, 2, 3, 4, 5, 6, 7, 8, 9, 10, 11, 12, 13, 14, 15, 16, 17, 18, 19]","[{'pst': (84, 9), 'tst': 6}, {'pst': (113, 6), 'tst': 5}, {'pst': (117, 7), 'tst': 3}, {'pst': (103, 14), 'tst': 2}, {'pst': (101, 0), 'tst': 2}, {'pst': (61, 10), 'tst': 1}, {'pst': (111, 19), 'tst': 1}, {'pst': (112, 13), 'tst': 0}]",0.6165156384342474,8.344182497909522
124,0,,"[0, 1, 2, 3, 4, 5, 6, 7, 8, 9, 10, 11, 12, 13, 14, 15, 16, 17, 18, 19]","[{'pst': (113, 1), 'tst': 7}, {'pst': (119, 0), 'tst': 4}, {'pst': (84, 4), 'tst': 3}, {'pst': (109, 18), 'tst': 2}, {'pst': (110, 7), 'tst': 2}, {'pst': (117, 19), 'tst': 1}, {'pst': (116, 16), 'tst': 1}, {'pst': (121, 14), 'tst': 0}]",0.6165156384342474,8.344182497909522
124,1,,"[0, 1, 2, 3, 4, 5, 6, 7, 8, 9, 10, 11, 12, 13, 14, 15, 16, 17, 18, 19]","[{'pst': (114, 3), 'tst': 6}, {'pst': (103, 2), 'tst': 4}, {'pst': (84, 4), 'tst': 4}, {'pst': (117, 19), 'tst': 3}, {'pst': (108, 16), 'tst': 3}, {'pst': (110, 3), 'tst': 1}, {'pst': (123, 1), 'tst': 0}, {'pst': (84, 2), 'tst': 0}]",0.5197382579137843,6.541274105146675
124,2,,"[0, 1, 2, 3, 4, 5, 6, 7, 8, 9, 10, 11, 12, 13, 14, 15, 16, 17, 18, 19]","[{'pst': (119, 2), 'tst': 4}, {'pst': (117, 8), 'tst': 4}, {'pst': (84, 9), 'tst': 3}, {'pst': (111, 14), 'tst': 2}, {'pst': (96, 8), 'tst': 2}, {'pst': (122, 2), 'tst': 1}, {'pst': (122, 17), 'tst': 1}, {'pst': (113, 11), 'tst': 0}]",0.6165156384342474,8.344182497909522
124,3,"{'text': 'If you want to legalize drugs, then you should also legalize prostitution.'}","[0, 1, 2, 3, 4, 5, 6, 7, 8, 9, 10, 11, 12, 13, 14, 15, 16, 17, 18, 19]","[{'pst': (109, 18), 'tst': 4}, {'pst': (119, 2), 'tst': 4}, {'pst': (121, 3), 'tst': 2}, {'pst': (119, 5), 'tst': 2}, {'pst': (61, 10), 'tst': 1}, {'pst': (122, 18), 'tst': 1}, {'pst': (123, 14), 'tst': 0}, {'pst': (114, 3), 'tst': 0}]",0.6165156384342474,8.344182497909522
124,4,,"[0, 1, 2, 3, 4, 5, 6, 7, 8, 9, 10, 11, 12, 13, 14, 15, 16, 17, 18, 19]","[{'pst': (109, 18), 'tst': 5}, {'pst': (97, 10), 'tst': 3}, {'pst': (114, 14), 'tst': 3}, {'pst': (121, 4), 'tst': 2}, {'pst': (84, 2), 'tst': 1}, {'pst': (116, 16), 'tst': 1}, {'pst': (122, 13), 'tst': 0}, {'pst': (110, 14), 'tst': 0}]",0.6027557851840999,7.806745292134617
124,5,,"[0, 1, 2, 3, 4, 5, 6, 7, 8, 9, 10, 11, 12, 13, 14, 15, 16, 17, 18, 19]","[{'pst': (119, 5), 'tst': 4}, {'pst': (109, 10), 'tst': 4}, {'pst': (96, 14), 'tst': 3}, {'pst': (114, 4), 'tst': 2}, {'pst': (105, 15), 'tst': 2}, {'pst': (111, 14), 'tst': 1}, {'pst': (96, 8), 'tst': 1}, {'pst': (84, 9), 'tst': 0}]",0.6165156384342474,8.344182497909522
124,6,,"[0, 1, 2, 3, 4, 5, 6, 7, 8, 9, 10, 11, 12, 13, 14, 15, 16, 17, 18, 19]","[{'pst': (96, 14), 'tst': 6}, {'pst': (92, 10), 'tst': 4}, {'pst': (109, 5), 'tst': 2}, {'pst': (101, 0), 'tst': 2}, {'pst': (108, 16), 'tst': 1}, {'pst': (111, 12), 'tst': 1}, {'pst': (96, 8), 'tst': 0}, {'pst': (122, 2), 'tst': 0}]",0.6165156384342474,8.344182497909522
124,7,"{'text': 'If you want to legalize drugs, then you should also legalize prostitution.'}","[0, 1, 2, 3, 4, 5, 6, 7, 8, 9, 10, 11, 12, 13, 14, 15, 16, 17, 18, 19]","[{'pst': (98, 4), 'tst': 4}, {'pst': (92, 10), 'tst': 3}, {'pst': (105, 15), 'tst': 3}, {'pst': (118, 4), 'tst': 2}, {'pst': (117, 7), 'tst': 1}, {'pst': (108, 6), 'tst': 1}, {'pst': (123, 10), 'tst': 0}, {'pst': (123, 8), 'tst': 0}]",0.6165156384342474,8.344182497909522
124,8,,"[0, 1, 2, 3, 4, 5, 6, 7, 8, 9, 10, 11, 12, 13, 14, 15, 16, 17, 18, 19]","[{'pst': (117, 8), 'tst': 6}, {'pst': (119, 2), 'tst': 4}, {'pst': (121, 8), 'tst': 2}, {'pst': (92, 10), 'tst': 2}, {'pst': (122, 8), 'tst': 1}, {'pst': (117, 16), 'tst': 1}, {'pst': (123, 8), 'tst': 0}, {'pst': (121, 4), 'tst': 0}]",0.6165156384342474,8.344182497909522
124,9,,"[0, 1, 2, 3, 4, 5, 6, 7, 8, 9, 10, 11, 12, 13, 14, 15, 16, 17, 18, 19]","[{'pst': (95, 5), 'tst': 5}, {'pst': (113, 13), 'tst': 4}, {'pst': (96, 14), 'tst': 3}, {'pst': (121, 9), 'tst': 2}, {'pst': (61, 10), 'tst': 2}, {'pst': (114, 3), 'tst': 1}, {'pst': (123, 9), 'tst': 0}, {'pst': (117, 8), 'tst': 0}]",0.6165156384342474,8.344182497909522
124,10,"{'text': 'If you want to legalize drugs, then you should also legalize prostitution.'}","[0, 1, 2, 3, 4, 5, 6, 7, 8, 9, 10, 11, 12, 13, 14, 15, 16, 17, 18, 19]","[{'pst': (104, 11), 'tst': 4}, {'pst': (97, 10), 'tst': 3}, {'pst': (117, 16), 'tst': 3}, {'pst': (116, 2), 'tst': 2}, {'pst': (99, 7), 'tst': 2}, {'pst': (103, 2), 'tst': 1}, {'pst': (114, 3), 'tst': 1}, {'pst': (123, 10), 'tst': 0}]",0.6165156384342474,8.344182497909522
124,11,,"[0, 1, 2, 3, 4, 5, 6, 7, 8, 9, 10, 11, 12, 13, 14, 15, 16, 17, 18, 19]","[{'pst': (117, 19), 'tst': 5}, {'pst': (114, 14), 'tst': 5}, {'pst': (110, 14), 'tst': 3}, {'pst': (121, 11), 'tst': 2}, {'pst': (117, 8), 'tst': 2}, {'pst': (116, 2), 'tst': 1}, {'pst': (96, 8), 'tst': 1}, {'pst': (109, 18), 'tst': 0}]",0.600642358762497,7.755687645527759
124,12,,"[0, 1, 2, 3, 4, 5, 6, 7, 8, 9, 10, 11, 12, 13, 14, 15, 16, 17, 18, 19]","[{'pst': (61, 10), 'tst': 7}, {'pst': (115, 17), 'tst': 4}, {'pst': (100, 17), 'tst': 3}, {'pst': (104, 18), 'tst': 3}, {'pst': (121, 1), 'tst': 2}, {'pst': (121, 9), 'tst': 2}, {'pst': (84, 9), 'tst': 1}, {'pst': (114, 4), 'tst': 0}]",0.6165156384342474,8.344182497909522
124,13,,"[0, 1, 2, 3, 4, 5, 6, 7, 8, 9, 10, 11, 12, 13, 14, 15, 16, 17, 18, 19]","[{'pst': (114, 14), 'tst': 7}, {'pst': (117, 8), 'tst': 4}, {'pst': (100, 17), 'tst': 3}, {'pst': (121, 9), 'tst': 2}, {'pst': (122, 13), 'tst': 1}, {'pst': (121, 8), 'tst': 1}, {'pst': (84, 2), 'tst': 0}, {'pst': (116, 16), 'tst': 0}]",0.5989192480358049,8.315982677252528
124,14,,"[0, 1, 2, 3, 4, 5, 6, 7, 8, 9, 10, 11, 12, 13, 14, 15, 16, 17, 18, 19]","[{'pst': (89, 19), 'tst': 6}, {'pst': (101, 0), 'tst': 6}, {'pst': (119, 2), 'tst': 3}, {'pst': (105, 15), 'tst': 3}, {'pst': (121, 14), 'tst': 2}, {'pst': (116, 2), 'tst': 1}, {'pst': (123, 14), 'tst': 0}, {'pst': (110, 3), 'tst': 0}]",0.6165156384342474,8.344182497909522
124,15,,"[0, 1, 2, 3, 4, 5, 6, 7, 8, 9, 10, 11, 12, 13, 14, 15, 16, 17, 18, 19]","[{'pst': (119, 5), 'tst': 4}, {'pst': (89, 19), 'tst': 3}, {'pst': (110, 14), 'tst': 3}, {'pst': (113, 6), 'tst': 1}, {'pst': (112, 13), 'tst': 1}, {'pst': (117, 16), 'tst': 1}, {'pst': (121, 14), 'tst': 1}, {'pst': (123, 15), 'tst': 0}]",0.6165156384342474,8.344182497909522
124,16,,"[0, 1, 2, 3, 4, 5, 6, 7, 8, 9, 10, 11, 12, 13, 14, 15, 16, 17, 18, 19]","[{'pst': (92, 5), 'tst': 4}, {'pst': (104, 18), 'tst': 4}, {'pst': (119, 0), 'tst': 2}, {'pst': (100, 17), 'tst': 2}, {'pst': (122, 13), 'tst': 1}, {'pst': (109, 5), 'tst': 1}, {'pst': (121, 9), 'tst': 0}, {'pst': (110, 7), 'tst': 0}]",0.6165156384342474,8.344182497909522
124,17,,"[0, 1, 2, 3, 4, 5, 6, 7, 8, 9, 10, 11, 12, 13, 14, 15, 16, 17, 18, 19]","[{'pst': (117, 7), 'tst': 4}, {'pst': (119, 2), 'tst': 3}, {'pst': (110, 7), 'tst': 2}, {'pst': (121, 14), 'tst': 2}, {'pst': (122, 17), 'tst': 1}, {'pst': (120, 18), 'tst': 1}, {'pst': (101, 5), 'tst': 0}, {'pst': (100, 10), 'tst': 0}]",0.5063286544961123,6.476345072781321
124,18,"{'text': 'If you want to legalize drugs, then you should also legalize prostitution.'}","[0, 1, 2, 3, 4, 5, 6, 7, 8, 9, 10, 11, 12, 13, 14, 15, 16, 17, 18, 19]","[{'pst': (113, 6), 'tst': 8}, {'pst': (116, 16), 'tst': 4}, {'pst': (107, 5), 'tst': 3}, {'pst': (97, 10), 'tst': 2}, {'pst': (122, 18), 'tst': 1}, {'pst': (100, 10), 'tst': 1}, {'pst': (103, 2), 'tst': 0}, {'pst': (117, 8), 'tst': 0}]",0.5231127785215662,6.610595420352757
124,19,"{'text': 'If you want to legalize drugs, then you should also legalize prostitution.'}","[0, 1, 2, 3, 4, 5, 6, 7, 8, 9, 10, 11, 12, 13, 14, 15, 16, 17, 18, 19]","[{'pst': (113, 6), 'tst': 6}, {'pst': (117, 7), 'tst': 4}, {'pst': (103, 14), 'tst': 3}, {'pst': (61, 10), 'tst': 2}, {'pst': (111, 19), 'tst': 2}, {'pst': (112, 13), 'tst': 1}, {'pst': (114, 4), 'tst': 0}, {'pst': (123, 15), 'tst': 0}]",0.6165156384342474,8.344182497909522
125,0,"{'text': 'If you want to legalize drugs, then you should also legalize prostitution.'}","[0, 1, 2, 3, 4, 5, 6, 7, 8, 9, 10, 11, 12, 13, 14, 15, 16, 17, 18, 19]","[{'pst': (119, 0), 'tst': 5}, {'pst': (109, 18), 'tst': 3}, {'pst': (110, 7), 'tst': 3}, {'pst': (117, 19), 'tst': 2}, {'pst': (116, 16), 'tst': 2}, {'pst': (121, 14), 'tst': 1}, {'pst': (108, 16), 'tst': 0}, {'pst': (123, 15), 'tst': 0}]",0.6165156384342474,8.344182497909522
125,1,,"[0, 1, 2, 3, 4, 5, 6, 7, 8, 9, 10, 11, 12, 13, 14, 15, 16, 17, 18, 19]","[{'pst': (114, 3), 'tst': 7}, {'pst': (103, 2), 'tst': 5}, {'pst': (84, 4), 'tst': 5}, {'pst': (117, 19), 'tst': 4}, {'pst': (123, 1), 'tst': 1}, {'pst': (84, 2), 'tst': 1}, {'pst': (111, 14), 'tst': 0}, {'pst': (123, 9), 'tst': 0}]",0.5261791100666078,6.627226733645026
125,2,"{'text': 'If you want to legalize drugs, then you should also legalize prostitution.'}","[0, 1, 2, 3, 4, 5, 6, 7, 8, 9, 10, 11, 12, 13, 14, 15, 16, 17, 18, 19]","[{'pst': (119, 2), 'tst': 5}, {'pst': (117, 8), 'tst': 5}, {'pst': (111, 14), 'tst': 3}, {'pst': (122, 2), 'tst': 2}, {'pst': (122, 17), 'tst': 2}, {'pst': (113, 11), 'tst': 1}, {'pst': (124, 19), 'tst': 0}, {'pst': (111, 12), 'tst': 0}]",0.6165156384342474,8.344182497909522
125,3,,"[0, 1, 2, 3, 4, 5, 6, 7, 8, 9, 10, 11, 12, 13, 14, 15, 16, 17, 18, 19]","[{'pst': (119, 2), 'tst': 5}, {'pst': (121, 3), 'tst': 3}, {'pst': (119, 5), 'tst': 3}, {'pst': (122, 18), 'tst': 2}, {'pst': (123, 14), 'tst': 1}, {'pst': (114, 3), 'tst': 1}, {'pst': (124, 3), 'tst': 0}, {'pst': (117, 19), 'tst': 0}]",0.6165156384342474,8.344182497909522
125,4,,"[0, 1, 2, 3, 4, 5, 6, 7, 8, 9, 10, 11, 12, 13, 14, 15, 16, 17, 18, 19]","[{'pst': (97, 10), 'tst': 4}, {'pst': (114, 14), 'tst': 4}, {'pst': (84, 2), 'tst': 2}, {'pst': (116, 16), 'tst': 2}, {'pst': (122, 13), 'tst': 1}, {'pst': (110, 14), 'tst': 1}, {'pst': (107, 5), 'tst': 0}, {'pst': (96, 8), 'tst': 0}]",0.600642358762497,7.755687645527759
125,5,,"[0, 1, 2, 3, 4, 5, 6, 7, 8, 9, 10, 11, 12, 13, 14, 15, 16, 17, 18, 19]","[{'pst': (119, 5), 'tst': 5}, {'pst': (109, 10), 'tst': 5}, {'pst': (96, 14), 'tst': 4}, {'pst': (105, 15), 'tst': 3}, {'pst': (111, 14), 'tst': 2}, {'pst': (96, 8), 'tst': 2}, {'pst': (84, 9), 'tst': 1}, {'pst': (111, 19), 'tst': 0}]",0.6165156384342474,8.344182497909522
125,6,,"[0, 1, 2, 3, 4, 5, 6, 7, 8, 9, 10, 11, 12, 13, 14, 15, 16, 17, 18, 19]","[{'pst': (92, 10), 'tst': 5}, {'pst': (109, 5), 'tst': 3}, {'pst': (101, 0), 'tst': 3}, {'pst': (108, 16), 'tst': 2}, {'pst': (111, 12), 'tst': 2}, {'pst': (96, 8), 'tst': 1}, {'pst': (122, 2), 'tst': 1}, {'pst': (117, 7), 'tst': 0}]",0.6165156384342474,8.344182497909522
125,7,,"[0, 1, 2, 3, 4, 5, 6, 7, 8, 9, 10, 11, 12, 13, 14, 15, 16, 17, 18, 19]","[{'pst': (98, 4), 'tst': 5}, {'pst': (105, 15), 'tst': 4}, {'pst': (117, 7), 'tst': 2}, {'pst': (108, 6), 'tst': 2}, {'pst': (123, 10), 'tst': 1}, {'pst': (123, 8), 'tst': 1}, {'pst': (124, 7), 'tst': 0}, {'pst': (113, 1), 'tst': 0}]",0.6165156384342474,8.344182497909522
125,8,,"[0, 1, 2, 3, 4, 5, 6, 7, 8, 9, 10, 11, 12, 13, 14, 15, 16, 17, 18, 19]","[{'pst': (121, 8), 'tst': 3}, {'pst': (92, 10), 'tst': 3}, {'pst': (122, 8), 'tst': 2}, {'pst': (117, 16), 'tst': 2}, {'pst': (123, 8), 'tst': 1}, {'pst': (121, 4), 'tst': 1}, {'pst': (124, 19), 'tst': 0}, {'pst': (113, 13), 'tst': 0}]",0.6165156384342474,8.344182497909522
125,9,,"[0, 1, 2, 3, 4, 5, 6, 7, 8, 9, 10, 11, 12, 13, 14, 15, 16, 17, 18, 19]","[{'pst': (113, 13), 'tst': 5}, {'pst': (96, 14), 'tst': 4}, {'pst': (121, 9), 'tst': 3}, {'pst': (61, 10), 'tst': 3}, {'pst': (123, 9), 'tst': 1}, {'pst': (117, 8), 'tst': 1}, {'pst': (84, 4), 'tst': 0}, {'pst': (108, 6), 'tst': 0}]",0.6165156384342474,8.344182497909522
125,10,"{'text': 'If you want to legalize drugs, then you should also legalize prostitution.'}","[0, 1, 2, 3, 4, 5, 6, 7, 8, 9, 10, 11, 12, 13, 14, 15, 16, 17, 18, 19]","[{'pst': (104, 11), 'tst': 5}, {'pst': (97, 10), 'tst': 4}, {'pst': (116, 2), 'tst': 3}, {'pst': (99, 7), 'tst': 3}, {'pst': (103, 2), 'tst': 2}, {'pst': (114, 3), 'tst': 2}, {'pst': (123, 10), 'tst': 1}, {'pst': (124, 10), 'tst': 0}]",0.6165156384342474,8.344182497909522
125,11,,"[0, 1, 2, 3, 4, 5, 6, 7, 8, 9, 10, 11, 12, 13, 14, 15, 16, 17, 18, 19]","[{'pst': (117, 19), 'tst': 6}, {'pst': (121, 11), 'tst': 3}, {'pst': (117, 8), 'tst': 3}, {'pst': (116, 2), 'tst': 2}, {'pst': (96, 8), 'tst': 2}, {'pst': (109, 18), 'tst': 1}, {'pst': (121, 1), 'tst': 0}, {'pst': (101, 5), 'tst': 0}]",0.6165156384342474,8.344182497909522
125,12,,"[0, 1, 2, 3, 4, 5, 6, 7, 8, 9, 10, 11, 12, 13, 14, 15, 16, 17, 18, 19]","[{'pst': (61, 10), 'tst': 8}, {'pst': (115, 17), 'tst': 5}, {'pst': (104, 18), 'tst': 4}, {'pst': (121, 1), 'tst': 3}, {'pst': (121, 9), 'tst': 3}, {'pst': (84, 9), 'tst': 2}, {'pst': (114, 4), 'tst': 1}, {'pst': (119, 2), 'tst': 0}]",0.6165156384342474,8.344182497909522
125,13,,"[0, 1, 2, 3, 4, 5, 6, 7, 8, 9, 10, 11, 12, 13, 14, 15, 16, 17, 18, 19]","[{'pst': (114, 14), 'tst': 8}, {'pst': (100, 17), 'tst': 4}, {'pst': (121, 9), 'tst': 3}, {'pst': (122, 13), 'tst': 2}, {'pst': (84, 2), 'tst': 1}, {'pst': (116, 16), 'tst': 1}, {'pst': (89, 19), 'tst': 0}, {'pst': (119, 2), 'tst': 0}]",0.5989192480358049,8.315982677252528
125,14,,"[0, 1, 2, 3, 4, 5, 6, 7, 8, 9, 10, 11, 12, 13, 14, 15, 16, 17, 18, 19]","[{'pst': (101, 0), 'tst': 7}, {'pst': (119, 2), 'tst': 4}, {'pst': (105, 15), 'tst': 4}, {'pst': (121, 14), 'tst': 3}, {'pst': (123, 14), 'tst': 1}, {'pst': (110, 3), 'tst': 1}, {'pst': (113, 13), 'tst': 0}, {'pst': (124, 3), 'tst': 0}]",0.6165156384342474,8.344182497909522
125,15,,"[0, 1, 2, 3, 4, 5, 6, 7, 8, 9, 10, 11, 12, 13, 14, 15, 16, 17, 18, 19]","[{'pst': (119, 5), 'tst': 5}, {'pst': (89, 19), 'tst': 4}, {'pst': (113, 6), 'tst': 2}, {'pst': (117, 16), 'tst': 2}, {'pst': (121, 14), 'tst': 2}, {'pst': (123, 15), 'tst': 1}, {'pst': (124, 18), 'tst': 0}, {'pst': (110, 3), 'tst': 0}]",0.6165156384342474,8.344182497909522
125,16,,"[0, 1, 2, 3, 4, 5, 6, 7, 8, 9, 10, 11, 12, 13, 14, 15, 16, 17, 18, 19]","[{'pst': (104, 18), 'tst': 5}, {'pst': (100, 17), 'tst': 3}, {'pst': (122, 13), 'tst': 2}, {'pst': (109, 5), 'tst': 2}, {'pst': (121, 9), 'tst': 1}, {'pst': (110, 7), 'tst': 1}, {'pst': (89, 19), 'tst': 0}, {'pst': (119, 5), 'tst': 0}]",0.6165156384342474,8.344182497909522
125,17,,"[0, 1, 2, 3, 4, 5, 6, 7, 8, 9, 10, 11, 12, 13, 14, 15, 16, 17, 18, 19]","[{'pst': (119, 2), 'tst': 4}, {'pst': (110, 7), 'tst': 3}, {'pst': (122, 17), 'tst': 2}, {'pst': (120, 18), 'tst': 2}, {'pst': (101, 5), 'tst': 1}, {'pst': (100, 10), 'tst': 1}, {'pst': (110, 14), 'tst': 0}, {'pst': (117, 16), 'tst': 0}]",0.5231127785215662,6.610595420352757
125,18,,"[0, 1, 2, 3, 4, 5, 6, 7, 8, 9, 10, 11, 12, 13, 14, 15, 16, 17, 18, 19]","[{'pst': (113, 6), 'tst': 9}, {'pst': (107, 5), 'tst': 4}, {'pst': (122, 18), 'tst': 2}, {'pst': (100, 10), 'tst': 2}, {'pst': (103, 2), 'tst': 1}, {'pst': (117, 8), 'tst': 1}, {'pst': (124, 18), 'tst': 0}, {'pst': (61, 10), 'tst': 0}]",0.53156744635619,6.67396300690292
125,19,"{'text': 'If you want to legalize drugs, then you should also legalize prostitution.'}","[0, 1, 2, 3, 4, 5, 6, 7, 8, 9, 10, 11, 12, 13, 14, 15, 16, 17, 18, 19]","[{'pst': (117, 7), 'tst': 5}, {'pst': (103, 14), 'tst': 4}, {'pst': (111, 19), 'tst': 3}, {'pst': (112, 13), 'tst': 2}, {'pst': (114, 4), 'tst': 1}, {'pst': (123, 15), 'tst': 1}, {'pst': (124, 19), 'tst': 0}, {'pst': (121, 9), 'tst': 0}]",0.6165156384342474,8.344182497909522
126,0,,"[0, 1, 2, 3, 4, 5, 6, 7, 8, 9, 10, 11, 12, 13, 14, 15, 16, 17, 18, 19]","[{'pst': (109, 18), 'tst': 4}, {'pst': (110, 7), 'tst': 4}, {'pst': (116, 16), 'tst': 3}, {'pst': (121, 14), 'tst': 2}, {'pst': (108, 16), 'tst': 1}, {'pst': (123, 15), 'tst': 1}, {'pst': (125, 0), 'tst': 0}, {'pst': (122, 18), 'tst': 0}]",0.6165156384342474,8.344182497909522
126,1,"{'text': 'If you want to legalize drugs, then you should also legalize prostitution.'}","[0, 1, 2, 3, 4, 5, 6, 7, 8, 9, 10, 11, 12, 13, 14, 15, 16, 17, 18, 19]","[{'pst': (103, 2), 'tst': 6}, {'pst': (117, 19), 'tst': 5}, {'pst': (123, 1), 'tst': 2}, {'pst': (84, 2), 'tst': 2}, {'pst': (111, 14), 'tst': 1}, {'pst': (123, 9), 'tst': 1}, {'pst': (124, 10), 'tst': 0}, {'pst': (124, 3), 'tst': 0}]",0.5368542988154407,6.724980979385791
126,2,,"[0, 1, 2, 3, 4, 5, 6, 7, 8, 9, 10, 11, 12, 13, 14, 15, 16, 17, 18, 19]","[{'pst': (117, 8), 'tst': 6}, {'pst': (111, 14), 'tst': 4}, {'pst': (122, 2), 'tst': 3}, {'pst': (122, 17), 'tst': 3}, {'pst': (113, 11), 'tst': 2}, {'pst': (124, 19), 'tst': 1}, {'pst': (111, 12), 'tst': 1}, {'pst': (125, 2), 'tst': 0}]",0.6165156384342474,8.344182497909522
126,3,,"[0, 1, 2, 3, 4, 5, 6, 7, 8, 9, 10, 11, 12, 13, 14, 15, 16, 17, 18, 19]","[{'pst': (119, 2), 'tst': 6}, {'pst': (121, 3), 'tst': 4}, {'pst': (122, 18), 'tst': 3}, {'pst': (114, 3), 'tst': 2}, {'pst': (124, 3), 'tst': 1}, {'pst': (117, 19), 'tst': 1}, {'pst': (125, 10), 'tst': 0}, {'pst': (104, 18), 'tst': 0}]",0.6165156384342474,8.344182497909522
126,4,,"[0, 1, 2, 3, 4, 5, 6, 7, 8, 9, 10, 11, 12, 13, 14, 15, 16, 17, 18, 19]","[{'pst': (84, 2), 'tst': 3}, {'pst': (116, 16), 'tst': 3}, {'pst': (122, 13), 'tst': 2}, {'pst': (110, 14), 'tst': 2}, {'pst': (107, 5), 'tst': 1}, {'pst': (96, 8), 'tst': 1}, {'pst': (124, 10), 'tst': 0}, {'pst': (115, 17), 'tst': 0}]",0.6165156384342474,8.344182497909522
126,5,,"[0, 1, 2, 3, 4, 5, 6, 7, 8, 9, 10, 11, 12, 13, 14, 15, 16, 17, 18, 19]","[{'pst': (109, 10), 'tst': 6}, {'pst': (96, 14), 'tst': 5}, {'pst': (111, 14), 'tst': 3}, {'pst': (96, 8), 'tst': 3}, {'pst': (84, 9), 'tst': 2}, {'pst': (111, 19), 'tst': 1}, {'pst': (117, 7), 'tst': 0}, {'pst': (113, 6), 'tst': 0}]",0.6165156384342474,8.344182497909522
126,6,"{'text': 'If you want to legalize drugs, then you should also legalize prostitution.'}","[0, 1, 2, 3, 4, 5, 6, 7, 8, 9, 10, 11, 12, 13, 14, 15, 16, 17, 18, 19]","[{'pst': (92, 10), 'tst': 6}, {'pst': (109, 5), 'tst': 4}, {'pst': (111, 12), 'tst': 3}, {'pst': (96, 8), 'tst': 2}, {'pst': (122, 2), 'tst': 2}, {'pst': (117, 7), 'tst': 1}, {'pst': (84, 4), 'tst': 0}, {'pst': (116, 2), 'tst': 0}]",0.6165156384342474,8.344182497909522
126,7,,"[0, 1, 2, 3, 4, 5, 6, 7, 8, 9, 10, 11, 12, 13, 14, 15, 16, 17, 18, 19]","[{'pst': (105, 15), 'tst': 5}, {'pst': (117, 7), 'tst': 3}, {'pst': (108, 6), 'tst': 3}, {'pst': (123, 10), 'tst': 2}, {'pst': (123, 8), 'tst': 2}, {'pst': (124, 7), 'tst': 1}, {'pst': (113, 1), 'tst': 1}, {'pst': (104, 11), 'tst': 0}]",0.6165156384342474,8.344182497909522
126,8,"{'text': 'If you want to legalize drugs, then you should also legalize prostitution.'}","[0, 1, 2, 3, 4, 5, 6, 7, 8, 9, 10, 11, 12, 13, 14, 15, 16, 17, 18, 19]","[{'pst': (121, 8), 'tst': 4}, {'pst': (92, 10), 'tst': 4}, {'pst': (122, 8), 'tst': 3}, {'pst': (121, 4), 'tst': 2}, {'pst': (124, 19), 'tst': 1}, {'pst': (113, 13), 'tst': 1}, {'pst': (111, 19), 'tst': 0}, {'pst': (123, 8), 'tst': 0}]",0.6165156384342474,8.344182497909522
126,9,,"[0, 1, 2, 3, 4, 5, 6, 7, 8, 9, 10, 11, 12, 13, 14, 15, 16, 17, 18, 19]","[{'pst': (96, 14), 'tst': 5}, {'pst': (121, 9), 'tst': 4}, {'pst': (123, 9), 'tst': 2}, {'pst': (117, 8), 'tst': 2}, {'pst': (84, 4), 'tst': 1}, {'pst': (108, 6), 'tst': 1}, {'pst': (109, 18), 'tst': 0}, {'pst': (119, 5), 'tst': 0}]",0.6165156384342474,8.344182497909522
126,10,,"[0, 1, 2, 3, 4, 5, 6, 7, 8, 9, 10, 11, 12, 13, 14, 15, 16, 17, 18, 19]","[{'pst': (104, 11), 'tst': 6}, {'pst': (97, 10), 'tst': 5}, {'pst': (99, 7), 'tst': 4}, {'pst': (103, 2), 'tst': 3}, {'pst': (123, 10), 'tst': 2}, {'pst': (124, 10), 'tst': 1}, {'pst': (125, 10), 'tst': 0}, {'pst': (103, 14), 'tst': 0}]",0.6165156384342474,8.344182497909522
126,11,,"[0, 1, 2, 3, 4, 5, 6, 7, 8, 9, 10, 11, 12, 13, 14, 15, 16, 17, 18, 19]","[{'pst': (117, 19), 'tst': 7}, {'pst': (116, 2), 'tst': 3}, {'pst': (96, 8), 'tst': 3}, {'pst': (109, 18), 'tst': 2}, {'pst': (121, 1), 'tst': 1}, {'pst': (101, 5), 'tst': 1}, {'pst': (121, 8), 'tst': 0}, {'pst': (107, 5), 'tst': 0}]",0.6165156384342474,8.344182497909522
126,12,,"[0, 1, 2, 3, 4, 5, 6, 7, 8, 9, 10, 11, 12, 13, 14, 15, 16, 17, 18, 19]","[{'pst': (115, 17), 'tst': 6}, {'pst': (121, 1), 'tst': 4}, {'pst': (121, 9), 'tst': 4}, {'pst': (84, 9), 'tst': 3}, {'pst': (114, 4), 'tst': 2}, {'pst': (119, 2), 'tst': 1}, {'pst': (111, 14), 'tst': 0}, {'pst': (117, 19), 'tst': 0}]",0.6165156384342474,8.344182497909522
126,13,,"[0, 1, 2, 3, 4, 5, 6, 7, 8, 9, 10, 11, 12, 13, 14, 15, 16, 17, 18, 19]","[{'pst': (114, 14), 'tst': 9}, {'pst': (122, 13), 'tst': 3}, {'pst': (84, 2), 'tst': 2}, {'pst': (116, 16), 'tst': 2}, {'pst': (89, 19), 'tst': 1}, {'pst': (119, 2), 'tst': 1}, {'pst': (123, 9), 'tst': 0}, {'pst': (101, 0), 'tst': 0}]",0.5989192480358049,8.315982677252528
126,14,,"[0, 1, 2, 3, 4, 5, 6, 7, 8, 9, 10, 11, 12, 13, 14, 15, 16, 17, 18, 19]","[{'pst': (119, 2), 'tst': 5}, {'pst': (105, 15), 'tst': 5}, {'pst': (121, 14), 'tst': 4}, {'pst': (123, 14), 'tst': 2}, {'pst': (110, 3), 'tst': 2}, {'pst': (113, 13), 'tst': 1}, {'pst': (124, 3), 'tst': 1}, {'pst': (117, 7), 'tst': 0}]",0.6165156384342474,8.344182497909522
126,15,,"[0, 1, 2, 3, 4, 5, 6, 7, 8, 9, 10, 11, 12, 13, 14, 15, 16, 17, 18, 19]","[{'pst': (89, 19), 'tst': 5}, {'pst': (117, 16), 'tst': 3}, {'pst': (121, 14), 'tst': 3}, {'pst': (123, 15), 'tst': 2}, {'pst': (124, 18), 'tst': 1}, {'pst': (110, 3), 'tst': 1}, {'pst': (113, 11), 'tst': 0}, {'pst': (96, 8), 'tst': 0}]",0.6165156384342474,8.344182497909522
126,16,,"[0, 1, 2, 3, 4, 5, 6, 7, 8, 9, 10, 11, 12, 13, 14, 15, 16, 17, 18, 19]","[{'pst': (100, 17), 'tst': 4}, {'pst': (109, 5), 'tst': 3}, {'pst': (121, 9), 'tst': 2}, {'pst': (110, 7), 'tst': 2}, {'pst': (89, 19), 'tst': 1}, {'pst': (119, 5), 'tst': 1}, {'pst': (84, 2), 'tst': 0}, {'pst': (124, 10), 'tst': 0}]",0.6165156384342474,8.344182497909522
126,17,"{'text': 'If you want to legalize drugs, then you should also legalize prostitution.'}","[0, 1, 2, 3, 4, 5, 6, 7, 8, 9, 10, 11, 12, 13, 14, 15, 16, 17, 18, 19]","[{'pst': (119, 2), 'tst': 5}, {'pst': (120, 18), 'tst': 3}, {'pst': (101, 5), 'tst': 2}, {'pst': (100, 10), 'tst': 2}, {'pst': (110, 14), 'tst': 1}, {'pst': (117, 16), 'tst': 1}, {'pst': (124, 10), 'tst': 0}, {'pst': (113, 11), 'tst': 0}]",0.53156744635619,6.67396300690292
126,18,"{'text': 'If you want to legalize drugs, then you should also legalize prostitution.'}","[0, 1, 2, 3, 4, 5, 6, 7, 8, 9, 10, 11, 12, 13, 14, 15, 16, 17, 18, 19]","[{'pst': (113, 6), 'tst': 10}, {'pst': (100, 10), 'tst': 3}, {'pst': (103, 2), 'tst': 2}, {'pst': (117, 8), 'tst': 2}, {'pst': (124, 18), 'tst': 1}, {'pst': (61, 10), 'tst': 1}, {'pst': (109, 10), 'tst': 0}, {'pst': (111, 19), 'tst': 0}]",0.5439009742067954,6.724452343572866
126,19,,"[0, 1, 2, 3, 4, 5, 6, 7, 8, 9, 10, 11, 12, 13, 14, 15, 16, 17, 18, 19]","[{'pst': (103, 14), 'tst': 5}, {'pst': (111, 19), 'tst': 4}, {'pst': (112, 13), 'tst': 3}, {'pst': (114, 4), 'tst': 2}, {'pst': (124, 19), 'tst': 1}, {'pst': (121, 9), 'tst': 1}, {'pst': (125, 19), 'tst': 0}, {'pst': (117, 16), 'tst': 0}]",0.6165156384342474,8.344182497909522
127,0,,"[0, 1, 2, 3, 4, 5, 6, 7, 8, 9, 10, 11, 12, 13, 14, 15, 16, 17, 18, 19]","[{'pst': (110, 7), 'tst': 5}, {'pst': (121, 14), 'tst': 3}, {'pst': (108, 16), 'tst': 2}, {'pst': (123, 15), 'tst': 2}, {'pst': (125, 0), 'tst': 1}, {'pst': (122, 18), 'tst': 1}, {'pst': (119, 5), 'tst': 0}, {'pst': (126, 6), 'tst': 0}]",0.6165156384342474,8.344182497909522
127,1,,"[0, 1, 2, 3, 4, 5, 6, 7, 8, 9, 10, 11, 12, 13, 14, 15, 16, 17, 18, 19]","[{'pst': (103, 2), 'tst': 7}, {'pst': (123, 1), 'tst': 3}, {'pst': (84, 2), 'tst': 3}, {'pst': (111, 14), 'tst': 2}, {'pst': (123, 9), 'tst': 2}, {'pst': (124, 10), 'tst': 1}, {'pst': (124, 3), 'tst': 1}, {'pst': (126, 1), 'tst': 0}]",0.5439009742067954,6.724452343572866
127,2,,"[0, 1, 2, 3, 4, 5, 6, 7, 8, 9, 10, 11, 12, 13, 14, 15, 16, 17, 18, 19]","[{'pst': (111, 14), 'tst': 5}, {'pst': (122, 2), 'tst': 4}, {'pst': (122, 17), 'tst': 4}, {'pst': (124, 19), 'tst': 2}, {'pst': (111, 12), 'tst': 2}, {'pst': (125, 2), 'tst': 1}, {'pst': (126, 1), 'tst': 0}, {'pst': (123, 8), 'tst': 0}]",0.6165156384342474,8.344182497909522
127,3,"{'text': 'If you want to legalize drugs, then you should also legalize prostitution.'}","[0, 1, 2, 3, 4, 5, 6, 7, 8, 9, 10, 11, 12, 13, 14, 15, 16, 17, 18, 19]","[{'pst': (121, 3), 'tst': 5}, {'pst': (122, 18), 'tst': 4}, {'pst': (114, 3), 'tst': 3}, {'pst': (124, 3), 'tst': 2}, {'pst': (125, 10), 'tst': 1}, {'pst': (104, 18), 'tst': 1}, {'pst': (122, 8), 'tst': 0}, {'pst': (96, 14), 'tst': 0}]",0.6165156384342474,8.344182497909522
127,4,,"[0, 1, 2, 3, 4, 5, 6, 7, 8, 9, 10, 11, 12, 13, 14, 15, 16, 17, 18, 19]","[{'pst': (116, 16), 'tst': 4}, {'pst': (110, 14), 'tst': 3}, {'pst': (107, 5), 'tst': 2}, {'pst': (96, 8), 'tst': 2}, {'pst': (124, 10), 'tst': 1}, {'pst': (115, 17), 'tst': 1}, {'pst': (125, 19), 'tst': 0}, {'pst': (99, 7), 'tst': 0}]",0.6165156384342474,8.344182497909522
127,5,,"[0, 1, 2, 3, 4, 5, 6, 7, 8, 9, 10, 11, 12, 13, 14, 15, 16, 17, 18, 19]","[{'pst': (109, 10), 'tst': 7}, {'pst': (96, 14), 'tst': 6}, {'pst': (111, 14), 'tst': 4}, {'pst': (111, 19), 'tst': 2}, {'pst': (117, 7), 'tst': 1}, {'pst': (113, 6), 'tst': 1}, {'pst': (126, 1), 'tst': 0}, {'pst': (121, 9), 'tst': 0}]",0.6165156384342474,8.344182497909522
127,6,,"[0, 1, 2, 3, 4, 5, 6, 7, 8, 9, 10, 11, 12, 13, 14, 15, 16, 17, 18, 19]","[{'pst': (111, 12), 'tst': 4}, {'pst': (96, 8), 'tst': 3}, {'pst': (122, 2), 'tst': 3}, {'pst': (117, 7), 'tst': 2}, {'pst': (84, 4), 'tst': 1}, {'pst': (116, 2), 'tst': 1}, {'pst': (126, 6), 'tst': 0}, {'pst': (110, 7), 'tst': 0}]",0.6165156384342474,8.344182497909522
127,7,,"[0, 1, 2, 3, 4, 5, 6, 7, 8, 9, 10, 11, 12, 13, 14, 15, 16, 17, 18, 19]","[{'pst': (105, 15), 'tst': 6}, {'pst': (117, 7), 'tst': 4}, {'pst': (108, 6), 'tst': 4}, {'pst': (124, 7), 'tst': 2}, {'pst': (113, 1), 'tst': 2}, {'pst': (104, 11), 'tst': 1}, {'pst': (113, 6), 'tst': 0}, {'pst': (122, 8), 'tst': 0}]",0.6165156384342474,8.344182497909522
127,8,"{'text': 'If you want to legalize drugs, then you should also legalize prostitution.'}","[0, 1, 2, 3, 4, 5, 6, 7, 8, 9, 10, 11, 12, 13, 14, 15, 16, 17, 18, 19]","[{'pst': (121, 8), 'tst': 5}, {'pst': (122, 8), 'tst': 4}, {'pst': (121, 4), 'tst': 3}, {'pst': (124, 19), 'tst': 2}, {'pst': (111, 19), 'tst': 1}, {'pst': (123, 8), 'tst': 1}, {'pst': (126, 8), 'tst': 0}, {'pst': (107, 5), 'tst': 0}]",0.6165156384342474,8.344182497909522
127,9,,"[0, 1, 2, 3, 4, 5, 6, 7, 8, 9, 10, 11, 12, 13, 14, 15, 16, 17, 18, 19]","[{'pst': (121, 9), 'tst': 5}, {'pst': (123, 9), 'tst': 3}, {'pst': (117, 8), 'tst': 3}, {'pst': (84, 4), 'tst': 2}, {'pst': (108, 6), 'tst': 2}, {'pst': (109, 18), 'tst': 1}, {'pst': (119, 5), 'tst': 1}, {'pst': (107, 5), 'tst': 0}]",0.6165156384342474,8.344182497909522
127,10,,"[0, 1, 2, 3, 4, 5, 6, 7, 8, 9, 10, 11, 12, 13, 14, 15, 16, 17, 18, 19]","[{'pst': (104, 11), 'tst': 7}, {'pst': (97, 10), 'tst': 6}, {'pst': (103, 2), 'tst': 4}, {'pst': (123, 10), 'tst': 3}, {'pst': (125, 10), 'tst': 1}, {'pst': (103, 14), 'tst': 1}, {'pst': (123, 8), 'tst': 0}, {'pst': (122, 17), 'tst': 0}]",0.6165156384342474,8.344182497909522
127,11,,"[0, 1, 2, 3, 4, 5, 6, 7, 8, 9, 10, 11, 12, 13, 14, 15, 16, 17, 18, 19]","[{'pst': (116, 2), 'tst': 4}, {'pst': (109, 18), 'tst': 3}, {'pst': (121, 1), 'tst': 2}, {'pst': (101, 5), 'tst': 2}, {'pst': (121, 8), 'tst': 1}, {'pst': (107, 5), 'tst': 1}, {'pst': (122, 18), 'tst': 0}, {'pst': (110, 3), 'tst': 0}]",0.6165156384342474,8.344182497909522
127,12,"{'text': 'If you want to legalize drugs, then you should also legalize prostitution.'}","[0, 1, 2, 3, 4, 5, 6, 7, 8, 9, 10, 11, 12, 13, 14, 15, 16, 17, 18, 19]","[{'pst': (121, 1), 'tst': 5}, {'pst': (121, 9), 'tst': 5}, {'pst': (84, 9), 'tst': 4}, {'pst': (114, 4), 'tst': 3}, {'pst': (119, 2), 'tst': 2}, {'pst': (111, 14), 'tst': 1}, {'pst': (117, 19), 'tst': 1}, {'pst': (124, 3), 'tst': 0}]",0.6165156384342474,8.344182497909522
127,13,,"[0, 1, 2, 3, 4, 5, 6, 7, 8, 9, 10, 11, 12, 13, 14, 15, 16, 17, 18, 19]","[{'pst': (122, 13), 'tst': 4}, {'pst': (84, 2), 'tst': 3}, {'pst': (116, 16), 'tst': 3}, {'pst': (89, 19), 'tst': 2}, {'pst': (119, 2), 'tst': 2}, {'pst': (123, 9), 'tst': 1}, {'pst': (101, 0), 'tst': 1}, {'pst': (115, 17), 'tst': 0}]",0.6165156384342474,8.344182497909522
127,14,,"[0, 1, 2, 3, 4, 5, 6, 7, 8, 9, 10, 11, 12, 13, 14, 15, 16, 17, 18, 19]","[{'pst': (119, 2), 'tst': 6}, {'pst': (105, 15), 'tst': 6}, {'pst': (123, 14), 'tst': 3}, {'pst': (110, 3), 'tst': 3}, {'pst': (113, 13), 'tst': 2}, {'pst': (124, 3), 'tst': 2}, {'pst': (117, 7), 'tst': 1}, {'pst': (109, 5), 'tst': 0}]",0.6165156384342474,8.344182497909522
127,15,,"[0, 1, 2, 3, 4, 5, 6, 7, 8, 9, 10, 11, 12, 13, 14, 15, 16, 17, 18, 19]","[{'pst': (89, 19), 'tst': 6}, {'pst': (117, 16), 'tst': 4}, {'pst': (121, 14), 'tst': 4}, {'pst': (124, 18), 'tst': 2}, {'pst': (110, 3), 'tst': 2}, {'pst': (113, 11), 'tst': 1}, {'pst': (96, 8), 'tst': 1}, {'pst': (121, 9), 'tst': 0}]",0.6165156384342474,8.344182497909522
127,16,"{'text': 'If you want to legalize drugs, then you should also legalize prostitution.'}","[0, 1, 2, 3, 4, 5, 6, 7, 8, 9, 10, 11, 12, 13, 14, 15, 16, 17, 18, 19]","[{'pst': (100, 17), 'tst': 5}, {'pst': (110, 7), 'tst': 3}, {'pst': (89, 19), 'tst': 2}, {'pst': (119, 5), 'tst': 2}, {'pst': (84, 2), 'tst': 1}, {'pst': (124, 10), 'tst': 1}, {'pst': (121, 1), 'tst': 0}, {'pst': (113, 11), 'tst': 0}]",0.6165156384342474,8.344182497909522
127,17,,"[0, 1, 2, 3, 4, 5, 6, 7, 8, 9, 10, 11, 12, 13, 14, 15, 16, 17, 18, 19]","[{'pst': (120, 18), 'tst': 4}, {'pst': (101, 5), 'tst': 3}, {'pst': (110, 14), 'tst': 2}, {'pst': (117, 16), 'tst': 2}, {'pst': (124, 10), 'tst': 1}, {'pst': (113, 11), 'tst': 1}, {'pst': (126, 17), 'tst': 0}, {'pst': (89, 19), 'tst': 0}]",0.6165156384342474,8.344182497909522
127,18,,"[0, 1, 2, 3, 4, 5, 6, 7, 8, 9, 10, 11, 12, 13, 14, 15, 16, 17, 18, 19]","[{'pst': (103, 2), 'tst': 3}, {'pst': (117, 8), 'tst': 3}, {'pst': (124, 18), 'tst': 2}, {'pst': (61, 10), 'tst': 2}, {'pst': (109, 10), 'tst': 1}, {'pst': (111, 19), 'tst': 1}, {'pst': (126, 18), 'tst': 0}, {'pst': (111, 14), 'tst': 0}]",0.6165156384342474,8.344182497909522
127,19,,"[0, 1, 2, 3, 4, 5, 6, 7, 8, 9, 10, 11, 12, 13, 14, 15, 16, 17, 18, 19]","[{'pst': (103, 14), 'tst': 6}, {'pst': (111, 19), 'tst': 5}, {'pst': (112, 13), 'tst': 4}, {'pst': (124, 19), 'tst': 2}, {'pst': (121, 9), 'tst': 2}, {'pst': (125, 19), 'tst': 1}, {'pst': (117, 16), 'tst': 1}, {'pst': (117, 7), 'tst': 0}]",0.6165156384342474,8.344182497909522
128,0,,"[0, 1, 2, 3, 4, 5, 6, 7, 8, 9, 10, 11, 12, 13, 14, 15, 16, 17, 18, 19]","[{'pst': (108, 16), 'tst': 3}, {'pst': (123, 15), 'tst': 3}, {'pst': (125, 0), 'tst': 2}, {'pst': (122, 18), 'tst': 2}, {'pst': (119, 5), 'tst': 1}, {'pst': (126, 6), 'tst': 1}, {'pst': (122, 8), 'tst': 0}, {'pst': (121, 3), 'tst': 0}]",0.6165156384342474,8.344182497909522
128,1,,"[0, 1, 2, 3, 4, 5, 6, 7, 8, 9, 10, 11, 12, 13, 14, 15, 16, 17, 18, 19]","[{'pst': (103, 2), 'tst': 8}, {'pst': (84, 2), 'tst': 4}, {'pst': (111, 14), 'tst': 3}, {'pst': (123, 9), 'tst': 3}, {'pst': (124, 3), 'tst': 2}, {'pst': (126, 1), 'tst': 1}, {'pst': (119, 2), 'tst': 0}, {'pst': (126, 17), 'tst': 0}]",0.6165156384342474,8.344182497909522
128,2,,"[0, 1, 2, 3, 4, 5, 6, 7, 8, 9, 10, 11, 12, 13, 14, 15, 16, 17, 18, 19]","[{'pst': (111, 14), 'tst': 6}, {'pst': (124, 19), 'tst': 3}, {'pst': (111, 12), 'tst': 3}, {'pst': (125, 2), 'tst': 2}, {'pst': (126, 1), 'tst': 1}, {'pst': (123, 8), 'tst': 1}, {'pst': (109, 10), 'tst': 0}, {'pst': (122, 17), 'tst': 0}]",0.6165156384342474,8.344182497909522
128,3,,"[0, 1, 2, 3, 4, 5, 6, 7, 8, 9, 10, 11, 12, 13, 14, 15, 16, 17, 18, 19]","[{'pst': (122, 18), 'tst': 5}, {'pst': (124, 3), 'tst': 3}, {'pst': (125, 10), 'tst': 2}, {'pst': (104, 18), 'tst': 2}, {'pst': (122, 8), 'tst': 1}, {'pst': (96, 14), 'tst': 1}, {'pst': (127, 3), 'tst': 0}, {'pst': (125, 0), 'tst': 0}]",0.6165156384342474,8.344182497909522
128,4,,"[0, 1, 2, 3, 4, 5, 6, 7, 8, 9, 10, 11, 12, 13, 14, 15, 16, 17, 18, 19]","[{'pst': (116, 16), 'tst': 5}, {'pst': (107, 5), 'tst': 3}, {'pst': (96, 8), 'tst': 3}, {'pst': (115, 17), 'tst': 2}, {'pst': (125, 19), 'tst': 1}, {'pst': (99, 7), 'tst': 1}, {'pst': (122, 18), 'tst': 0}, {'pst': (121, 8), 'tst': 0}]",0.6165156384342474,8.344182497909522
128,5,"{'text': 'If you want to legalize drugs, then you should also legalize prostitution.'}","[0, 1, 2, 3, 4, 5, 6, 7, 8, 9, 10, 11, 12, 13, 14, 15, 16, 17, 18, 19]","[{'pst': (96, 14), 'tst': 7}, {'pst': (111, 14), 'tst': 5}, {'pst': (117, 7), 'tst': 2}, {'pst': (113, 6), 'tst': 2}, {'pst': (126, 1), 'tst': 1}, {'pst': (121, 9), 'tst': 1}, {'pst': (122, 18), 'tst': 0}, {'pst': (105, 15), 'tst': 0}]",0.6165156384342474,8.344182497909522
128,6,,"[0, 1, 2, 3, 4, 5, 6, 7, 8, 9, 10, 11, 12, 13, 14, 15, 16, 17, 18, 19]","[{'pst': (111, 12), 'tst': 5}, {'pst': (122, 2), 'tst': 4}, {'pst': (84, 4), 'tst': 2}, {'pst': (116, 2), 'tst': 2}, {'pst': (126, 6), 'tst': 1}, {'pst': (110, 7), 'tst': 1}, {'pst': (109, 10), 'tst': 0}, {'pst': (123, 8), 'tst': 0}]",0.6165156384342474,8.344182497909522
128,7,"{'text': 'If you want to legalize drugs, then you should also legalize prostitution.'}","[0, 1, 2, 3, 4, 5, 6, 7, 8, 9, 10, 11, 12, 13, 14, 15, 16, 17, 18, 19]","[{'pst': (105, 15), 'tst': 7}, {'pst': (108, 6), 'tst': 5}, {'pst': (124, 7), 'tst': 3}, {'pst': (113, 1), 'tst': 3}, {'pst': (104, 11), 'tst': 2}, {'pst': (113, 6), 'tst': 1}, {'pst': (122, 8), 'tst': 1}, {'pst': (84, 9), 'tst': 0}]",0.6165156384342474,8.344182497909522
128,8,,"[0, 1, 2, 3, 4, 5, 6, 7, 8, 9, 10, 11, 12, 13, 14, 15, 16, 17, 18, 19]","[{'pst': (121, 8), 'tst': 6}, {'pst': (124, 19), 'tst': 3}, {'pst': (111, 19), 'tst': 2}, {'pst': (123, 8), 'tst': 2}, {'pst': (126, 8), 'tst': 1}, {'pst': (107, 5), 'tst': 1}, {'pst': (127, 8), 'tst': 0}, {'pst': (111, 14), 'tst': 0}]",0.6165156384342474,8.344182497909522
128,9,,"[0, 1, 2, 3, 4, 5, 6, 7, 8, 9, 10, 11, 12, 13, 14, 15, 16, 17, 18, 19]","[{'pst': (121, 9), 'tst': 6}, {'pst': (123, 9), 'tst': 4}, {'pst': (84, 4), 'tst': 3}, {'pst': (108, 6), 'tst': 3}, {'pst': (119, 5), 'tst': 2}, {'pst': (107, 5), 'tst': 1}, {'pst': (100, 17), 'tst': 0}, {'pst': (114, 3), 'tst': 0}]",0.6165156384342474,8.344182497909522
128,10,,"[0, 1, 2, 3, 4, 5, 6, 7, 8, 9, 10, 11, 12, 13, 14, 15, 16, 17, 18, 19]","[{'pst': (103, 2), 'tst': 5}, {'pst': (123, 10), 'tst': 4}, {'pst': (125, 10), 'tst': 2}, {'pst': (103, 14), 'tst': 2}, {'pst': (123, 8), 'tst': 1}, {'pst': (122, 17), 'tst': 1}, {'pst': (117, 19), 'tst': 0}, {'pst': (123, 9), 'tst': 0}]",0.6165156384342474,8.344182497909522
128,11,,"[0, 1, 2, 3, 4, 5, 6, 7, 8, 9, 10, 11, 12, 13, 14, 15, 16, 17, 18, 19]","[{'pst': (116, 2), 'tst': 5}, {'pst': (121, 1), 'tst': 3}, {'pst': (101, 5), 'tst': 3}, {'pst': (107, 5), 'tst': 2}, {'pst': (122, 18), 'tst': 1}, {'pst': (110, 3), 'tst': 1}, {'pst': (117, 19), 'tst': 0}, {'pst': (114, 4), 'tst': 0}]",0.6165156384342474,8.344182497909522
128,12,,"[0, 1, 2, 3, 4, 5, 6, 7, 8, 9, 10, 11, 12, 13, 14, 15, 16, 17, 18, 19]","[{'pst': (121, 1), 'tst': 6}, {'pst': (84, 9), 'tst': 5}, {'pst': (119, 2), 'tst': 3}, {'pst': (111, 14), 'tst': 2}, {'pst': (117, 19), 'tst': 2}, {'pst': (124, 3), 'tst': 1}, {'pst': (127, 12), 'tst': 0}, {'pst': (114, 4), 'tst': 0}]",0.6165156384342474,8.344182497909522
128,13,"{'text': 'If you want to legalize drugs, then you should also legalize prostitution.'}","[0, 1, 2, 3, 4, 5, 6, 7, 8, 9, 10, 11, 12, 13, 14, 15, 16, 17, 18, 19]","[{'pst': (122, 13), 'tst': 5}, {'pst': (84, 2), 'tst': 4}, {'pst': (119, 2), 'tst': 3}, {'pst': (123, 9), 'tst': 2}, {'pst': (101, 0), 'tst': 2}, {'pst': (115, 17), 'tst': 1}, {'pst': (124, 18), 'tst': 0}, {'pst': (114, 4), 'tst': 0}]",0.6165156384342474,8.344182497909522
128,14,,"[0, 1, 2, 3, 4, 5, 6, 7, 8, 9, 10, 11, 12, 13, 14, 15, 16, 17, 18, 19]","[{'pst': (119, 2), 'tst': 7}, {'pst': (123, 14), 'tst': 4}, {'pst': (110, 3), 'tst': 4}, {'pst': (113, 13), 'tst': 3}, {'pst': (124, 3), 'tst': 3}, {'pst': (117, 7), 'tst': 2}, {'pst': (109, 5), 'tst': 1}, {'pst': (126, 17), 'tst': 0}]",0.6165156384342474,8.344182497909522
128,15,,"[0, 1, 2, 3, 4, 5, 6, 7, 8, 9, 10, 11, 12, 13, 14, 15, 16, 17, 18, 19]","[{'pst': (89, 19), 'tst': 7}, {'pst': (117, 16), 'tst': 5}, {'pst': (121, 14), 'tst': 5}, {'pst': (124, 18), 'tst': 3}, {'pst': (96, 8), 'tst': 2}, {'pst': (121, 9), 'tst': 1}, {'pst': (113, 6), 'tst': 0}, {'pst': (126, 8), 'tst': 0}]",0.6165156384342474,8.344182497909522
128,16,,"[0, 1, 2, 3, 4, 5, 6, 7, 8, 9, 10, 11, 12, 13, 14, 15, 16, 17, 18, 19]","[{'pst': (110, 7), 'tst': 4}, {'pst': (89, 19), 'tst': 3}, {'pst': (84, 2), 'tst': 2}, {'pst': (124, 10), 'tst': 2}, {'pst': (121, 1), 'tst': 1}, {'pst': (113, 11), 'tst': 1}, {'pst': (127, 16), 'tst': 0}, {'pst': (108, 16), 'tst': 0}]",0.6165156384342474,8.344182497909522
128,17,,"[0, 1, 2, 3, 4, 5, 6, 7, 8, 9, 10, 11, 12, 13, 14, 15, 16, 17, 18, 19]","[{'pst': (110, 14), 'tst': 3}, {'pst': (117, 16), 'tst': 3}, {'pst': (124, 10), 'tst': 2}, {'pst': (113, 11), 'tst': 2}, {'pst': (126, 17), 'tst': 1}, {'pst': (89, 19), 'tst': 1}, {'pst': (116, 16), 'tst': 0}, {'pst': (123, 9), 'tst': 0}]",0.6165156384342474,8.344182497909522
128,18,"{'text': 'If you want to legalize drugs, then you should also legalize prostitution.'}","[0, 1, 2, 3, 4, 5, 6, 7, 8, 9, 10, 11, 12, 13, 14, 15, 16, 17, 18, 19]","[{'pst': (117, 8), 'tst': 4}, {'pst': (124, 18), 'tst': 3}, {'pst': (61, 10), 'tst': 3}, {'pst': (109, 10), 'tst': 2}, {'pst': (126, 18), 'tst': 1}, {'pst': (111, 14), 'tst': 1}, {'pst': (119, 2), 'tst': 0}, {'pst': (114, 4), 'tst': 0}]",0.6165156384342474,8.344182497909522
128,19,,"[0, 1, 2, 3, 4, 5, 6, 7, 8, 9, 10, 11, 12, 13, 14, 15, 16, 17, 18, 19]","[{'pst': (103, 14), 'tst': 7}, {'pst': (111, 19), 'tst': 6}, {'pst': (124, 19), 'tst': 3}, {'pst': (121, 9), 'tst': 3}, {'pst': (117, 16), 'tst': 2}, {'pst': (117, 7), 'tst': 1}, {'pst': (117, 19), 'tst': 0}, {'pst': (123, 14), 'tst': 0}]",0.6165156384342474,8.344182497909522
129,0,,"[0, 1, 2, 3, 4, 5, 6, 7, 8, 9, 10, 11, 12, 13, 14, 15, 16, 17, 18, 19]","[{'pst': (108, 16), 'tst': 4}, {'pst': (123, 15), 'tst': 4}, {'pst': (125, 0), 'tst': 3}, {'pst': (126, 6), 'tst': 2}, {'pst': (122, 8), 'tst': 1}, {'pst': (121, 3), 'tst': 1}, {'pst': (124, 19), 'tst': 0}, {'pst': (116, 2), 'tst': 0}]",0.6165156384342474,8.344182497909522
129,1,,"[0, 1, 2, 3, 4, 5, 6, 7, 8, 9, 10, 11, 12, 13, 14, 15, 16, 17, 18, 19]","[{'pst': (103, 2), 'tst': 9}, {'pst': (111, 14), 'tst': 4}, {'pst': (123, 9), 'tst': 4}, {'pst': (126, 1), 'tst': 2}, {'pst': (119, 2), 'tst': 1}, {'pst': (126, 17), 'tst': 1}, {'pst': (122, 18), 'tst': 0}, {'pst': (117, 16), 'tst': 0}]",0.6165156384342474,8.344182497909522
129,2,,"[0, 1, 2, 3, 4, 5, 6, 7, 8, 9, 10, 11, 12, 13, 14, 15, 16, 17, 18, 19]","[{'pst': (111, 14), 'tst': 7}, {'pst': (125, 2), 'tst': 3}, {'pst': (126, 1), 'tst': 2}, {'pst': (123, 8), 'tst': 2}, {'pst': (109, 10), 'tst': 1}, {'pst': (122, 17), 'tst': 1}, {'pst': (122, 13), 'tst': 0}, {'pst': (116, 2), 'tst': 0}]",0.6165156384342474,8.344182497909522
129,3,,"[0, 1, 2, 3, 4, 5, 6, 7, 8, 9, 10, 11, 12, 13, 14, 15, 16, 17, 18, 19]","[{'pst': (124, 3), 'tst': 4}, {'pst': (125, 10), 'tst': 3}, {'pst': (122, 8), 'tst': 2}, {'pst': (96, 14), 'tst': 2}, {'pst': (127, 3), 'tst': 1}, {'pst': (125, 0), 'tst': 1}, {'pst': (107, 5), 'tst': 0}, {'pst': (122, 2), 'tst': 0}]",0.6165156384342474,8.344182497909522
129,4,"{'text': 'If you want to legalize drugs, then you should also legalize prostitution.'}","[0, 1, 2, 3, 4, 5, 6, 7, 8, 9, 10, 11, 12, 13, 14, 15, 16, 17, 18, 19]","[{'pst': (116, 16), 'tst': 6}, {'pst': (107, 5), 'tst': 4}, {'pst': (115, 17), 'tst': 3}, {'pst': (125, 19), 'tst': 2}, {'pst': (99, 7), 'tst': 2}, {'pst': (122, 18), 'tst': 1}, {'pst': (121, 8), 'tst': 1}, {'pst': (84, 9), 'tst': 0}]",0.6165156384342474,8.344182497909522
129,5,,"[0, 1, 2, 3, 4, 5, 6, 7, 8, 9, 10, 11, 12, 13, 14, 15, 16, 17, 18, 19]","[{'pst': (117, 7), 'tst': 3}, {'pst': (113, 6), 'tst': 3}, {'pst': (126, 1), 'tst': 2}, {'pst': (121, 9), 'tst': 2}, {'pst': (122, 18), 'tst': 1}, {'pst': (105, 15), 'tst': 1}, {'pst': (128, 5), 'tst': 0}, {'pst': (100, 17), 'tst': 0}]",0.6165156384342474,8.344182497909522
129,6,,"[0, 1, 2, 3, 4, 5, 6, 7, 8, 9, 10, 11, 12, 13, 14, 15, 16, 17, 18, 19]","[{'pst': (111, 12), 'tst': 6}, {'pst': (116, 2), 'tst': 3}, {'pst': (126, 6), 'tst': 2}, {'pst': (110, 7), 'tst': 2}, {'pst': (109, 10), 'tst': 1}, {'pst': (123, 8), 'tst': 1}, {'pst': (101, 5), 'tst': 0}, {'pst': (110, 14), 'tst': 0}]",0.6165156384342474,8.344182497909522
129,7,,"[0, 1, 2, 3, 4, 5, 6, 7, 8, 9, 10, 11, 12, 13, 14, 15, 16, 17, 18, 19]","[{'pst': (105, 15), 'tst': 8}, {'pst': (124, 7), 'tst': 4}, {'pst': (104, 11), 'tst': 3}, {'pst': (113, 6), 'tst': 2}, {'pst': (122, 8), 'tst': 2}, {'pst': (84, 9), 'tst': 1}, {'pst': (128, 7), 'tst': 0}, {'pst': (124, 10), 'tst': 0}]",0.6165156384342474,8.344182497909522
129,8,,"[0, 1, 2, 3, 4, 5, 6, 7, 8, 9, 10, 11, 12, 13, 14, 15, 16, 17, 18, 19]","[{'pst': (121, 8), 'tst': 7}, {'pst': (124, 19), 'tst': 4}, {'pst': (111, 19), 'tst': 3}, {'pst': (107, 5), 'tst': 2}, {'pst': (127, 8), 'tst': 1}, {'pst': (111, 14), 'tst': 1}, {'pst': (109, 5), 'tst': 0}, {'pst': (125, 2), 'tst': 0}]",0.6165156384342474,8.344182497909522
129,9,"{'text': 'If you want to legalize drugs, then you should also legalize prostitution.'}","[0, 1, 2, 3, 4, 5, 6, 7, 8, 9, 10, 11, 12, 13, 14, 15, 16, 17, 18, 19]","[{'pst': (123, 9), 'tst': 5}, {'pst': (108, 6), 'tst': 4}, {'pst': (119, 5), 'tst': 3}, {'pst': (107, 5), 'tst': 2}, {'pst': (100, 17), 'tst': 1}, {'pst': (114, 3), 'tst': 1}, {'pst': (96, 14), 'tst': 0}, {'pst': (111, 19), 'tst': 0}]",0.6165156384342474,8.344182497909522
129,10,"{'text': 'If you want to legalize drugs, then you should also legalize prostitution.'}","[0, 1, 2, 3, 4, 5, 6, 7, 8, 9, 10, 11, 12, 13, 14, 15, 16, 17, 18, 19]","[{'pst': (103, 2), 'tst': 6}, {'pst': (123, 10), 'tst': 5}, {'pst': (103, 14), 'tst': 3}, {'pst': (122, 17), 'tst': 2}, {'pst': (117, 19), 'tst': 1}, {'pst': (123, 9), 'tst': 1}, {'pst': (121, 8), 'tst': 0}, {'pst': (105, 15), 'tst': 0}]",0.6165156384342474,8.344182497909522
129,11,,"[0, 1, 2, 3, 4, 5, 6, 7, 8, 9, 10, 11, 12, 13, 14, 15, 16, 17, 18, 19]","[{'pst': (121, 1), 'tst': 4}, {'pst': (101, 5), 'tst': 4}, {'pst': (122, 18), 'tst': 2}, {'pst': (110, 3), 'tst': 2}, {'pst': (117, 19), 'tst': 1}, {'pst': (114, 4), 'tst': 1}, {'pst': (128, 5), 'tst': 0}, {'pst': (121, 8), 'tst': 0}]",0.6165156384342474,8.344182497909522
129,12,,"[0, 1, 2, 3, 4, 5, 6, 7, 8, 9, 10, 11, 12, 13, 14, 15, 16, 17, 18, 19]","[{'pst': (121, 1), 'tst': 7}, {'pst': (119, 2), 'tst': 4}, {'pst': (117, 19), 'tst': 3}, {'pst': (124, 3), 'tst': 2}, {'pst': (127, 12), 'tst': 1}, {'pst': (114, 4), 'tst': 1}, {'pst': (124, 18), 'tst': 0}, {'pst': (111, 12), 'tst': 0}]",0.6165156384342474,8.344182497909522
129,13,"{'text': 'If you want to legalize drugs, then you should also legalize prostitution.'}","[0, 1, 2, 3, 4, 5, 6, 7, 8, 9, 10, 11, 12, 13, 14, 15, 16, 17, 18, 19]","[{'pst': (122, 13), 'tst': 6}, {'pst': (119, 2), 'tst': 4}, {'pst': (123, 9), 'tst': 3}, {'pst': (101, 0), 'tst': 3}, {'pst': (115, 17), 'tst': 2}, {'pst': (124, 18), 'tst': 1}, {'pst': (114, 4), 'tst': 1}, {'pst': (128, 13), 'tst': 0}]",0.6165156384342474,8.344182497909522
129,14,,"[0, 1, 2, 3, 4, 5, 6, 7, 8, 9, 10, 11, 12, 13, 14, 15, 16, 17, 18, 19]","[{'pst': (110, 3), 'tst': 5}, {'pst': (113, 13), 'tst': 4}, {'pst': (124, 3), 'tst': 4}, {'pst': (117, 7), 'tst': 3}, {'pst': (109, 5), 'tst': 2}, {'pst': (126, 17), 'tst': 1}, {'pst': (116, 2), 'tst': 0}, {'pst': (123, 8), 'tst': 0}]",0.6165156384342474,8.344182497909522
129,15,"{'text': 'If you want to legalize drugs, then you should also legalize prostitution.'}","[0, 1, 2, 3, 4, 5, 6, 7, 8, 9, 10, 11, 12, 13, 14, 15, 16, 17, 18, 19]","[{'pst': (89, 19), 'tst': 8}, {'pst': (117, 16), 'tst': 6}, {'pst': (121, 14), 'tst': 6}, {'pst': (96, 8), 'tst': 3}, {'pst': (113, 6), 'tst': 1}, {'pst': (126, 8), 'tst': 1}, {'pst': (109, 5), 'tst': 0}, {'pst': (122, 18), 'tst': 0}]",0.6165156384342474,8.344182497909522
129,16,,"[0, 1, 2, 3, 4, 5, 6, 7, 8, 9, 10, 11, 12, 13, 14, 15, 16, 17, 18, 19]","[{'pst': (110, 7), 'tst': 5}, {'pst': (89, 19), 'tst': 4}, {'pst': (124, 10), 'tst': 3}, {'pst': (121, 1), 'tst': 2}, {'pst': (113, 11), 'tst': 2}, {'pst': (127, 16), 'tst': 1}, {'pst': (108, 16), 'tst': 1}, {'pst': (125, 0), 'tst': 0}]",0.6165156384342474,8.344182497909522
129,17,,"[0, 1, 2, 3, 4, 5, 6, 7, 8, 9, 10, 11, 12, 13, 14, 15, 16, 17, 18, 19]","[{'pst': (117, 16), 'tst': 4}, {'pst': (124, 10), 'tst': 3}, {'pst': (126, 17), 'tst': 2}, {'pst': (89, 19), 'tst': 2}, {'pst': (116, 16), 'tst': 1}, {'pst': (123, 9), 'tst': 1}, {'pst': (100, 17), 'tst': 0}, {'pst': (122, 17), 'tst': 0}]",0.6165156384342474,8.344182497909522
129,18,,"[0, 1, 2, 3, 4, 5, 6, 7, 8, 9, 10, 11, 12, 13, 14, 15, 16, 17, 18, 19]","[{'pst': (117, 8), 'tst': 5}, {'pst': (109, 10), 'tst': 3}, {'pst': (126, 18), 'tst': 2}, {'pst': (111, 14), 'tst': 2}, {'pst': (119, 2), 'tst': 1}, {'pst': (114, 4), 'tst': 1}, {'pst': (128, 18), 'tst': 0}, {'pst': (121, 14), 'tst': 0}]",0.6165156384342474,8.344182497909522
129,19,,"[0, 1, 2, 3, 4, 5, 6, 7, 8, 9, 10, 11, 12, 13, 14, 15, 16, 17, 18, 19]","[{'pst': (111, 19), 'tst': 7}, {'pst': (124, 19), 'tst': 4}, {'pst': (121, 9), 'tst': 4}, {'pst': (117, 16), 'tst': 3}, {'pst': (117, 19), 'tst': 1}, {'pst': (123, 14), 'tst': 1}, {'pst': (117, 8), 'tst': 0}, {'pst': (104, 11), 'tst': 0}]",0.6165156384342474,8.344182497909522
130,0,,"[0, 1, 2, 3, 4, 5, 6, 7, 8, 9, 10, 11, 12, 13, 14, 15, 16, 17, 18, 19]","[{'pst': (108, 16), 'tst': 5}, {'pst': (125, 0), 'tst': 4}, {'pst': (126, 6), 'tst': 3}, {'pst': (122, 8), 'tst': 2}, {'pst': (121, 3), 'tst': 2}, {'pst': (124, 19), 'tst': 1}, {'pst': (116, 2), 'tst': 1}, {'pst': (114, 3), 'tst': 0}]",0.6165156384342474,8.344182497909522
130,1,,"[0, 1, 2, 3, 4, 5, 6, 7, 8, 9, 10, 11, 12, 13, 14, 15, 16, 17, 18, 19]","[{'pst': (103, 2), 'tst': 10}, {'pst': (126, 1), 'tst': 3}, {'pst': (119, 2), 'tst': 2}, {'pst': (126, 17), 'tst': 2}, {'pst': (122, 18), 'tst': 1}, {'pst': (117, 16), 'tst': 1}, {'pst': (101, 5), 'tst': 0}, {'pst': (109, 10), 'tst': 0}]",0.6165156384342474,8.344182497909522
130,2,,"[0, 1, 2, 3, 4, 5, 6, 7, 8, 9, 10, 11, 12, 13, 14, 15, 16, 17, 18, 19]","[{'pst': (111, 14), 'tst': 8}, {'pst': (126, 1), 'tst': 3}, {'pst': (109, 10), 'tst': 2}, {'pst': (122, 17), 'tst': 2}, {'pst': (122, 13), 'tst': 1}, {'pst': (116, 2), 'tst': 1}, {'pst': (123, 9), 'tst': 0}, {'pst': (123, 14), 'tst': 0}]",0.6165156384342474,8.344182497909522
130,3,,"[0, 1, 2, 3, 4, 5, 6, 7, 8, 9, 10, 11, 12, 13, 14, 15, 16, 17, 18, 19]","[{'pst': (122, 8), 'tst': 3}, {'pst': (96, 14), 'tst': 3}, {'pst': (127, 3), 'tst': 2}, {'pst': (125, 0), 'tst': 2}, {'pst': (107, 5), 'tst': 1}, {'pst': (122, 2), 'tst': 1}, {'pst': (110, 7), 'tst': 0}, {'pst': (129, 13), 'tst': 0}]",0.6165156384342474,8.344182497909522
130,4,,"[0, 1, 2, 3, 4, 5, 6, 7, 8, 9, 10, 11, 12, 13, 14, 15, 16, 17, 18, 19]","[{'pst': (115, 17), 'tst': 4}, {'pst': (125, 19), 'tst': 3}, {'pst': (99, 7), 'tst': 3}, {'pst': (122, 18), 'tst': 2}, {'pst': (121, 8), 'tst': 2}, {'pst': (84, 9), 'tst': 1}, {'pst': (129, 4), 'tst': 0}, {'pst': (110, 14), 'tst': 0}]",0.6165156384342474,8.344182497909522
130,5,"{'text': 'If you want to legalize drugs, then you should also legalize prostitution.'}","[0, 1, 2, 3, 4, 5, 6, 7, 8, 9, 10, 11, 12, 13, 14, 15, 16, 17, 18, 19]","[{'pst': (113, 6), 'tst': 4}, {'pst': (121, 9), 'tst': 3}, {'pst': (122, 18), 'tst': 2}, {'pst': (105, 15), 'tst': 2}, {'pst': (128, 5), 'tst': 1}, {'pst': (100, 17), 'tst': 1}, {'pst': (84, 9), 'tst': 0}, {'pst': (113, 13), 'tst': 0}]",0.6165156384342474,8.344182497909522
130,6,,"[0, 1, 2, 3, 4, 5, 6, 7, 8, 9, 10, 11, 12, 13, 14, 15, 16, 17, 18, 19]","[{'pst': (111, 12), 'tst': 7}, {'pst': (126, 6), 'tst': 3}, {'pst': (110, 7), 'tst': 3}, {'pst': (123, 8), 'tst': 2}, {'pst': (101, 5), 'tst': 1}, {'pst': (110, 14), 'tst': 1}, {'pst': (122, 18), 'tst': 0}, {'pst': (121, 8), 'tst': 0}]",0.6165156384342474,8.344182497909522
130,7,,"[0, 1, 2, 3, 4, 5, 6, 7, 8, 9, 10, 11, 12, 13, 14, 15, 16, 17, 18, 19]","[{'pst': (105, 15), 'tst': 9}, {'pst': (104, 11), 'tst': 4}, {'pst': (113, 6), 'tst': 3}, {'pst': (122, 8), 'tst': 3}, {'pst': (84, 9), 'tst': 2}, {'pst': (128, 7), 'tst': 1}, {'pst': (124, 10), 'tst': 1}, {'pst': (121, 3), 'tst': 0}]",0.6165156384342474,8.344182497909522
130,8,,"[0, 1, 2, 3, 4, 5, 6, 7, 8, 9, 10, 11, 12, 13, 14, 15, 16, 17, 18, 19]","[{'pst': (124, 19), 'tst': 5}, {'pst': (111, 19), 'tst': 4}, {'pst': (107, 5), 'tst': 3}, {'pst': (111, 14), 'tst': 2}, {'pst': (109, 5), 'tst': 1}, {'pst': (125, 2), 'tst': 1}, {'pst': (122, 18), 'tst': 0}, {'pst': (122, 17), 'tst': 0}]",0.6165156384342474,8.344182497909522
130,9,,"[0, 1, 2, 3, 4, 5, 6, 7, 8, 9, 10, 11, 12, 13, 14, 15, 16, 17, 18, 19]","[{'pst': (123, 9), 'tst': 6}, {'pst': (107, 5), 'tst': 3}, {'pst': (100, 17), 'tst': 2}, {'pst': (114, 3), 'tst': 2}, {'pst': (96, 14), 'tst': 1}, {'pst': (111, 19), 'tst': 1}, {'pst': (129, 9), 'tst': 0}, {'pst': (103, 2), 'tst': 0}]",0.6165156384342474,8.344182497909522
130,10,,"[0, 1, 2, 3, 4, 5, 6, 7, 8, 9, 10, 11, 12, 13, 14, 15, 16, 17, 18, 19]","[{'pst': (123, 10), 'tst': 6}, {'pst': (103, 14), 'tst': 4}, {'pst': (117, 19), 'tst': 2}, {'pst': (123, 9), 'tst': 2}, {'pst': (121, 8), 'tst': 1}, {'pst': (105, 15), 'tst': 1}, {'pst': (129, 10), 'tst': 0}, {'pst': (96, 14), 'tst': 0}]",0.6165156384342474,8.344182497909522
130,11,,"[0, 1, 2, 3, 4, 5, 6, 7, 8, 9, 10, 11, 12, 13, 14, 15, 16, 17, 18, 19]","[{'pst': (121, 1), 'tst': 5}, {'pst': (122, 18), 'tst': 3}, {'pst': (110, 3), 'tst': 3}, {'pst': (114, 4), 'tst': 2}, {'pst': (128, 5), 'tst': 1}, {'pst': (121, 8), 'tst': 1}, {'pst': (124, 19), 'tst': 0}, {'pst': (119, 2), 'tst': 0}]",0.6165156384342474,8.344182497909522
130,12,,"[0, 1, 2, 3, 4, 5, 6, 7, 8, 9, 10, 11, 12, 13, 14, 15, 16, 17, 18, 19]","[{'pst': (121, 1), 'tst': 8}, {'pst': (117, 19), 'tst': 4}, {'pst': (124, 3), 'tst': 3}, {'pst': (114, 4), 'tst': 2}, {'pst': (124, 18), 'tst': 1}, {'pst': (111, 12), 'tst': 1}, {'pst': (127, 16), 'tst': 0}, {'pst': (111, 19), 'tst': 0}]",0.6165156384342474,8.344182497909522
130,13,,"[0, 1, 2, 3, 4, 5, 6, 7, 8, 9, 10, 11, 12, 13, 14, 15, 16, 17, 18, 19]","[{'pst': (122, 13), 'tst': 7}, {'pst': (119, 2), 'tst': 5}, {'pst': (123, 9), 'tst': 4}, {'pst': (101, 0), 'tst': 4}, {'pst': (114, 4), 'tst': 2}, {'pst': (128, 13), 'tst': 1}, {'pst': (129, 13), 'tst': 0}, {'pst': (125, 0), 'tst': 0}]",0.6165156384342474,8.344182497909522
130,14,,"[0, 1, 2, 3, 4, 5, 6, 7, 8, 9, 10, 11, 12, 13, 14, 15, 16, 17, 18, 19]","[{'pst': (113, 13), 'tst': 5}, {'pst': (124, 3), 'tst': 5}, {'pst': (109, 5), 'tst': 3}, {'pst': (126, 17), 'tst': 2}, {'pst': (116, 2), 'tst': 1}, {'pst': (123, 8), 'tst': 1}, {'pst': (126, 18), 'tst': 0}, {'pst': (129, 9), 'tst': 0}]",0.6165156384342474,8.344182497909522
130,15,,"[0, 1, 2, 3, 4, 5, 6, 7, 8, 9, 10, 11, 12, 13, 14, 15, 16, 17, 18, 19]","[{'pst': (117, 16), 'tst': 7}, {'pst': (96, 8), 'tst': 4}, {'pst': (113, 6), 'tst': 2}, {'pst': (126, 8), 'tst': 2}, {'pst': (109, 5), 'tst': 1}, {'pst': (122, 18), 'tst': 1}, {'pst': (129, 15), 'tst': 0}, {'pst': (108, 6), 'tst': 0}]",0.6165156384342474,8.344182497909522
130,16,"{'text': 'If you want to legalize drugs, then you should also legalize prostitution.'}","[0, 1, 2, 3, 4, 5, 6, 7, 8, 9, 10, 11, 12, 13, 14, 15, 16, 17, 18, 19]","[{'pst': (110, 7), 'tst': 6}, {'pst': (89, 19), 'tst': 5}, {'pst': (124, 10), 'tst': 4}, {'pst': (127, 16), 'tst': 2}, {'pst': (108, 16), 'tst': 2}, {'pst': (125, 0), 'tst': 1}, {'pst': (123, 10), 'tst': 0}, {'pst': (116, 2), 'tst': 0}]",0.6165156384342474,8.344182497909522
130,17,,"[0, 1, 2, 3, 4, 5, 6, 7, 8, 9, 10, 11, 12, 13, 14, 15, 16, 17, 18, 19]","[{'pst': (117, 16), 'tst': 5}, {'pst': (124, 10), 'tst': 4}, {'pst': (116, 16), 'tst': 2}, {'pst': (123, 9), 'tst': 2}, {'pst': (100, 17), 'tst': 1}, {'pst': (122, 17), 'tst': 1}, {'pst': (117, 19), 'tst': 0}, {'pst': (115, 17), 'tst': 0}]",0.6165156384342474,8.344182497909522
130,18,,"[0, 1, 2, 3, 4, 5, 6, 7, 8, 9, 10, 11, 12, 13, 14, 15, 16, 17, 18, 19]","[{'pst': (117, 8), 'tst': 6}, {'pst': (109, 10), 'tst': 4}, {'pst': (126, 18), 'tst': 3}, {'pst': (111, 14), 'tst': 3}, {'pst': (128, 18), 'tst': 1}, {'pst': (121, 14), 'tst': 1}, {'pst': (123, 9), 'tst': 0}, {'pst': (104, 11), 'tst': 0}]",0.6165156384342474,8.344182497909522
130,19,,"[0, 1, 2, 3, 4, 5, 6, 7, 8, 9, 10, 11, 12, 13, 14, 15, 16, 17, 18, 19]","[{'pst': (121, 9), 'tst': 5}, {'pst': (117, 16), 'tst': 4}, {'pst': (117, 19), 'tst': 2}, {'pst': (123, 14), 'tst': 2}, {'pst': (117, 8), 'tst': 1}, {'pst': (104, 11), 'tst': 1}, {'pst': (119, 5), 'tst': 0}, {'pst': (123, 15), 'tst': 0}]",0.6165156384342474,8.344182497909522
131,0,,"[0, 1, 2, 3, 4, 5, 6, 7, 8, 9, 10, 11, 12, 13, 14, 15, 16, 17, 18, 19]","[{'pst': (125, 0), 'tst': 5}, {'pst': (126, 6), 'tst': 4}, {'pst': (121, 3), 'tst': 3}, {'pst': (124, 19), 'tst': 2}, {'pst': (116, 2), 'tst': 2}, {'pst': (114, 3), 'tst': 1}, {'pst': (129, 9), 'tst': 0}, {'pst': (122, 2), 'tst': 0}]",0.6165156384342474,8.344182497909522
131,1,"{'text': 'If you want to legalize drugs, then you should also legalize prostitution.'}","[0, 1, 2, 3, 4, 5, 6, 7, 8, 9, 10, 11, 12, 13, 14, 15, 16, 17, 18, 19]","[{'pst': (103, 2), 'tst': 11}, {'pst': (126, 1), 'tst': 4}, {'pst': (126, 17), 'tst': 3}, {'pst': (122, 18), 'tst': 2}, {'pst': (117, 16), 'tst': 2}, {'pst': (101, 5), 'tst': 1}, {'pst': (109, 10), 'tst': 1}, {'pst': (110, 14), 'tst': 0}]",0.6165156384342474,8.344182497909522
131,2,,"[0, 1, 2, 3, 4, 5, 6, 7, 8, 9, 10, 11, 12, 13, 14, 15, 16, 17, 18, 19]","[{'pst': (111, 14), 'tst': 9}, {'pst': (126, 1), 'tst': 4}, {'pst': (109, 10), 'tst': 3}, {'pst': (116, 2), 'tst': 2}, {'pst': (123, 9), 'tst': 1}, {'pst': (123, 14), 'tst': 1}, {'pst': (121, 8), 'tst': 0}, {'pst': (115, 17), 'tst': 0}]",0.6165156384342474,8.344182497909522
131,3,,"[0, 1, 2, 3, 4, 5, 6, 7, 8, 9, 10, 11, 12, 13, 14, 15, 16, 17, 18, 19]","[{'pst': (96, 14), 'tst': 4}, {'pst': (127, 3), 'tst': 3}, {'pst': (107, 5), 'tst': 2}, {'pst': (122, 2), 'tst': 2}, {'pst': (110, 7), 'tst': 1}, {'pst': (129, 13), 'tst': 1}, {'pst': (129, 15), 'tst': 0}, {'pst': (96, 8), 'tst': 0}]",0.6165156384342474,8.344182497909522
131,4,,"[0, 1, 2, 3, 4, 5, 6, 7, 8, 9, 10, 11, 12, 13, 14, 15, 16, 17, 18, 19]","[{'pst': (115, 17), 'tst': 5}, {'pst': (125, 19), 'tst': 4}, {'pst': (99, 7), 'tst': 4}, {'pst': (84, 9), 'tst': 2}, {'pst': (129, 4), 'tst': 1}, {'pst': (110, 14), 'tst': 1}, {'pst': (117, 8), 'tst': 0}, {'pst': (126, 17), 'tst': 0}]",0.6165156384342474,8.344182497909522
131,5,"{'text': 'If you want to legalize drugs, then you should also legalize prostitution.'}","[0, 1, 2, 3, 4, 5, 6, 7, 8, 9, 10, 11, 12, 13, 14, 15, 16, 17, 18, 19]","[{'pst': (121, 9), 'tst': 4}, {'pst': (105, 15), 'tst': 3}, {'pst': (128, 5), 'tst': 2}, {'pst': (100, 17), 'tst': 2}, {'pst': (84, 9), 'tst': 1}, {'pst': (113, 13), 'tst': 1}, {'pst': (130, 5), 'tst': 0}, {'pst': (108, 6), 'tst': 0}]",0.6165156384342474,8.344182497909522
131,6,,"[0, 1, 2, 3, 4, 5, 6, 7, 8, 9, 10, 11, 12, 13, 14, 15, 16, 17, 18, 19]","[{'pst': (111, 12), 'tst': 8}, {'pst': (123, 8), 'tst': 3}, {'pst': (101, 5), 'tst': 2}, {'pst': (110, 14), 'tst': 2}, {'pst': (122, 18), 'tst': 1}, {'pst': (121, 8), 'tst': 1}, {'pst': (114, 4), 'tst': 0}, {'pst': (124, 3), 'tst': 0}]",0.6165156384342474,8.344182497909522
131,7,,"[0, 1, 2, 3, 4, 5, 6, 7, 8, 9, 10, 11, 12, 13, 14, 15, 16, 17, 18, 19]","[{'pst': (104, 11), 'tst': 5}, {'pst': (113, 6), 'tst': 4}, {'pst': (122, 8), 'tst': 4}, {'pst': (84, 9), 'tst': 3}, {'pst': (124, 10), 'tst': 2}, {'pst': (121, 3), 'tst': 1}, {'pst': (128, 18), 'tst': 0}, {'pst': (127, 3), 'tst': 0}]",0.6165156384342474,8.344182497909522
131,8,"{'text': 'If you want to legalize drugs, then you should also legalize prostitution.'}","[0, 1, 2, 3, 4, 5, 6, 7, 8, 9, 10, 11, 12, 13, 14, 15, 16, 17, 18, 19]","[{'pst': (111, 19), 'tst': 5}, {'pst': (107, 5), 'tst': 4}, {'pst': (111, 14), 'tst': 3}, {'pst': (109, 5), 'tst': 2}, {'pst': (125, 2), 'tst': 2}, {'pst': (122, 18), 'tst': 1}, {'pst': (122, 17), 'tst': 1}, {'pst': (111, 12), 'tst': 0}]",0.6165156384342474,8.344182497909522
131,9,,"[0, 1, 2, 3, 4, 5, 6, 7, 8, 9, 10, 11, 12, 13, 14, 15, 16, 17, 18, 19]","[{'pst': (100, 17), 'tst': 3}, {'pst': (114, 3), 'tst': 3}, {'pst': (96, 14), 'tst': 2}, {'pst': (111, 19), 'tst': 2}, {'pst': (129, 9), 'tst': 1}, {'pst': (103, 2), 'tst': 1}, {'pst': (124, 10), 'tst': 0}, {'pst': (125, 19), 'tst': 0}]",0.6165156384342474,8.344182497909522
131,10,,"[0, 1, 2, 3, 4, 5, 6, 7, 8, 9, 10, 11, 12, 13, 14, 15, 16, 17, 18, 19]","[{'pst': (103, 14), 'tst': 5}, {'pst': (123, 9), 'tst': 3}, {'pst': (121, 8), 'tst': 2}, {'pst': (105, 15), 'tst': 2}, {'pst': (129, 10), 'tst': 1}, {'pst': (96, 14), 'tst': 1}, {'pst': (123, 10), 'tst': 0}, {'pst': (113, 13), 'tst': 0}]",0.6165156384342474,8.344182497909522
131,11,,"[0, 1, 2, 3, 4, 5, 6, 7, 8, 9, 10, 11, 12, 13, 14, 15, 16, 17, 18, 19]","[{'pst': (121, 1), 'tst': 6}, {'pst': (122, 18), 'tst': 4}, {'pst': (128, 5), 'tst': 2}, {'pst': (121, 8), 'tst': 2}, {'pst': (124, 19), 'tst': 1}, {'pst': (119, 2), 'tst': 1}, {'pst': (109, 10), 'tst': 0}, {'pst': (130, 5), 'tst': 0}]",0.6165156384342474,8.344182497909522
131,12,,"[0, 1, 2, 3, 4, 5, 6, 7, 8, 9, 10, 11, 12, 13, 14, 15, 16, 17, 18, 19]","[{'pst': (124, 3), 'tst': 4}, {'pst': (114, 4), 'tst': 3}, {'pst': (124, 18), 'tst': 2}, {'pst': (111, 12), 'tst': 2}, {'pst': (127, 16), 'tst': 1}, {'pst': (111, 19), 'tst': 1}, {'pst': (129, 15), 'tst': 0}, {'pst': (108, 16), 'tst': 0}]",0.6165156384342474,8.344182497909522
131,13,,"[0, 1, 2, 3, 4, 5, 6, 7, 8, 9, 10, 11, 12, 13, 14, 15, 16, 17, 18, 19]","[{'pst': (122, 13), 'tst': 8}, {'pst': (119, 2), 'tst': 6}, {'pst': (123, 9), 'tst': 5}, {'pst': (114, 4), 'tst': 3}, {'pst': (128, 13), 'tst': 2}, {'pst': (129, 13), 'tst': 1}, {'pst': (125, 0), 'tst': 1}, {'pst': (124, 18), 'tst': 0}]",0.6165156384342474,8.344182497909522
131,14,,"[0, 1, 2, 3, 4, 5, 6, 7, 8, 9, 10, 11, 12, 13, 14, 15, 16, 17, 18, 19]","[{'pst': (113, 13), 'tst': 6}, {'pst': (124, 3), 'tst': 6}, {'pst': (116, 2), 'tst': 2}, {'pst': (123, 8), 'tst': 2}, {'pst': (126, 18), 'tst': 1}, {'pst': (129, 9), 'tst': 1}, {'pst': (99, 7), 'tst': 0}, {'pst': (111, 19), 'tst': 0}]",0.6165156384342474,8.344182497909522
131,15,,"[0, 1, 2, 3, 4, 5, 6, 7, 8, 9, 10, 11, 12, 13, 14, 15, 16, 17, 18, 19]","[{'pst': (113, 6), 'tst': 3}, {'pst': (126, 8), 'tst': 3}, {'pst': (109, 5), 'tst': 2}, {'pst': (122, 18), 'tst': 2}, {'pst': (129, 15), 'tst': 1}, {'pst': (108, 6), 'tst': 1}, {'pst': (119, 5), 'tst': 0}, {'pst': (100, 17), 'tst': 0}]",0.6165156384342474,8.344182497909522
131,16,,"[0, 1, 2, 3, 4, 5, 6, 7, 8, 9, 10, 11, 12, 13, 14, 15, 16, 17, 18, 19]","[{'pst': (110, 7), 'tst': 7}, {'pst': (89, 19), 'tst': 6}, {'pst': (124, 10), 'tst': 5}, {'pst': (127, 16), 'tst': 3}, {'pst': (125, 0), 'tst': 2}, {'pst': (123, 10), 'tst': 1}, {'pst': (116, 2), 'tst': 1}, {'pst': (130, 16), 'tst': 0}]",0.6165156384342474,8.344182497909522
131,17,,"[0, 1, 2, 3, 4, 5, 6, 7, 8, 9, 10, 11, 12, 13, 14, 15, 16, 17, 18, 19]","[{'pst': (117, 16), 'tst': 6}, {'pst': (124, 10), 'tst': 5}, {'pst': (100, 17), 'tst': 2}, {'pst': (122, 17), 'tst': 2}, {'pst': (117, 19), 'tst': 1}, {'pst': (115, 17), 'tst': 1}, {'pst': (107, 5), 'tst': 0}, {'pst': (121, 3), 'tst': 0}]",0.6165156384342474,8.344182497909522
131,18,,"[0, 1, 2, 3, 4, 5, 6, 7, 8, 9, 10, 11, 12, 13, 14, 15, 16, 17, 18, 19]","[{'pst': (117, 8), 'tst': 7}, {'pst': (109, 10), 'tst': 5}, {'pst': (128, 18), 'tst': 2}, {'pst': (121, 14), 'tst': 2}, {'pst': (123, 9), 'tst': 1}, {'pst': (104, 11), 'tst': 1}, {'pst': (113, 13), 'tst': 0}, {'pst': (123, 15), 'tst': 0}]",0.6165156384342474,8.344182497909522
131,19,"{'text': 'If you want to legalize drugs, then you should also legalize prostitution.'}","[0, 1, 2, 3, 4, 5, 6, 7, 8, 9, 10, 11, 12, 13, 14, 15, 16, 17, 18, 19]","[{'pst': (121, 9), 'tst': 6}, {'pst': (117, 16), 'tst': 5}, {'pst': (117, 19), 'tst': 3}, {'pst': (117, 8), 'tst': 2}, {'pst': (119, 5), 'tst': 1}, {'pst': (123, 15), 'tst': 1}, {'pst': (101, 5), 'tst': 0}, {'pst': (122, 2), 'tst': 0}]",0.6165156384342474,8.344182497909522
132,0,,"[0, 1, 2, 3, 4, 5, 6, 7, 8, 9, 10, 11, 12, 13, 14, 15, 16, 17, 18, 19]","[{'pst': (125, 0), 'tst': 6}, {'pst': (126, 6), 'tst': 5}, {'pst': (124, 19), 'tst': 3}, {'pst': (116, 2), 'tst': 3}, {'pst': (129, 9), 'tst': 1}, {'pst': (122, 2), 'tst': 1}, {'pst': (115, 17), 'tst': 0}, {'pst': (121, 14), 'tst': 0}]",0.6165156384342474,8.344182497909522
132,1,,"[0, 1, 2, 3, 4, 5, 6, 7, 8, 9, 10, 11, 12, 13, 14, 15, 16, 17, 18, 19]","[{'pst': (126, 1), 'tst': 5}, {'pst': (122, 18), 'tst': 3}, {'pst': (117, 16), 'tst': 3}, {'pst': (101, 5), 'tst': 2}, {'pst': (109, 10), 'tst': 2}, {'pst': (110, 14), 'tst': 1}, {'pst': (131, 1), 'tst': 0}, {'pst': (119, 5), 'tst': 0}]",0.6165156384342474,8.344182497909522
132,2,"{'text': 'If you want to legalize drugs, then you should also legalize prostitution.'}","[0, 1, 2, 3, 4, 5, 6, 7, 8, 9, 10, 11, 12, 13, 14, 15, 16, 17, 18, 19]","[{'pst': (111, 14), 'tst': 10}, {'pst': (109, 10), 'tst': 4}, {'pst': (116, 2), 'tst': 3}, {'pst': (123, 9), 'tst': 2}, {'pst': (123, 14), 'tst': 2}, {'pst': (121, 8), 'tst': 1}, {'pst': (115, 17), 'tst': 1}, {'pst': (124, 19), 'tst': 0}]",0.6165156384342474,8.344182497909522
132,3,"{'text': 'If you want to legalize drugs, then you should also legalize prostitution.'}","[0, 1, 2, 3, 4, 5, 6, 7, 8, 9, 10, 11, 12, 13, 14, 15, 16, 17, 18, 19]","[{'pst': (96, 14), 'tst': 5}, {'pst': (122, 2), 'tst': 3}, {'pst': (110, 7), 'tst': 2}, {'pst': (129, 13), 'tst': 2}, {'pst': (129, 15), 'tst': 1}, {'pst': (96, 8), 'tst': 1}, {'pst': (119, 2), 'tst': 0}, {'pst': (130, 16), 'tst': 0}]",0.6165156384342474,8.344182497909522
132,4,,"[0, 1, 2, 3, 4, 5, 6, 7, 8, 9, 10, 11, 12, 13, 14, 15, 16, 17, 18, 19]","[{'pst': (125, 19), 'tst': 5}, {'pst': (99, 7), 'tst': 5}, {'pst': (84, 9), 'tst': 3}, {'pst': (110, 14), 'tst': 2}, {'pst': (117, 8), 'tst': 1}, {'pst': (126, 17), 'tst': 1}, {'pst': (122, 8), 'tst': 0}, {'pst': (122, 2), 'tst': 0}]",0.6165156384342474,8.344182497909522
132,5,,"[0, 1, 2, 3, 4, 5, 6, 7, 8, 9, 10, 11, 12, 13, 14, 15, 16, 17, 18, 19]","[{'pst': (105, 15), 'tst': 4}, {'pst': (128, 5), 'tst': 3}, {'pst': (100, 17), 'tst': 3}, {'pst': (84, 9), 'tst': 2}, {'pst': (113, 13), 'tst': 2}, {'pst': (130, 5), 'tst': 1}, {'pst': (108, 6), 'tst': 1}, {'pst': (131, 5), 'tst': 0}]",0.6165156384342474,8.344182497909522
132,6,,"[0, 1, 2, 3, 4, 5, 6, 7, 8, 9, 10, 11, 12, 13, 14, 15, 16, 17, 18, 19]","[{'pst': (123, 8), 'tst': 4}, {'pst': (101, 5), 'tst': 3}, {'pst': (110, 14), 'tst': 3}, {'pst': (122, 18), 'tst': 2}, {'pst': (121, 8), 'tst': 2}, {'pst': (114, 4), 'tst': 1}, {'pst': (124, 3), 'tst': 1}, {'pst': (129, 15), 'tst': 0}]",0.6165156384342474,8.344182497909522
132,7,,"[0, 1, 2, 3, 4, 5, 6, 7, 8, 9, 10, 11, 12, 13, 14, 15, 16, 17, 18, 19]","[{'pst': (113, 6), 'tst': 5}, {'pst': (122, 8), 'tst': 5}, {'pst': (84, 9), 'tst': 4}, {'pst': (124, 10), 'tst': 3}, {'pst': (128, 18), 'tst': 1}, {'pst': (127, 3), 'tst': 1}, {'pst': (111, 14), 'tst': 0}, {'pst': (130, 16), 'tst': 0}]",0.6165156384342474,8.344182497909522
132,8,,"[0, 1, 2, 3, 4, 5, 6, 7, 8, 9, 10, 11, 12, 13, 14, 15, 16, 17, 18, 19]","[{'pst': (111, 19), 'tst': 6}, {'pst': (107, 5), 'tst': 5}, {'pst': (109, 5), 'tst': 3}, {'pst': (125, 2), 'tst': 3}, {'pst': (122, 17), 'tst': 2}, {'pst': (111, 12), 'tst': 1}, {'pst': (131, 8), 'tst': 0}, {'pst': (130, 5), 'tst': 0}]",0.6165156384342474,8.344182497909522
132,9,"{'text': 'If you want to legalize drugs, then you should also legalize prostitution.'}","[0, 1, 2, 3, 4, 5, 6, 7, 8, 9, 10, 11, 12, 13, 14, 15, 16, 17, 18, 19]","[{'pst': (100, 17), 'tst': 4}, {'pst': (114, 3), 'tst': 4}, {'pst': (129, 9), 'tst': 2}, {'pst': (103, 2), 'tst': 2}, {'pst': (124, 10), 'tst': 1}, {'pst': (125, 19), 'tst': 1}, {'pst': (122, 18), 'tst': 0}, {'pst': (111, 12), 'tst': 0}]",0.6165156384342474,8.344182497909522
132,10,,"[0, 1, 2, 3, 4, 5, 6, 7, 8, 9, 10, 11, 12, 13, 14, 15, 16, 17, 18, 19]","[{'pst': (123, 9), 'tst': 4}, {'pst': (121, 8), 'tst': 3}, {'pst': (105, 15), 'tst': 3}, {'pst': (129, 10), 'tst': 2}, {'pst': (96, 14), 'tst': 2}, {'pst': (123, 10), 'tst': 1}, {'pst': (113, 13), 'tst': 1}, {'pst': (114, 3), 'tst': 0}]",0.6165156384342474,8.344182497909522
132,11,,"[0, 1, 2, 3, 4, 5, 6, 7, 8, 9, 10, 11, 12, 13, 14, 15, 16, 17, 18, 19]","[{'pst': (128, 5), 'tst': 3}, {'pst': (121, 8), 'tst': 3}, {'pst': (124, 19), 'tst': 2}, {'pst': (119, 2), 'tst': 2}, {'pst': (109, 10), 'tst': 1}, {'pst': (130, 5), 'tst': 1}, {'pst': (127, 3), 'tst': 0}, {'pst': (123, 15), 'tst': 0}]",0.6165156384342474,8.344182497909522
132,12,"{'text': 'If you want to legalize drugs, then you should also legalize prostitution.'}","[0, 1, 2, 3, 4, 5, 6, 7, 8, 9, 10, 11, 12, 13, 14, 15, 16, 17, 18, 19]","[{'pst': (124, 3), 'tst': 5}, {'pst': (124, 18), 'tst': 3}, {'pst': (111, 12), 'tst': 3}, {'pst': (127, 16), 'tst': 2}, {'pst': (111, 19), 'tst': 2}, {'pst': (129, 15), 'tst': 1}, {'pst': (108, 16), 'tst': 1}, {'pst': (124, 10), 'tst': 0}]",0.6165156384342474,8.344182497909522
132,13,,"[0, 1, 2, 3, 4, 5, 6, 7, 8, 9, 10, 11, 12, 13, 14, 15, 16, 17, 18, 19]","[{'pst': (122, 13), 'tst': 9}, {'pst': (119, 2), 'tst': 7}, {'pst': (123, 9), 'tst': 6}, {'pst': (128, 13), 'tst': 3}, {'pst': (129, 13), 'tst': 2}, {'pst': (125, 0), 'tst': 2}, {'pst': (124, 18), 'tst': 1}, {'pst': (129, 9), 'tst': 0}]",0.6165156384342474,8.344182497909522
132,14,,"[0, 1, 2, 3, 4, 5, 6, 7, 8, 9, 10, 11, 12, 13, 14, 15, 16, 17, 18, 19]","[{'pst': (113, 13), 'tst': 7}, {'pst': (116, 2), 'tst': 3}, {'pst': (123, 8), 'tst': 3}, {'pst': (129, 9), 'tst': 2}, {'pst': (99, 7), 'tst': 1}, {'pst': (111, 19), 'tst': 1}, {'pst': (128, 5), 'tst': 0}, {'pst': (114, 4), 'tst': 0}]",0.6165156384342474,8.344182497909522
132,15,,"[0, 1, 2, 3, 4, 5, 6, 7, 8, 9, 10, 11, 12, 13, 14, 15, 16, 17, 18, 19]","[{'pst': (113, 6), 'tst': 4}, {'pst': (122, 18), 'tst': 3}, {'pst': (129, 15), 'tst': 2}, {'pst': (108, 6), 'tst': 2}, {'pst': (119, 5), 'tst': 1}, {'pst': (100, 17), 'tst': 1}, {'pst': (122, 13), 'tst': 0}, {'pst': (114, 4), 'tst': 0}]",0.6165156384342474,8.344182497909522
132,16,,"[0, 1, 2, 3, 4, 5, 6, 7, 8, 9, 10, 11, 12, 13, 14, 15, 16, 17, 18, 19]","[{'pst': (89, 19), 'tst': 7}, {'pst': (124, 10), 'tst': 6}, {'pst': (125, 0), 'tst': 3}, {'pst': (123, 10), 'tst': 2}, {'pst': (116, 2), 'tst': 2}, {'pst': (130, 16), 'tst': 1}, {'pst': (109, 10), 'tst': 0}, {'pst': (100, 17), 'tst': 0}]",0.6165156384342474,8.344182497909522
132,17,,"[0, 1, 2, 3, 4, 5, 6, 7, 8, 9, 10, 11, 12, 13, 14, 15, 16, 17, 18, 19]","[{'pst': (124, 10), 'tst': 6}, {'pst': (122, 17), 'tst': 3}, {'pst': (117, 19), 'tst': 2}, {'pst': (115, 17), 'tst': 2}, {'pst': (107, 5), 'tst': 1}, {'pst': (121, 3), 'tst': 1}, {'pst': (129, 15), 'tst': 0}, {'pst': (119, 5), 'tst': 0}]",0.6165156384342474,8.344182497909522
132,18,,"[0, 1, 2, 3, 4, 5, 6, 7, 8, 9, 10, 11, 12, 13, 14, 15, 16, 17, 18, 19]","[{'pst': (117, 8), 'tst': 8}, {'pst': (109, 10), 'tst': 6}, {'pst': (121, 14), 'tst': 3}, {'pst': (123, 9), 'tst': 2}, {'pst': (104, 11), 'tst': 2}, {'pst': (113, 13), 'tst': 1}, {'pst': (123, 15), 'tst': 1}, {'pst': (126, 17), 'tst': 0}]",0.6165156384342474,8.344182497909522
132,19,,"[0, 1, 2, 3, 4, 5, 6, 7, 8, 9, 10, 11, 12, 13, 14, 15, 16, 17, 18, 19]","[{'pst': (121, 9), 'tst': 7}, {'pst': (117, 16), 'tst': 6}, {'pst': (117, 8), 'tst': 3}, {'pst': (119, 5), 'tst': 2}, {'pst': (123, 15), 'tst': 2}, {'pst': (101, 5), 'tst': 1}, {'pst': (122, 2), 'tst': 1}, {'pst': (131, 19), 'tst': 0}]",0.6165156384342474,8.344182497909522
133,0,,"[0, 1, 2, 3, 4, 5, 6, 7, 8, 9, 10, 11, 12, 13, 14, 15, 16, 17, 18, 19]","[{'pst': (126, 6), 'tst': 6}, {'pst': (124, 19), 'tst': 4}, {'pst': (129, 9), 'tst': 2}, {'pst': (122, 2), 'tst': 2}, {'pst': (115, 17), 'tst': 1}, {'pst': (121, 14), 'tst': 1}, {'pst': (125, 19), 'tst': 0}, {'pst': (130, 5), 'tst': 0}]",0.6165156384342474,8.344182497909522
133,1,,"[0, 1, 2, 3, 4, 5, 6, 7, 8, 9, 10, 11, 12, 13, 14, 15, 16, 17, 18, 19]","[{'pst': (122, 18), 'tst': 4}, {'pst': (101, 5), 'tst': 3}, {'pst': (109, 10), 'tst': 3}, {'pst': (110, 14), 'tst': 2}, {'pst': (131, 1), 'tst': 1}, {'pst': (119, 5), 'tst': 1}, {'pst': (89, 19), 'tst': 0}, {'pst': (100, 17), 'tst': 0}]",0.6165156384342474,8.344182497909522
133,2,,"[0, 1, 2, 3, 4, 5, 6, 7, 8, 9, 10, 11, 12, 13, 14, 15, 16, 17, 18, 19]","[{'pst': (111, 14), 'tst': 11}, {'pst': (109, 10), 'tst': 5}, {'pst': (123, 9), 'tst': 3}, {'pst': (123, 14), 'tst': 3}, {'pst': (115, 17), 'tst': 2}, {'pst': (124, 19), 'tst': 1}, {'pst': (132, 2), 'tst': 0}, {'pst': (99, 7), 'tst': 0}]",0.6165156384342474,8.344182497909522
133,3,"{'text': 'If you want to legalize drugs, then you should also legalize prostitution.'}","[0, 1, 2, 3, 4, 5, 6, 7, 8, 9, 10, 11, 12, 13, 14, 15, 16, 17, 18, 19]","[{'pst': (96, 14), 'tst': 6}, {'pst': (110, 7), 'tst': 3}, {'pst': (129, 13), 'tst': 3}, {'pst': (129, 15), 'tst': 2}, {'pst': (96, 8), 'tst': 2}, {'pst': (119, 2), 'tst': 1}, {'pst': (130, 16), 'tst': 1}, {'pst': (132, 3), 'tst': 0}]",0.6165156384342474,8.344182497909522
133,4,,"[0, 1, 2, 3, 4, 5, 6, 7, 8, 9, 10, 11, 12, 13, 14, 15, 16, 17, 18, 19]","[{'pst': (125, 19), 'tst': 6}, {'pst': (99, 7), 'tst': 6}, {'pst': (117, 8), 'tst': 2}, {'pst': (126, 17), 'tst': 2}, {'pst': (122, 8), 'tst': 1}, {'pst': (122, 2), 'tst': 1}, {'pst': (121, 8), 'tst': 0}, {'pst': (121, 14), 'tst': 0}]",0.6165156384342474,8.344182497909522
133,5,,"[0, 1, 2, 3, 4, 5, 6, 7, 8, 9, 10, 11, 12, 13, 14, 15, 16, 17, 18, 19]","[{'pst': (128, 5), 'tst': 4}, {'pst': (84, 9), 'tst': 3}, {'pst': (113, 13), 'tst': 3}, {'pst': (130, 5), 'tst': 2}, {'pst': (108, 6), 'tst': 2}, {'pst': (131, 5), 'tst': 1}, {'pst': (129, 13), 'tst': 0}, {'pst': (130, 16), 'tst': 0}]",0.6165156384342474,8.344182497909522
133,6,"{'text': 'If you want to legalize drugs, then you should also legalize prostitution.'}","[0, 1, 2, 3, 4, 5, 6, 7, 8, 9, 10, 11, 12, 13, 14, 15, 16, 17, 18, 19]","[{'pst': (123, 8), 'tst': 5}, {'pst': (110, 14), 'tst': 4}, {'pst': (121, 8), 'tst': 3}, {'pst': (114, 4), 'tst': 2}, {'pst': (124, 3), 'tst': 2}, {'pst': (129, 15), 'tst': 1}, {'pst': (119, 5), 'tst': 0}, {'pst': (129, 10), 'tst': 0}]",0.6165156384342474,8.344182497909522
133,7,,"[0, 1, 2, 3, 4, 5, 6, 7, 8, 9, 10, 11, 12, 13, 14, 15, 16, 17, 18, 19]","[{'pst': (113, 6), 'tst': 6}, {'pst': (84, 9), 'tst': 5}, {'pst': (128, 18), 'tst': 2}, {'pst': (127, 3), 'tst': 2}, {'pst': (111, 14), 'tst': 1}, {'pst': (130, 16), 'tst': 1}, {'pst': (128, 5), 'tst': 0}, {'pst': (119, 5), 'tst': 0}]",0.6165156384342474,8.344182497909522
133,8,,"[0, 1, 2, 3, 4, 5, 6, 7, 8, 9, 10, 11, 12, 13, 14, 15, 16, 17, 18, 19]","[{'pst': (111, 19), 'tst': 7}, {'pst': (125, 2), 'tst': 4}, {'pst': (122, 17), 'tst': 3}, {'pst': (111, 12), 'tst': 2}, {'pst': (131, 8), 'tst': 1}, {'pst': (130, 5), 'tst': 1}, {'pst': (124, 10), 'tst': 0}, {'pst': (99, 7), 'tst': 0}]",0.6165156384342474,8.344182497909522
133,9,,"[0, 1, 2, 3, 4, 5, 6, 7, 8, 9, 10, 11, 12, 13, 14, 15, 16, 17, 18, 19]","[{'pst': (100, 17), 'tst': 5}, {'pst': (103, 2), 'tst': 3}, {'pst': (124, 10), 'tst': 2}, {'pst': (125, 19), 'tst': 2}, {'pst': (122, 18), 'tst': 1}, {'pst': (111, 12), 'tst': 1}, {'pst': (132, 9), 'tst': 0}, {'pst': (125, 2), 'tst': 0}]",0.6165156384342474,8.344182497909522
133,10,,"[0, 1, 2, 3, 4, 5, 6, 7, 8, 9, 10, 11, 12, 13, 14, 15, 16, 17, 18, 19]","[{'pst': (123, 9), 'tst': 5}, {'pst': (121, 8), 'tst': 4}, {'pst': (96, 14), 'tst': 3}, {'pst': (123, 10), 'tst': 2}, {'pst': (113, 13), 'tst': 2}, {'pst': (114, 3), 'tst': 1}, {'pst': (127, 3), 'tst': 0}, {'pst': (107, 5), 'tst': 0}]",0.6165156384342474,8.344182497909522
133,11,,"[0, 1, 2, 3, 4, 5, 6, 7, 8, 9, 10, 11, 12, 13, 14, 15, 16, 17, 18, 19]","[{'pst': (128, 5), 'tst': 4}, {'pst': (121, 8), 'tst': 4}, {'pst': (124, 19), 'tst': 3}, {'pst': (119, 2), 'tst': 3}, {'pst': (127, 3), 'tst': 1}, {'pst': (123, 15), 'tst': 1}, {'pst': (116, 2), 'tst': 0}, {'pst': (131, 8), 'tst': 0}]",0.6165156384342474,8.344182497909522
133,12,,"[0, 1, 2, 3, 4, 5, 6, 7, 8, 9, 10, 11, 12, 13, 14, 15, 16, 17, 18, 19]","[{'pst': (124, 18), 'tst': 4}, {'pst': (127, 16), 'tst': 3}, {'pst': (111, 19), 'tst': 3}, {'pst': (129, 15), 'tst': 2}, {'pst': (108, 16), 'tst': 2}, {'pst': (124, 10), 'tst': 1}, {'pst': (132, 12), 'tst': 0}, {'pst': (129, 13), 'tst': 0}]",0.6165156384342474,8.344182497909522
133,13,,"[0, 1, 2, 3, 4, 5, 6, 7, 8, 9, 10, 11, 12, 13, 14, 15, 16, 17, 18, 19]","[{'pst': (119, 2), 'tst': 8}, {'pst': (123, 9), 'tst': 7}, {'pst': (128, 13), 'tst': 4}, {'pst': (129, 13), 'tst': 3}, {'pst': (124, 18), 'tst': 2}, {'pst': (129, 9), 'tst': 1}, {'pst': (108, 16), 'tst': 0}, {'pst': (130, 16), 'tst': 0}]",0.6165156384342474,8.344182497909522
133,14,,"[0, 1, 2, 3, 4, 5, 6, 7, 8, 9, 10, 11, 12, 13, 14, 15, 16, 17, 18, 19]","[{'pst': (116, 2), 'tst': 4}, {'pst': (123, 8), 'tst': 4}, {'pst': (129, 9), 'tst': 3}, {'pst': (111, 19), 'tst': 2}, {'pst': (128, 5), 'tst': 1}, {'pst': (114, 4), 'tst': 1}, {'pst': (89, 19), 'tst': 0}, {'pst': (100, 17), 'tst': 0}]",0.6165156384342474,8.344182497909522
133,15,,"[0, 1, 2, 3, 4, 5, 6, 7, 8, 9, 10, 11, 12, 13, 14, 15, 16, 17, 18, 19]","[{'pst': (122, 18), 'tst': 4}, {'pst': (108, 6), 'tst': 3}, {'pst': (119, 5), 'tst': 2}, {'pst': (100, 17), 'tst': 2}, {'pst': (122, 13), 'tst': 1}, {'pst': (114, 4), 'tst': 1}, {'pst': (107, 5), 'tst': 0}, {'pst': (121, 3), 'tst': 0}]",0.6165156384342474,8.344182497909522
133,16,,"[0, 1, 2, 3, 4, 5, 6, 7, 8, 9, 10, 11, 12, 13, 14, 15, 16, 17, 18, 19]","[{'pst': (89, 19), 'tst': 8}, {'pst': (124, 10), 'tst': 7}, {'pst': (125, 0), 'tst': 4}, {'pst': (123, 10), 'tst': 3}, {'pst': (130, 16), 'tst': 2}, {'pst': (109, 10), 'tst': 1}, {'pst': (100, 17), 'tst': 1}, {'pst': (116, 2), 'tst': 0}]",0.6165156384342474,8.344182497909522
133,17,"{'text': 'If you want to legalize drugs, then you should also legalize prostitution.'}","[0, 1, 2, 3, 4, 5, 6, 7, 8, 9, 10, 11, 12, 13, 14, 15, 16, 17, 18, 19]","[{'pst': (122, 17), 'tst': 4}, {'pst': (117, 19), 'tst': 3}, {'pst': (115, 17), 'tst': 3}, {'pst': (107, 5), 'tst': 2}, {'pst': (129, 15), 'tst': 1}, {'pst': (119, 5), 'tst': 1}, {'pst': (113, 13), 'tst': 0}, {'pst': (110, 14), 'tst': 0}]",0.6165156384342474,8.344182497909522
133,18,,"[0, 1, 2, 3, 4, 5, 6, 7, 8, 9, 10, 11, 12, 13, 14, 15, 16, 17, 18, 19]","[{'pst': (117, 8), 'tst': 9}, {'pst': (121, 14), 'tst': 4}, {'pst': (123, 9), 'tst': 3}, {'pst': (104, 11), 'tst': 3}, {'pst': (113, 13), 'tst': 2}, {'pst': (126, 17), 'tst': 1}, {'pst': (114, 4), 'tst': 0}, {'pst': (111, 19), 'tst': 0}]",0.6165156384342474,8.344182497909522
133,19,,"[0, 1, 2, 3, 4, 5, 6, 7, 8, 9, 10, 11, 12, 13, 14, 15, 16, 17, 18, 19]","[{'pst': (117, 16), 'tst': 7}, {'pst': (117, 8), 'tst': 4}, {'pst': (119, 5), 'tst': 3}, {'pst': (123, 15), 'tst': 3}, {'pst': (101, 5), 'tst': 2}, {'pst': (122, 2), 'tst': 2}, {'pst': (131, 19), 'tst': 1}, {'pst': (124, 19), 'tst': 0}]",0.6165156384342474,8.344182497909522
134,0,"{'text': 'If you want to legalize drugs, then you should also legalize prostitution.'}","[0, 1, 2, 3, 4, 5, 6, 7, 8, 9, 10, 11, 12, 13, 14, 15, 16, 17, 18, 19]","[{'pst': (126, 6), 'tst': 7}, {'pst': (124, 19), 'tst': 5}, {'pst': (122, 2), 'tst': 3}, {'pst': (115, 17), 'tst': 2}, {'pst': (121, 14), 'tst': 2}, {'pst': (125, 19), 'tst': 1}, {'pst': (130, 5), 'tst': 1}, {'pst': (130, 16), 'tst': 0}]",0.6165156384342474,8.344182497909522
134,1,"{'text': 'If you want to legalize drugs, then you should also legalize prostitution.'}","[0, 1, 2, 3, 4, 5, 6, 7, 8, 9, 10, 11, 12, 13, 14, 15, 16, 17, 18, 19]","[{'pst': (122, 18), 'tst': 5}, {'pst': (101, 5), 'tst': 4}, {'pst': (131, 1), 'tst': 2}, {'pst': (119, 5), 'tst': 2}, {'pst': (89, 19), 'tst': 1}, {'pst': (100, 17), 'tst': 1}, {'pst': (132, 3), 'tst': 0}, {'pst': (117, 16), 'tst': 0}]",0.6165156384342474,8.344182497909522
134,2,,"[0, 1, 2, 3, 4, 5, 6, 7, 8, 9, 10, 11, 12, 13, 14, 15, 16, 17, 18, 19]","[{'pst': (111, 14), 'tst': 12}, {'pst': (123, 9), 'tst': 4}, {'pst': (123, 14), 'tst': 4}, {'pst': (115, 17), 'tst': 3}, {'pst': (124, 19), 'tst': 2}, {'pst': (132, 2), 'tst': 1}, {'pst': (99, 7), 'tst': 1}, {'pst': (101, 5), 'tst': 0}]",0.6165156384342474,8.344182497909522
134,3,,"[0, 1, 2, 3, 4, 5, 6, 7, 8, 9, 10, 11, 12, 13, 14, 15, 16, 17, 18, 19]","[{'pst': (110, 7), 'tst': 4}, {'pst': (129, 13), 'tst': 4}, {'pst': (96, 8), 'tst': 3}, {'pst': (119, 2), 'tst': 2}, {'pst': (130, 16), 'tst': 2}, {'pst': (132, 3), 'tst': 1}, {'pst': (133, 3), 'tst': 0}, {'pst': (113, 13), 'tst': 0}]",0.6165156384342474,8.344182497909522
134,4,"{'text': 'If you want to legalize drugs, then you should also legalize prostitution.'}","[0, 1, 2, 3, 4, 5, 6, 7, 8, 9, 10, 11, 12, 13, 14, 15, 16, 17, 18, 19]","[{'pst': (125, 19), 'tst': 7}, {'pst': (117, 8), 'tst': 3}, {'pst': (126, 17), 'tst': 3}, {'pst': (122, 8), 'tst': 2}, {'pst': (122, 2), 'tst': 2}, {'pst': (121, 8), 'tst': 1}, {'pst': (121, 14), 'tst': 1}, {'pst': (123, 8), 'tst': 0}]",0.6165156384342474,8.344182497909522
134,5,,"[0, 1, 2, 3, 4, 5, 6, 7, 8, 9, 10, 11, 12, 13, 14, 15, 16, 17, 18, 19]","[{'pst': (84, 9), 'tst': 4}, {'pst': (113, 13), 'tst': 4}, {'pst': (130, 5), 'tst': 3}, {'pst': (131, 5), 'tst': 2}, {'pst': (129, 13), 'tst': 1}, {'pst': (130, 16), 'tst': 1}, {'pst': (101, 5), 'tst': 0}, {'pst': (114, 4), 'tst': 0}]",0.6165156384342474,8.344182497909522
134,6,,"[0, 1, 2, 3, 4, 5, 6, 7, 8, 9, 10, 11, 12, 13, 14, 15, 16, 17, 18, 19]","[{'pst': (123, 8), 'tst': 6}, {'pst': (110, 14), 'tst': 5}, {'pst': (121, 8), 'tst': 4}, {'pst': (129, 15), 'tst': 2}, {'pst': (119, 5), 'tst': 1}, {'pst': (129, 10), 'tst': 1}, {'pst': (133, 6), 'tst': 0}, {'pst': (117, 8), 'tst': 0}]",0.6165156384342474,8.344182497909522
134,7,,"[0, 1, 2, 3, 4, 5, 6, 7, 8, 9, 10, 11, 12, 13, 14, 15, 16, 17, 18, 19]","[{'pst': (84, 9), 'tst': 6}, {'pst': (128, 18), 'tst': 3}, {'pst': (111, 14), 'tst': 2}, {'pst': (130, 16), 'tst': 2}, {'pst': (128, 5), 'tst': 1}, {'pst': (119, 5), 'tst': 1}, {'pst': (126, 17), 'tst': 0}, {'pst': (128, 13), 'tst': 0}]",0.6165156384342474,8.344182497909522
134,8,,"[0, 1, 2, 3, 4, 5, 6, 7, 8, 9, 10, 11, 12, 13, 14, 15, 16, 17, 18, 19]","[{'pst': (125, 2), 'tst': 5}, {'pst': (122, 17), 'tst': 4}, {'pst': (111, 12), 'tst': 3}, {'pst': (131, 8), 'tst': 2}, {'pst': (130, 5), 'tst': 2}, {'pst': (124, 10), 'tst': 1}, {'pst': (99, 7), 'tst': 1}, {'pst': (121, 14), 'tst': 0}]",0.6165156384342474,8.344182497909522
134,9,,"[0, 1, 2, 3, 4, 5, 6, 7, 8, 9, 10, 11, 12, 13, 14, 15, 16, 17, 18, 19]","[{'pst': (100, 17), 'tst': 6}, {'pst': (125, 19), 'tst': 3}, {'pst': (122, 18), 'tst': 2}, {'pst': (111, 12), 'tst': 2}, {'pst': (132, 9), 'tst': 1}, {'pst': (125, 2), 'tst': 1}, {'pst': (119, 2), 'tst': 0}, {'pst': (128, 13), 'tst': 0}]",0.6165156384342474,8.344182497909522
134,10,,"[0, 1, 2, 3, 4, 5, 6, 7, 8, 9, 10, 11, 12, 13, 14, 15, 16, 17, 18, 19]","[{'pst': (123, 9), 'tst': 6}, {'pst': (96, 14), 'tst': 4}, {'pst': (123, 10), 'tst': 3}, {'pst': (114, 3), 'tst': 2}, {'pst': (127, 3), 'tst': 1}, {'pst': (107, 5), 'tst': 1}, {'pst': (125, 19), 'tst': 0}, {'pst': (123, 8), 'tst': 0}]",0.6165156384342474,8.344182497909522
134,11,"{'text': 'If you want to legalize drugs, then you should also legalize prostitution.'}","[0, 1, 2, 3, 4, 5, 6, 7, 8, 9, 10, 11, 12, 13, 14, 15, 16, 17, 18, 19]","[{'pst': (128, 5), 'tst': 5}, {'pst': (121, 8), 'tst': 5}, {'pst': (119, 2), 'tst': 4}, {'pst': (127, 3), 'tst': 2}, {'pst': (123, 15), 'tst': 2}, {'pst': (116, 2), 'tst': 1}, {'pst': (131, 8), 'tst': 1}, {'pst': (100, 17), 'tst': 0}]",0.6165156384342474,8.344182497909522
134,12,,"[0, 1, 2, 3, 4, 5, 6, 7, 8, 9, 10, 11, 12, 13, 14, 15, 16, 17, 18, 19]","[{'pst': (124, 18), 'tst': 5}, {'pst': (127, 16), 'tst': 4}, {'pst': (129, 15), 'tst': 3}, {'pst': (108, 16), 'tst': 3}, {'pst': (124, 10), 'tst': 2}, {'pst': (132, 12), 'tst': 1}, {'pst': (129, 13), 'tst': 1}, {'pst': (89, 19), 'tst': 0}]",0.6165156384342474,8.344182497909522
134,13,,"[0, 1, 2, 3, 4, 5, 6, 7, 8, 9, 10, 11, 12, 13, 14, 15, 16, 17, 18, 19]","[{'pst': (128, 13), 'tst': 5}, {'pst': (129, 13), 'tst': 4}, {'pst': (124, 18), 'tst': 3}, {'pst': (129, 9), 'tst': 2}, {'pst': (108, 16), 'tst': 1}, {'pst': (130, 16), 'tst': 1}, {'pst': (121, 8), 'tst': 0}, {'pst': (123, 9), 'tst': 0}]",0.6165156384342474,8.344182497909522
134,14,"{'text': 'If you want to legalize drugs, then you should also legalize prostitution.'}","[0, 1, 2, 3, 4, 5, 6, 7, 8, 9, 10, 11, 12, 13, 14, 15, 16, 17, 18, 19]","[{'pst': (116, 2), 'tst': 5}, {'pst': (111, 19), 'tst': 3}, {'pst': (128, 5), 'tst': 2}, {'pst': (114, 4), 'tst': 2}, {'pst': (89, 19), 'tst': 1}, {'pst': (100, 17), 'tst': 1}, {'pst': (121, 8), 'tst': 0}, {'pst': (132, 9), 'tst': 0}]",0.6165156384342474,8.344182497909522
134,15,,"[0, 1, 2, 3, 4, 5, 6, 7, 8, 9, 10, 11, 12, 13, 14, 15, 16, 17, 18, 19]","[{'pst': (122, 18), 'tst': 5}, {'pst': (119, 5), 'tst': 3}, {'pst': (100, 17), 'tst': 3}, {'pst': (122, 13), 'tst': 2}, {'pst': (114, 4), 'tst': 2}, {'pst': (107, 5), 'tst': 1}, {'pst': (121, 3), 'tst': 1}, {'pst': (121, 8), 'tst': 0}]",0.6165156384342474,8.344182497909522
134,16,"{'text': 'If you want to legalize drugs, then you should also legalize prostitution.'}","[0, 1, 2, 3, 4, 5, 6, 7, 8, 9, 10, 11, 12, 13, 14, 15, 16, 17, 18, 19]","[{'pst': (89, 19), 'tst': 9}, {'pst': (124, 10), 'tst': 8}, {'pst': (130, 16), 'tst': 3}, {'pst': (109, 10), 'tst': 2}, {'pst': (100, 17), 'tst': 2}, {'pst': (116, 2), 'tst': 1}, {'pst': (128, 13), 'tst': 0}, {'pst': (130, 5), 'tst': 0}]",0.6165156384342474,8.344182497909522
134,17,,"[0, 1, 2, 3, 4, 5, 6, 7, 8, 9, 10, 11, 12, 13, 14, 15, 16, 17, 18, 19]","[{'pst': (122, 17), 'tst': 5}, {'pst': (115, 17), 'tst': 4}, {'pst': (129, 15), 'tst': 2}, {'pst': (119, 5), 'tst': 2}, {'pst': (113, 13), 'tst': 1}, {'pst': (110, 14), 'tst': 1}, {'pst': (133, 17), 'tst': 0}, {'pst': (128, 13), 'tst': 0}]",0.6165156384342474,8.344182497909522
134,18,"{'text': 'If you want to legalize drugs, then you should also legalize prostitution.'}","[0, 1, 2, 3, 4, 5, 6, 7, 8, 9, 10, 11, 12, 13, 14, 15, 16, 17, 18, 19]","[{'pst': (121, 14), 'tst': 5}, {'pst': (123, 9), 'tst': 4}, {'pst': (104, 11), 'tst': 4}, {'pst': (113, 13), 'tst': 3}, {'pst': (114, 4), 'tst': 1}, {'pst': (111, 19), 'tst': 1}, {'pst': (125, 19), 'tst': 0}, {'pst': (117, 16), 'tst': 0}]",0.6165156384342474,8.344182497909522
134,19,"{'text': 'If you want to legalize drugs, then you should also legalize prostitution.'}","[0, 1, 2, 3, 4, 5, 6, 7, 8, 9, 10, 11, 12, 13, 14, 15, 16, 17, 18, 19]","[{'pst': (117, 16), 'tst': 8}, {'pst': (117, 8), 'tst': 5}, {'pst': (119, 5), 'tst': 4}, {'pst': (101, 5), 'tst': 3}, {'pst': (122, 2), 'tst': 3}, {'pst': (131, 19), 'tst': 2}, {'pst': (124, 19), 'tst': 1}, {'pst': (129, 9), 'tst': 0}]",0.6165156384342474,8.344182497909522
135,0,,"[0, 1, 2, 3, 4, 5, 6, 7, 8, 9, 10, 11, 12, 13, 14, 15, 16, 17, 18, 19]","[{'pst': (124, 19), 'tst': 6}, {'pst': (115, 17), 'tst': 3}, {'pst': (121, 14), 'tst': 3}, {'pst': (125, 19), 'tst': 2}, {'pst': (130, 5), 'tst': 2}, {'pst': (130, 16), 'tst': 1}, {'pst': (134, 0), 'tst': 0}, {'pst': (109, 10), 'tst': 0}]",0.6165156384342474,8.344182497909522
135,1,,"[0, 1, 2, 3, 4, 5, 6, 7, 8, 9, 10, 11, 12, 13, 14, 15, 16, 17, 18, 19]","[{'pst': (122, 18), 'tst': 6}, {'pst': (101, 5), 'tst': 5}, {'pst': (131, 1), 'tst': 3}, {'pst': (89, 19), 'tst': 2}, {'pst': (100, 17), 'tst': 2}, {'pst': (132, 3), 'tst': 1}, {'pst': (117, 16), 'tst': 1}, {'pst': (134, 1), 'tst': 0}]",0.6165156384342474,8.344182497909522
135,2,,"[0, 1, 2, 3, 4, 5, 6, 7, 8, 9, 10, 11, 12, 13, 14, 15, 16, 17, 18, 19]","[{'pst': (111, 14), 'tst': 13}, {'pst': (115, 17), 'tst': 4}, {'pst': (124, 19), 'tst': 3}, {'pst': (132, 2), 'tst': 2}, {'pst': (99, 7), 'tst': 2}, {'pst': (101, 5), 'tst': 1}, {'pst': (134, 0), 'tst': 0}, {'pst': (128, 13), 'tst': 0}]",0.6165156384342474,8.344182497909522
135,3,,"[0, 1, 2, 3, 4, 5, 6, 7, 8, 9, 10, 11, 12, 13, 14, 15, 16, 17, 18, 19]","[{'pst': (110, 7), 'tst': 5}, {'pst': (129, 13), 'tst': 5}, {'pst': (130, 16), 'tst': 3}, {'pst': (132, 3), 'tst': 2}, {'pst': (133, 3), 'tst': 1}, {'pst': (113, 13), 'tst': 1}, {'pst': (122, 13), 'tst': 0}, {'pst': (121, 14), 'tst': 0}]",0.6165156384342474,8.344182497909522
135,4,,"[0, 1, 2, 3, 4, 5, 6, 7, 8, 9, 10, 11, 12, 13, 14, 15, 16, 17, 18, 19]","[{'pst': (126, 17), 'tst': 4}, {'pst': (122, 8), 'tst': 3}, {'pst': (122, 2), 'tst': 3}, {'pst': (121, 8), 'tst': 2}, {'pst': (121, 14), 'tst': 2}, {'pst': (123, 8), 'tst': 1}, {'pst': (134, 4), 'tst': 0}, {'pst': (123, 10), 'tst': 0}]",0.6165156384342474,8.344182497909522
135,5,,"[0, 1, 2, 3, 4, 5, 6, 7, 8, 9, 10, 11, 12, 13, 14, 15, 16, 17, 18, 19]","[{'pst': (130, 5), 'tst': 4}, {'pst': (131, 5), 'tst': 3}, {'pst': (129, 13), 'tst': 2}, {'pst': (130, 16), 'tst': 2}, {'pst': (101, 5), 'tst': 1}, {'pst': (114, 4), 'tst': 1}, {'pst': (125, 19), 'tst': 0}, {'pst': (122, 2), 'tst': 0}]",0.6165156384342474,8.344182497909522
135,6,,"[0, 1, 2, 3, 4, 5, 6, 7, 8, 9, 10, 11, 12, 13, 14, 15, 16, 17, 18, 19]","[{'pst': (123, 8), 'tst': 7}, {'pst': (121, 8), 'tst': 5}, {'pst': (129, 15), 'tst': 3}, {'pst': (119, 5), 'tst': 2}, {'pst': (129, 10), 'tst': 2}, {'pst': (133, 6), 'tst': 1}, {'pst': (117, 8), 'tst': 1}, {'pst': (134, 4), 'tst': 0}]",0.6165156384342474,8.344182497909522
135,7,,"[0, 1, 2, 3, 4, 5, 6, 7, 8, 9, 10, 11, 12, 13, 14, 15, 16, 17, 18, 19]","[{'pst': (128, 18), 'tst': 4}, {'pst': (111, 14), 'tst': 3}, {'pst': (128, 5), 'tst': 2}, {'pst': (119, 5), 'tst': 2}, {'pst': (126, 17), 'tst': 1}, {'pst': (128, 13), 'tst': 1}, {'pst': (117, 16), 'tst': 0}, {'pst': (125, 2), 'tst': 0}]",0.6165156384342474,8.344182497909522
135,8,,"[0, 1, 2, 3, 4, 5, 6, 7, 8, 9, 10, 11, 12, 13, 14, 15, 16, 17, 18, 19]","[{'pst': (122, 17), 'tst': 5}, {'pst': (111, 12), 'tst': 4}, {'pst': (131, 8), 'tst': 3}, {'pst': (130, 5), 'tst': 3}, {'pst': (99, 7), 'tst': 2}, {'pst': (121, 14), 'tst': 1}, {'pst': (110, 7), 'tst': 0}, {'pst': (123, 8), 'tst': 0}]",0.6165156384342474,8.344182497909522
135,9,,"[0, 1, 2, 3, 4, 5, 6, 7, 8, 9, 10, 11, 12, 13, 14, 15, 16, 17, 18, 19]","[{'pst': (100, 17), 'tst': 7}, {'pst': (125, 19), 'tst': 4}, {'pst': (122, 18), 'tst': 3}, {'pst': (132, 9), 'tst': 2}, {'pst': (125, 2), 'tst': 2}, {'pst': (119, 2), 'tst': 1}, {'pst': (128, 13), 'tst': 1}, {'pst': (134, 1), 'tst': 0}]",0.6165156384342474,8.344182497909522
135,10,,"[0, 1, 2, 3, 4, 5, 6, 7, 8, 9, 10, 11, 12, 13, 14, 15, 16, 17, 18, 19]","[{'pst': (123, 9), 'tst': 7}, {'pst': (96, 14), 'tst': 5}, {'pst': (114, 3), 'tst': 3}, {'pst': (127, 3), 'tst': 2}, {'pst': (107, 5), 'tst': 2}, {'pst': (125, 19), 'tst': 1}, {'pst': (123, 8), 'tst': 1}, {'pst': (129, 13), 'tst': 0}]",0.6165156384342474,8.344182497909522
135,11,,"[0, 1, 2, 3, 4, 5, 6, 7, 8, 9, 10, 11, 12, 13, 14, 15, 16, 17, 18, 19]","[{'pst': (119, 2), 'tst': 5}, {'pst': (127, 3), 'tst': 3}, {'pst': (123, 15), 'tst': 3}, {'pst': (116, 2), 'tst': 2}, {'pst': (131, 8), 'tst': 2}, {'pst': (100, 17), 'tst': 1}, {'pst': (134, 11), 'tst': 0}, {'pst': (125, 19), 'tst': 0}]",0.6165156384342474,8.344182497909522
135,12,"{'text': 'If you want to legalize drugs, then you should also legalize prostitution.'}","[0, 1, 2, 3, 4, 5, 6, 7, 8, 9, 10, 11, 12, 13, 14, 15, 16, 17, 18, 19]","[{'pst': (127, 16), 'tst': 5}, {'pst': (129, 15), 'tst': 4}, {'pst': (124, 10), 'tst': 3}, {'pst': (132, 12), 'tst': 2}, {'pst': (129, 13), 'tst': 2}, {'pst': (89, 19), 'tst': 1}, {'pst': (111, 19), 'tst': 0}, {'pst': (122, 17), 'tst': 0}]",0.6165156384342474,8.344182497909522
135,13,"{'text': 'If you want to legalize drugs, then you should also legalize prostitution.'}","[0, 1, 2, 3, 4, 5, 6, 7, 8, 9, 10, 11, 12, 13, 14, 15, 16, 17, 18, 19]","[{'pst': (129, 13), 'tst': 5}, {'pst': (124, 18), 'tst': 4}, {'pst': (129, 9), 'tst': 3}, {'pst': (108, 16), 'tst': 2}, {'pst': (121, 8), 'tst': 1}, {'pst': (123, 9), 'tst': 1}, {'pst': (124, 10), 'tst': 0}, {'pst': (96, 8), 'tst': 0}]",0.6165156384342474,8.344182497909522
135,14,,"[0, 1, 2, 3, 4, 5, 6, 7, 8, 9, 10, 11, 12, 13, 14, 15, 16, 17, 18, 19]","[{'pst': (111, 19), 'tst': 4}, {'pst': (114, 4), 'tst': 3}, {'pst': (89, 19), 'tst': 2}, {'pst': (100, 17), 'tst': 2}, {'pst': (121, 8), 'tst': 1}, {'pst': (132, 9), 'tst': 1}, {'pst': (134, 14), 'tst': 0}, {'pst': (109, 10), 'tst': 0}]",0.6165156384342474,8.344182497909522
135,15,,"[0, 1, 2, 3, 4, 5, 6, 7, 8, 9, 10, 11, 12, 13, 14, 15, 16, 17, 18, 19]","[{'pst': (119, 5), 'tst': 4}, {'pst': (100, 17), 'tst': 4}, {'pst': (122, 13), 'tst': 3}, {'pst': (114, 4), 'tst': 3}, {'pst': (107, 5), 'tst': 2}, {'pst': (121, 3), 'tst': 2}, {'pst': (121, 8), 'tst': 1}, {'pst': (124, 10), 'tst': 0}]",0.6165156384342474,8.344182497909522
135,16,,"[0, 1, 2, 3, 4, 5, 6, 7, 8, 9, 10, 11, 12, 13, 14, 15, 16, 17, 18, 19]","[{'pst': (89, 19), 'tst': 10}, {'pst': (130, 16), 'tst': 4}, {'pst': (109, 10), 'tst': 3}, {'pst': (100, 17), 'tst': 3}, {'pst': (116, 2), 'tst': 2}, {'pst': (128, 13), 'tst': 1}, {'pst': (130, 5), 'tst': 1}, {'pst': (134, 16), 'tst': 0}]",0.6165156384342474,8.344182497909522
135,17,,"[0, 1, 2, 3, 4, 5, 6, 7, 8, 9, 10, 11, 12, 13, 14, 15, 16, 17, 18, 19]","[{'pst': (122, 17), 'tst': 6}, {'pst': (115, 17), 'tst': 5}, {'pst': (129, 15), 'tst': 3}, {'pst': (119, 5), 'tst': 3}, {'pst': (133, 17), 'tst': 1}, {'pst': (128, 13), 'tst': 1}, {'pst': (114, 4), 'tst': 0}, {'pst': (110, 7), 'tst': 0}]",0.6165156384342474,8.344182497909522
135,18,,"[0, 1, 2, 3, 4, 5, 6, 7, 8, 9, 10, 11, 12, 13, 14, 15, 16, 17, 18, 19]","[{'pst': (123, 9), 'tst': 5}, {'pst': (104, 11), 'tst': 5}, {'pst': (113, 13), 'tst': 4}, {'pst': (111, 19), 'tst': 2}, {'pst': (125, 19), 'tst': 1}, {'pst': (117, 16), 'tst': 1}, {'pst': (134, 18), 'tst': 0}, {'pst': (89, 19), 'tst': 0}]",0.6165156384342474,8.344182497909522
135,19,,"[0, 1, 2, 3, 4, 5, 6, 7, 8, 9, 10, 11, 12, 13, 14, 15, 16, 17, 18, 19]","[{'pst': (117, 16), 'tst': 9}, {'pst': (117, 8), 'tst': 6}, {'pst': (119, 5), 'tst': 5}, {'pst': (122, 2), 'tst': 4}, {'pst': (124, 19), 'tst': 2}, {'pst': (129, 9), 'tst': 1}, {'pst': (134, 19), 'tst': 0}, {'pst': (111, 12), 'tst': 0}]",0.6165156384342474,8.344182497909522
136,0,,"[0, 1, 2, 3, 4, 5, 6, 7, 8, 9, 10, 11, 12, 13, 14, 15, 16, 17, 18, 19]","[{'pst': (124, 19), 'tst': 7}, {'pst': (115, 17), 'tst': 4}, {'pst': (125, 19), 'tst': 3}, {'pst': (130, 5), 'tst': 3}, {'pst': (130, 16), 'tst': 2}, {'pst': (134, 0), 'tst': 1}, {'pst': (109, 10), 'tst': 1}, {'pst': (128, 18), 'tst': 0}]",0.6165156384342474,8.344182497909522
136,1,,"[0, 1, 2, 3, 4, 5, 6, 7, 8, 9, 10, 11, 12, 13, 14, 15, 16, 17, 18, 19]","[{'pst': (122, 18), 'tst': 7}, {'pst': (89, 19), 'tst': 3}, {'pst': (100, 17), 'tst': 3}, {'pst': (132, 3), 'tst': 2}, {'pst': (117, 16), 'tst': 2}, {'pst': (134, 1), 'tst': 1}, {'pst': (119, 5), 'tst': 0}, {'pst': (127, 16), 'tst': 0}]",0.6165156384342474,8.344182497909522
136,2,,"[0, 1, 2, 3, 4, 5, 6, 7, 8, 9, 10, 11, 12, 13, 14, 15, 16, 17, 18, 19]","[{'pst': (124, 19), 'tst': 4}, {'pst': (132, 2), 'tst': 3}, {'pst': (99, 7), 'tst': 3}, {'pst': (101, 5), 'tst': 2}, {'pst': (134, 0), 'tst': 1}, {'pst': (128, 13), 'tst': 1}, {'pst': (121, 14), 'tst': 0}, {'pst': (134, 4), 'tst': 0}]",0.6165156384342474,8.344182497909522
136,3,,"[0, 1, 2, 3, 4, 5, 6, 7, 8, 9, 10, 11, 12, 13, 14, 15, 16, 17, 18, 19]","[{'pst': (110, 7), 'tst': 6}, {'pst': (130, 16), 'tst': 4}, {'pst': (133, 3), 'tst': 2}, {'pst': (113, 13), 'tst': 2}, {'pst': (122, 13), 'tst': 1}, {'pst': (121, 14), 'tst': 1}, {'pst': (134, 18), 'tst': 0}, {'pst': (134, 19), 'tst': 0}]",0.6165156384342474,8.344182497909522
136,4,"{'text': 'If you want to legalize drugs, then you should also legalize prostitution.'}","[0, 1, 2, 3, 4, 5, 6, 7, 8, 9, 10, 11, 12, 13, 14, 15, 16, 17, 18, 19]","[{'pst': (122, 2), 'tst': 4}, {'pst': (121, 8), 'tst': 3}, {'pst': (121, 14), 'tst': 3}, {'pst': (123, 8), 'tst': 2}, {'pst': (134, 4), 'tst': 1}, {'pst': (123, 10), 'tst': 1}, {'pst': (133, 6), 'tst': 0}, {'pst': (135, 12), 'tst': 0}]",0.6165156384342474,8.344182497909522
136,5,"{'text': 'If you want to legalize drugs, then you should also legalize prostitution.'}","[0, 1, 2, 3, 4, 5, 6, 7, 8, 9, 10, 11, 12, 13, 14, 15, 16, 17, 18, 19]","[{'pst': (130, 5), 'tst': 5}, {'pst': (129, 13), 'tst': 3}, {'pst': (130, 16), 'tst': 3}, {'pst': (101, 5), 'tst': 2}, {'pst': (125, 19), 'tst': 1}, {'pst': (122, 2), 'tst': 1}, {'pst': (122, 18), 'tst': 0}, {'pst': (115, 17), 'tst': 0}]",0.6165156384342474,8.344182497909522
136,6,,"[0, 1, 2, 3, 4, 5, 6, 7, 8, 9, 10, 11, 12, 13, 14, 15, 16, 17, 18, 19]","[{'pst': (123, 8), 'tst': 8}, {'pst': (121, 8), 'tst': 6}, {'pst': (119, 5), 'tst': 3}, {'pst': (133, 6), 'tst': 2}, {'pst': (117, 8), 'tst': 2}, {'pst': (134, 4), 'tst': 1}, {'pst': (133, 17), 'tst': 0}, {'pst': (121, 3), 'tst': 0}]",0.6165156384342474,8.344182497909522
136,7,,"[0, 1, 2, 3, 4, 5, 6, 7, 8, 9, 10, 11, 12, 13, 14, 15, 16, 17, 18, 19]","[{'pst': (128, 18), 'tst': 5}, {'pst': (111, 14), 'tst': 4}, {'pst': (126, 17), 'tst': 2}, {'pst': (128, 13), 'tst': 2}, {'pst': (117, 16), 'tst': 1}, {'pst': (125, 2), 'tst': 1}, {'pst': (134, 14), 'tst': 0}, {'pst': (134, 18), 'tst': 0}]",0.6165156384342474,8.344182497909522
136,8,,"[0, 1, 2, 3, 4, 5, 6, 7, 8, 9, 10, 11, 12, 13, 14, 15, 16, 17, 18, 19]","[{'pst': (111, 12), 'tst': 5}, {'pst': (131, 8), 'tst': 4}, {'pst': (99, 7), 'tst': 3}, {'pst': (121, 14), 'tst': 2}, {'pst': (110, 7), 'tst': 1}, {'pst': (123, 8), 'tst': 1}, {'pst': (129, 13), 'tst': 0}, {'pst': (123, 9), 'tst': 0}]",0.6165156384342474,8.344182497909522
136,9,,"[0, 1, 2, 3, 4, 5, 6, 7, 8, 9, 10, 11, 12, 13, 14, 15, 16, 17, 18, 19]","[{'pst': (100, 17), 'tst': 8}, {'pst': (125, 19), 'tst': 5}, {'pst': (122, 18), 'tst': 4}, {'pst': (125, 2), 'tst': 3}, {'pst': (128, 13), 'tst': 2}, {'pst': (134, 1), 'tst': 1}, {'pst': (124, 19), 'tst': 0}, {'pst': (124, 10), 'tst': 0}]",0.6165156384342474,8.344182497909522
136,10,,"[0, 1, 2, 3, 4, 5, 6, 7, 8, 9, 10, 11, 12, 13, 14, 15, 16, 17, 18, 19]","[{'pst': (123, 9), 'tst': 8}, {'pst': (127, 3), 'tst': 3}, {'pst': (107, 5), 'tst': 3}, {'pst': (125, 19), 'tst': 2}, {'pst': (123, 8), 'tst': 2}, {'pst': (129, 13), 'tst': 1}, {'pst': (111, 12), 'tst': 0}, {'pst': (130, 5), 'tst': 0}]",0.6165156384342474,8.344182497909522
136,11,,"[0, 1, 2, 3, 4, 5, 6, 7, 8, 9, 10, 11, 12, 13, 14, 15, 16, 17, 18, 19]","[{'pst': (119, 2), 'tst': 6}, {'pst': (123, 15), 'tst': 4}, {'pst': (116, 2), 'tst': 3}, {'pst': (131, 8), 'tst': 3}, {'pst': (100, 17), 'tst': 2}, {'pst': (134, 11), 'tst': 1}, {'pst': (125, 19), 'tst': 1}, {'pst': (96, 14), 'tst': 0}]",0.6165156384342474,8.344182497909522
136,12,,"[0, 1, 2, 3, 4, 5, 6, 7, 8, 9, 10, 11, 12, 13, 14, 15, 16, 17, 18, 19]","[{'pst': (127, 16), 'tst': 6}, {'pst': (124, 10), 'tst': 4}, {'pst': (129, 13), 'tst': 3}, {'pst': (89, 19), 'tst': 2}, {'pst': (111, 19), 'tst': 1}, {'pst': (122, 17), 'tst': 1}, {'pst': (135, 12), 'tst': 0}, {'pst': (122, 18), 'tst': 0}]",0.6165156384342474,8.344182497909522
136,13,,"[0, 1, 2, 3, 4, 5, 6, 7, 8, 9, 10, 11, 12, 13, 14, 15, 16, 17, 18, 19]","[{'pst': (129, 9), 'tst': 4}, {'pst': (108, 16), 'tst': 3}, {'pst': (121, 8), 'tst': 2}, {'pst': (123, 9), 'tst': 2}, {'pst': (124, 10), 'tst': 1}, {'pst': (96, 8), 'tst': 1}, {'pst': (135, 13), 'tst': 0}, {'pst': (99, 7), 'tst': 0}]",0.6165156384342474,8.344182497909522
136,14,,"[0, 1, 2, 3, 4, 5, 6, 7, 8, 9, 10, 11, 12, 13, 14, 15, 16, 17, 18, 19]","[{'pst': (114, 4), 'tst': 4}, {'pst': (89, 19), 'tst': 3}, {'pst': (100, 17), 'tst': 3}, {'pst': (121, 8), 'tst': 2}, {'pst': (134, 14), 'tst': 1}, {'pst': (109, 10), 'tst': 1}, {'pst': (128, 18), 'tst': 0}, {'pst': (121, 14), 'tst': 0}]",0.6165156384342474,8.344182497909522
136,15,,"[0, 1, 2, 3, 4, 5, 6, 7, 8, 9, 10, 11, 12, 13, 14, 15, 16, 17, 18, 19]","[{'pst': (119, 5), 'tst': 5}, {'pst': (122, 13), 'tst': 4}, {'pst': (107, 5), 'tst': 3}, {'pst': (121, 3), 'tst': 3}, {'pst': (121, 8), 'tst': 2}, {'pst': (124, 10), 'tst': 1}, {'pst': (134, 14), 'tst': 0}, {'pst': (134, 16), 'tst': 0}]",0.6165156384342474,8.344182497909522
136,16,,"[0, 1, 2, 3, 4, 5, 6, 7, 8, 9, 10, 11, 12, 13, 14, 15, 16, 17, 18, 19]","[{'pst': (130, 16), 'tst': 5}, {'pst': (109, 10), 'tst': 4}, {'pst': (100, 17), 'tst': 4}, {'pst': (116, 2), 'tst': 3}, {'pst': (128, 13), 'tst': 2}, {'pst': (134, 16), 'tst': 1}, {'pst': (129, 15), 'tst': 0}, {'pst': (134, 0), 'tst': 0}]",0.6165156384342474,8.344182497909522
136,17,,"[0, 1, 2, 3, 4, 5, 6, 7, 8, 9, 10, 11, 12, 13, 14, 15, 16, 17, 18, 19]","[{'pst': (129, 15), 'tst': 4}, {'pst': (119, 5), 'tst': 4}, {'pst': (133, 17), 'tst': 2}, {'pst': (128, 13), 'tst': 2}, {'pst': (114, 4), 'tst': 1}, {'pst': (110, 7), 'tst': 1}, {'pst': (132, 9), 'tst': 0}, {'pst': (104, 11), 'tst': 0}]",0.6165156384342474,8.344182497909522
136,18,,"[0, 1, 2, 3, 4, 5, 6, 7, 8, 9, 10, 11, 12, 13, 14, 15, 16, 17, 18, 19]","[{'pst': (104, 11), 'tst': 6}, {'pst': (113, 13), 'tst': 5}, {'pst': (125, 19), 'tst': 2}, {'pst': (117, 16), 'tst': 2}, {'pst': (134, 18), 'tst': 1}, {'pst': (89, 19), 'tst': 1}, {'pst': (124, 19), 'tst': 0}, {'pst': (115, 17), 'tst': 0}]",0.6165156384342474,8.344182497909522
136,19,,"[0, 1, 2, 3, 4, 5, 6, 7, 8, 9, 10, 11, 12, 13, 14, 15, 16, 17, 18, 19]","[{'pst': (117, 8), 'tst': 7}, {'pst': (122, 2), 'tst': 5}, {'pst': (124, 19), 'tst': 3}, {'pst': (129, 9), 'tst': 2}, {'pst': (134, 19), 'tst': 1}, {'pst': (111, 12), 'tst': 1}, {'pst': (124, 10), 'tst': 0}, {'pst': (132, 3), 'tst': 0}]",0.6165156384342474,8.344182497909522
137,0,,"[0, 1, 2, 3, 4, 5, 6, 7, 8, 9, 10, 11, 12, 13, 14, 15, 16, 17, 18, 19]","[{'pst': (124, 19), 'tst': 8}, {'pst': (125, 19), 'tst': 4}, {'pst': (130, 5), 'tst': 4}, {'pst': (130, 16), 'tst': 3}, {'pst': (134, 0), 'tst': 2}, {'pst': (109, 10), 'tst': 2}, {'pst': (128, 18), 'tst': 1}, {'pst': (111, 12), 'tst': 0}]",0.6165156384342474,8.344182497909522
137,1,,"[0, 1, 2, 3, 4, 5, 6, 7, 8, 9, 10, 11, 12, 13, 14, 15, 16, 17, 18, 19]","[{'pst': (122, 18), 'tst': 8}, {'pst': (132, 3), 'tst': 3}, {'pst': (117, 16), 'tst': 3}, {'pst': (134, 1), 'tst': 2}, {'pst': (119, 5), 'tst': 1}, {'pst': (127, 16), 'tst': 1}, {'pst': (129, 15), 'tst': 0}, {'pst': (121, 14), 'tst': 0}]",0.6165156384342474,8.344182497909522
137,2,"{'text': 'If you want to legalize drugs, then you should also legalize prostitution.'}","[0, 1, 2, 3, 4, 5, 6, 7, 8, 9, 10, 11, 12, 13, 14, 15, 16, 17, 18, 19]","[{'pst': (124, 19), 'tst': 5}, {'pst': (132, 2), 'tst': 4}, {'pst': (99, 7), 'tst': 4}, {'pst': (101, 5), 'tst': 3}, {'pst': (121, 14), 'tst': 1}, {'pst': (134, 4), 'tst': 1}, {'pst': (111, 12), 'tst': 0}, {'pst': (122, 17), 'tst': 0}]",0.6165156384342474,8.344182497909522
137,3,,"[0, 1, 2, 3, 4, 5, 6, 7, 8, 9, 10, 11, 12, 13, 14, 15, 16, 17, 18, 19]","[{'pst': (110, 7), 'tst': 7}, {'pst': (133, 3), 'tst': 3}, {'pst': (113, 13), 'tst': 3}, {'pst': (122, 13), 'tst': 2}, {'pst': (134, 18), 'tst': 1}, {'pst': (134, 19), 'tst': 1}, {'pst': (128, 13), 'tst': 0}, {'pst': (104, 11), 'tst': 0}]",0.6165156384342474,8.344182497909522
137,4,"{'text': 'If you want to legalize drugs, then you should also legalize prostitution.'}","[0, 1, 2, 3, 4, 5, 6, 7, 8, 9, 10, 11, 12, 13, 14, 15, 16, 17, 18, 19]","[{'pst': (122, 2), 'tst': 5}, {'pst': (121, 14), 'tst': 4}, {'pst': (123, 8), 'tst': 3}, {'pst': (134, 4), 'tst': 2}, {'pst': (133, 6), 'tst': 1}, {'pst': (135, 12), 'tst': 1}, {'pst': (136, 4), 'tst': 0}, {'pst': (115, 17), 'tst': 0}]",0.6165156384342474,8.344182497909522
137,5,"{'text': 'If you want to legalize drugs, then you should also legalize prostitution.'}","[0, 1, 2, 3, 4, 5, 6, 7, 8, 9, 10, 11, 12, 13, 14, 15, 16, 17, 18, 19]","[{'pst': (129, 13), 'tst': 4}, {'pst': (130, 16), 'tst': 4}, {'pst': (101, 5), 'tst': 3}, {'pst': (125, 19), 'tst': 2}, {'pst': (122, 18), 'tst': 1}, {'pst': (115, 17), 'tst': 1}, {'pst': (136, 5), 'tst': 0}, {'pst': (127, 16), 'tst': 0}]",0.6165156384342474,8.344182497909522
137,6,,"[0, 1, 2, 3, 4, 5, 6, 7, 8, 9, 10, 11, 12, 13, 14, 15, 16, 17, 18, 19]","[{'pst': (121, 8), 'tst': 7}, {'pst': (133, 6), 'tst': 3}, {'pst': (117, 8), 'tst': 3}, {'pst': (134, 4), 'tst': 2}, {'pst': (133, 17), 'tst': 1}, {'pst': (121, 3), 'tst': 1}, {'pst': (110, 7), 'tst': 0}, {'pst': (116, 2), 'tst': 0}]",0.6165156384342474,8.344182497909522
137,7,,"[0, 1, 2, 3, 4, 5, 6, 7, 8, 9, 10, 11, 12, 13, 14, 15, 16, 17, 18, 19]","[{'pst': (126, 17), 'tst': 3}, {'pst': (128, 13), 'tst': 3}, {'pst': (117, 16), 'tst': 2}, {'pst': (125, 2), 'tst': 2}, {'pst': (134, 14), 'tst': 1}, {'pst': (134, 18), 'tst': 1}, {'pst': (100, 17), 'tst': 0}, {'pst': (96, 14), 'tst': 0}]",0.6165156384342474,8.344182497909522
137,8,,"[0, 1, 2, 3, 4, 5, 6, 7, 8, 9, 10, 11, 12, 13, 14, 15, 16, 17, 18, 19]","[{'pst': (111, 12), 'tst': 6}, {'pst': (131, 8), 'tst': 5}, {'pst': (121, 14), 'tst': 3}, {'pst': (110, 7), 'tst': 2}, {'pst': (123, 8), 'tst': 2}, {'pst': (129, 13), 'tst': 1}, {'pst': (123, 9), 'tst': 1}, {'pst': (117, 8), 'tst': 0}]",0.6165156384342474,8.344182497909522
137,9,,"[0, 1, 2, 3, 4, 5, 6, 7, 8, 9, 10, 11, 12, 13, 14, 15, 16, 17, 18, 19]","[{'pst': (125, 19), 'tst': 6}, {'pst': (122, 18), 'tst': 5}, {'pst': (125, 2), 'tst': 4}, {'pst': (128, 13), 'tst': 3}, {'pst': (134, 1), 'tst': 2}, {'pst': (124, 19), 'tst': 1}, {'pst': (124, 10), 'tst': 1}, {'pst': (96, 8), 'tst': 0}]",0.6165156384342474,8.344182497909522
137,10,,"[0, 1, 2, 3, 4, 5, 6, 7, 8, 9, 10, 11, 12, 13, 14, 15, 16, 17, 18, 19]","[{'pst': (127, 3), 'tst': 4}, {'pst': (107, 5), 'tst': 4}, {'pst': (125, 19), 'tst': 3}, {'pst': (123, 8), 'tst': 3}, {'pst': (129, 13), 'tst': 2}, {'pst': (111, 12), 'tst': 1}, {'pst': (130, 5), 'tst': 1}, {'pst': (119, 2), 'tst': 0}]",0.6165156384342474,8.344182497909522
137,11,,"[0, 1, 2, 3, 4, 5, 6, 7, 8, 9, 10, 11, 12, 13, 14, 15, 16, 17, 18, 19]","[{'pst': (119, 2), 'tst': 7}, {'pst': (123, 15), 'tst': 5}, {'pst': (116, 2), 'tst': 4}, {'pst': (131, 8), 'tst': 4}, {'pst': (100, 17), 'tst': 3}, {'pst': (96, 14), 'tst': 1}, {'pst': (96, 8), 'tst': 0}, {'pst': (104, 11), 'tst': 0}]",0.6165156384342474,8.344182497909522
137,12,,"[0, 1, 2, 3, 4, 5, 6, 7, 8, 9, 10, 11, 12, 13, 14, 15, 16, 17, 18, 19]","[{'pst': (127, 16), 'tst': 7}, {'pst': (124, 10), 'tst': 5}, {'pst': (129, 13), 'tst': 4}, {'pst': (122, 17), 'tst': 2}, {'pst': (135, 12), 'tst': 1}, {'pst': (122, 18), 'tst': 1}, {'pst': (101, 5), 'tst': 0}, {'pst': (130, 5), 'tst': 0}]",0.6165156384342474,8.344182497909522
137,13,"{'text': 'If you want to legalize drugs, then you should also legalize prostitution.'}","[0, 1, 2, 3, 4, 5, 6, 7, 8, 9, 10, 11, 12, 13, 14, 15, 16, 17, 18, 19]","[{'pst': (108, 16), 'tst': 4}, {'pst': (121, 8), 'tst': 3}, {'pst': (123, 9), 'tst': 3}, {'pst': (96, 8), 'tst': 2}, {'pst': (135, 13), 'tst': 1}, {'pst': (99, 7), 'tst': 1}, {'pst': (117, 8), 'tst': 0}, {'pst': (122, 2), 'tst': 0}]",0.6165156384342474,8.344182497909522
137,14,"{'text': 'If you want to legalize drugs, then you should also legalize prostitution.'}","[0, 1, 2, 3, 4, 5, 6, 7, 8, 9, 10, 11, 12, 13, 14, 15, 16, 17, 18, 19]","[{'pst': (100, 17), 'tst': 4}, {'pst': (121, 8), 'tst': 3}, {'pst': (134, 14), 'tst': 2}, {'pst': (109, 10), 'tst': 2}, {'pst': (128, 18), 'tst': 1}, {'pst': (121, 14), 'tst': 1}, {'pst': (123, 10), 'tst': 0}, {'pst': (132, 9), 'tst': 0}]",0.6165156384342474,8.344182497909522
137,15,,"[0, 1, 2, 3, 4, 5, 6, 7, 8, 9, 10, 11, 12, 13, 14, 15, 16, 17, 18, 19]","[{'pst': (119, 5), 'tst': 6}, {'pst': (121, 3), 'tst': 4}, {'pst': (121, 8), 'tst': 3}, {'pst': (124, 10), 'tst': 2}, {'pst': (134, 14), 'tst': 1}, {'pst': (134, 16), 'tst': 1}, {'pst': (136, 5), 'tst': 0}, {'pst': (116, 2), 'tst': 0}]",0.6165156384342474,8.344182497909522
137,16,,"[0, 1, 2, 3, 4, 5, 6, 7, 8, 9, 10, 11, 12, 13, 14, 15, 16, 17, 18, 19]","[{'pst': (130, 16), 'tst': 6}, {'pst': (100, 17), 'tst': 5}, {'pst': (128, 13), 'tst': 3}, {'pst': (134, 16), 'tst': 2}, {'pst': (129, 15), 'tst': 1}, {'pst': (134, 0), 'tst': 1}, {'pst': (108, 16), 'tst': 0}, {'pst': (122, 17), 'tst': 0}]",0.6165156384342474,8.344182497909522
137,17,,"[0, 1, 2, 3, 4, 5, 6, 7, 8, 9, 10, 11, 12, 13, 14, 15, 16, 17, 18, 19]","[{'pst': (119, 5), 'tst': 5}, {'pst': (128, 13), 'tst': 3}, {'pst': (114, 4), 'tst': 2}, {'pst': (110, 7), 'tst': 2}, {'pst': (132, 9), 'tst': 1}, {'pst': (104, 11), 'tst': 1}, {'pst': (122, 13), 'tst': 0}, {'pst': (125, 2), 'tst': 0}]",0.6165156384342474,8.344182497909522
137,18,,"[0, 1, 2, 3, 4, 5, 6, 7, 8, 9, 10, 11, 12, 13, 14, 15, 16, 17, 18, 19]","[{'pst': (104, 11), 'tst': 7}, {'pst': (113, 13), 'tst': 6}, {'pst': (125, 19), 'tst': 3}, {'pst': (134, 18), 'tst': 2}, {'pst': (124, 19), 'tst': 1}, {'pst': (115, 17), 'tst': 1}, {'pst': (134, 0), 'tst': 0}, {'pst': (114, 4), 'tst': 0}]",0.6165156384342474,8.344182497909522
137,19,,"[0, 1, 2, 3, 4, 5, 6, 7, 8, 9, 10, 11, 12, 13, 14, 15, 16, 17, 18, 19]","[{'pst': (124, 19), 'tst': 4}, {'pst': (129, 9), 'tst': 3}, {'pst': (134, 19), 'tst': 2}, {'pst': (111, 12), 'tst': 2}, {'pst': (124, 10), 'tst': 1}, {'pst': (132, 3), 'tst': 1}, {'pst': (99, 7), 'tst': 0}, {'pst': (130, 16), 'tst': 0}]",0.6165156384342474,8.344182497909522
138,0,"{'text': 'If you want to legalize drugs, then you should also legalize prostitution.'}","[0, 1, 2, 3, 4, 5, 6, 7, 8, 9, 10, 11, 12, 13, 14, 15, 16, 17, 18, 19]","[{'pst': (125, 19), 'tst': 5}, {'pst': (130, 5), 'tst': 5}, {'pst': (130, 16), 'tst': 4}, {'pst': (109, 10), 'tst': 3}, {'pst': (128, 18), 'tst': 2}, {'pst': (111, 12), 'tst': 1}, {'pst': (122, 18), 'tst': 0}, {'pst': (137, 14), 'tst': 0}]",0.6165156384342474,8.344182497909522
138,1,,"[0, 1, 2, 3, 4, 5, 6, 7, 8, 9, 10, 11, 12, 13, 14, 15, 16, 17, 18, 19]","[{'pst': (132, 3), 'tst': 4}, {'pst': (134, 1), 'tst': 3}, {'pst': (119, 5), 'tst': 2}, {'pst': (127, 16), 'tst': 2}, {'pst': (129, 15), 'tst': 1}, {'pst': (121, 14), 'tst': 1}, {'pst': (128, 13), 'tst': 0}, {'pst': (137, 4), 'tst': 0}]",0.6165156384342474,8.344182497909522
138,2,"{'text': 'If you want to legalize drugs, then you should also legalize prostitution.'}","[0, 1, 2, 3, 4, 5, 6, 7, 8, 9, 10, 11, 12, 13, 14, 15, 16, 17, 18, 19]","[{'pst': (124, 19), 'tst': 6}, {'pst': (99, 7), 'tst': 5}, {'pst': (101, 5), 'tst': 4}, {'pst': (121, 14), 'tst': 2}, {'pst': (111, 12), 'tst': 1}, {'pst': (122, 17), 'tst': 1}, {'pst': (137, 2), 'tst': 0}, {'pst': (116, 2), 'tst': 0}]",0.6165156384342474,8.344182497909522
138,3,,"[0, 1, 2, 3, 4, 5, 6, 7, 8, 9, 10, 11, 12, 13, 14, 15, 16, 17, 18, 19]","[{'pst': (113, 13), 'tst': 4}, {'pst': (122, 13), 'tst': 3}, {'pst': (134, 18), 'tst': 2}, {'pst': (134, 19), 'tst': 2}, {'pst': (128, 13), 'tst': 1}, {'pst': (104, 11), 'tst': 1}, {'pst': (115, 17), 'tst': 0}, {'pst': (129, 9), 'tst': 0}]",0.6165156384342474,8.344182497909522
138,4,,"[0, 1, 2, 3, 4, 5, 6, 7, 8, 9, 10, 11, 12, 13, 14, 15, 16, 17, 18, 19]","[{'pst': (122, 2), 'tst': 6}, {'pst': (121, 14), 'tst': 5}, {'pst': (134, 4), 'tst': 3}, {'pst': (133, 6), 'tst': 2}, {'pst': (135, 12), 'tst': 2}, {'pst': (136, 4), 'tst': 1}, {'pst': (115, 17), 'tst': 1}, {'pst': (137, 4), 'tst': 0}]",0.6165156384342474,8.344182497909522
138,5,,"[0, 1, 2, 3, 4, 5, 6, 7, 8, 9, 10, 11, 12, 13, 14, 15, 16, 17, 18, 19]","[{'pst': (129, 13), 'tst': 5}, {'pst': (101, 5), 'tst': 4}, {'pst': (122, 18), 'tst': 2}, {'pst': (115, 17), 'tst': 2}, {'pst': (136, 5), 'tst': 1}, {'pst': (127, 16), 'tst': 1}, {'pst': (137, 5), 'tst': 0}, {'pst': (134, 16), 'tst': 0}]",0.6165156384342474,8.344182497909522
138,6,,"[0, 1, 2, 3, 4, 5, 6, 7, 8, 9, 10, 11, 12, 13, 14, 15, 16, 17, 18, 19]","[{'pst': (133, 6), 'tst': 4}, {'pst': (134, 4), 'tst': 3}, {'pst': (133, 17), 'tst': 2}, {'pst': (121, 3), 'tst': 2}, {'pst': (110, 7), 'tst': 1}, {'pst': (116, 2), 'tst': 1}, {'pst': (125, 19), 'tst': 0}, {'pst': (135, 12), 'tst': 0}]",0.6165156384342474,8.344182497909522
138,7,,"[0, 1, 2, 3, 4, 5, 6, 7, 8, 9, 10, 11, 12, 13, 14, 15, 16, 17, 18, 19]","[{'pst': (117, 16), 'tst': 3}, {'pst': (125, 2), 'tst': 3}, {'pst': (134, 14), 'tst': 2}, {'pst': (134, 18), 'tst': 2}, {'pst': (100, 17), 'tst': 1}, {'pst': (96, 14), 'tst': 1}, {'pst': (110, 7), 'tst': 0}, {'pst': (111, 12), 'tst': 0}]",0.6165156384342474,8.344182497909522
138,8,,"[0, 1, 2, 3, 4, 5, 6, 7, 8, 9, 10, 11, 12, 13, 14, 15, 16, 17, 18, 19]","[{'pst': (111, 12), 'tst': 7}, {'pst': (121, 14), 'tst': 4}, {'pst': (110, 7), 'tst': 3}, {'pst': (123, 8), 'tst': 3}, {'pst': (123, 9), 'tst': 2}, {'pst': (117, 8), 'tst': 1}, {'pst': (104, 11), 'tst': 0}, {'pst': (122, 17), 'tst': 0}]",0.6165156384342474,8.344182497909522
138,9,,"[0, 1, 2, 3, 4, 5, 6, 7, 8, 9, 10, 11, 12, 13, 14, 15, 16, 17, 18, 19]","[{'pst': (125, 19), 'tst': 7}, {'pst': (122, 18), 'tst': 6}, {'pst': (125, 2), 'tst': 5}, {'pst': (124, 19), 'tst': 2}, {'pst': (124, 10), 'tst': 2}, {'pst': (96, 8), 'tst': 1}, {'pst': (127, 16), 'tst': 0}, {'pst': (132, 9), 'tst': 0}]",0.6165156384342474,8.344182497909522
138,10,,"[0, 1, 2, 3, 4, 5, 6, 7, 8, 9, 10, 11, 12, 13, 14, 15, 16, 17, 18, 19]","[{'pst': (127, 3), 'tst': 5}, {'pst': (107, 5), 'tst': 5}, {'pst': (129, 13), 'tst': 3}, {'pst': (111, 12), 'tst': 2}, {'pst': (130, 5), 'tst': 2}, {'pst': (119, 2), 'tst': 1}, {'pst': (123, 10), 'tst': 0}, {'pst': (126, 17), 'tst': 0}]",0.6165156384342474,8.344182497909522
138,11,,"[0, 1, 2, 3, 4, 5, 6, 7, 8, 9, 10, 11, 12, 13, 14, 15, 16, 17, 18, 19]","[{'pst': (123, 15), 'tst': 6}, {'pst': (116, 2), 'tst': 5}, {'pst': (131, 8), 'tst': 5}, {'pst': (100, 17), 'tst': 4}, {'pst': (96, 14), 'tst': 2}, {'pst': (96, 8), 'tst': 1}, {'pst': (104, 11), 'tst': 1}, {'pst': (123, 8), 'tst': 0}]",0.6165156384342474,8.344182497909522
138,12,"{'text': 'If you want to legalize drugs, then you should also legalize prostitution.'}","[0, 1, 2, 3, 4, 5, 6, 7, 8, 9, 10, 11, 12, 13, 14, 15, 16, 17, 18, 19]","[{'pst': (124, 10), 'tst': 6}, {'pst': (129, 13), 'tst': 5}, {'pst': (135, 12), 'tst': 2}, {'pst': (122, 18), 'tst': 2}, {'pst': (101, 5), 'tst': 1}, {'pst': (130, 5), 'tst': 1}, {'pst': (129, 15), 'tst': 0}, {'pst': (99, 7), 'tst': 0}]",0.6165156384342474,8.344182497909522
138,13,,"[0, 1, 2, 3, 4, 5, 6, 7, 8, 9, 10, 11, 12, 13, 14, 15, 16, 17, 18, 19]","[{'pst': (108, 16), 'tst': 5}, {'pst': (121, 8), 'tst': 4}, {'pst': (123, 9), 'tst': 4}, {'pst': (99, 7), 'tst': 2}, {'pst': (117, 8), 'tst': 1}, {'pst': (122, 2), 'tst': 1}, {'pst': (137, 13), 'tst': 0}, {'pst': (133, 17), 'tst': 0}]",0.6165156384342474,8.344182497909522
138,14,,"[0, 1, 2, 3, 4, 5, 6, 7, 8, 9, 10, 11, 12, 13, 14, 15, 16, 17, 18, 19]","[{'pst': (121, 8), 'tst': 4}, {'pst': (109, 10), 'tst': 3}, {'pst': (128, 18), 'tst': 2}, {'pst': (121, 14), 'tst': 2}, {'pst': (123, 10), 'tst': 1}, {'pst': (132, 9), 'tst': 1}, {'pst': (137, 14), 'tst': 0}, {'pst': (137, 2), 'tst': 0}]",0.6165156384342474,8.344182497909522
138,15,,"[0, 1, 2, 3, 4, 5, 6, 7, 8, 9, 10, 11, 12, 13, 14, 15, 16, 17, 18, 19]","[{'pst': (119, 5), 'tst': 7}, {'pst': (121, 3), 'tst': 5}, {'pst': (121, 8), 'tst': 4}, {'pst': (134, 14), 'tst': 2}, {'pst': (136, 5), 'tst': 1}, {'pst': (116, 2), 'tst': 1}, {'pst': (135, 12), 'tst': 0}, {'pst': (126, 17), 'tst': 0}]",0.6165156384342474,8.344182497909522
138,16,"{'text': 'If you want to legalize drugs, then you should also legalize prostitution.'}","[0, 1, 2, 3, 4, 5, 6, 7, 8, 9, 10, 11, 12, 13, 14, 15, 16, 17, 18, 19]","[{'pst': (130, 16), 'tst': 7}, {'pst': (128, 13), 'tst': 4}, {'pst': (129, 15), 'tst': 2}, {'pst': (134, 0), 'tst': 2}, {'pst': (108, 16), 'tst': 1}, {'pst': (122, 17), 'tst': 1}, {'pst': (119, 2), 'tst': 0}, {'pst': (121, 14), 'tst': 0}]",0.6165156384342474,8.344182497909522
138,17,,"[0, 1, 2, 3, 4, 5, 6, 7, 8, 9, 10, 11, 12, 13, 14, 15, 16, 17, 18, 19]","[{'pst': (128, 13), 'tst': 4}, {'pst': (114, 4), 'tst': 3}, {'pst': (110, 7), 'tst': 3}, {'pst': (132, 9), 'tst': 2}, {'pst': (104, 11), 'tst': 2}, {'pst': (122, 13), 'tst': 1}, {'pst': (125, 2), 'tst': 1}, {'pst': (124, 19), 'tst': 0}]",0.6165156384342474,8.344182497909522
138,18,,"[0, 1, 2, 3, 4, 5, 6, 7, 8, 9, 10, 11, 12, 13, 14, 15, 16, 17, 18, 19]","[{'pst': (104, 11), 'tst': 8}, {'pst': (113, 13), 'tst': 7}, {'pst': (125, 19), 'tst': 4}, {'pst': (134, 18), 'tst': 3}, {'pst': (124, 19), 'tst': 2}, {'pst': (134, 0), 'tst': 1}, {'pst': (114, 4), 'tst': 1}, {'pst': (109, 10), 'tst': 0}]",0.6165156384342474,8.344182497909522
138,19,"{'text': 'If you want to legalize drugs, then you should also legalize prostitution.'}","[0, 1, 2, 3, 4, 5, 6, 7, 8, 9, 10, 11, 12, 13, 14, 15, 16, 17, 18, 19]","[{'pst': (129, 9), 'tst': 4}, {'pst': (134, 19), 'tst': 3}, {'pst': (111, 12), 'tst': 3}, {'pst': (124, 10), 'tst': 2}, {'pst': (99, 7), 'tst': 1}, {'pst': (130, 16), 'tst': 1}, {'pst': (137, 2), 'tst': 0}, {'pst': (121, 3), 'tst': 0}]",0.6165156384342474,8.344182497909522
139,0,,"[0, 1, 2, 3, 4, 5, 6, 7, 8, 9, 10, 11, 12, 13, 14, 15, 16, 17, 18, 19]","[{'pst': (125, 19), 'tst': 6}, {'pst': (130, 16), 'tst': 5}, {'pst': (128, 18), 'tst': 3}, {'pst': (111, 12), 'tst': 2}, {'pst': (122, 18), 'tst': 1}, {'pst': (137, 14), 'tst': 1}, {'pst': (138, 0), 'tst': 0}, {'pst': (99, 7), 'tst': 0}]",0.6165156384342474,8.344182497909522
139,1,"{'text': 'If you want to legalize drugs, then you should also legalize prostitution.'}","[0, 1, 2, 3, 4, 5, 6, 7, 8, 9, 10, 11, 12, 13, 14, 15, 16, 17, 18, 19]","[{'pst': (119, 5), 'tst': 3}, {'pst': (127, 16), 'tst': 3}, {'pst': (129, 15), 'tst': 2}, {'pst': (121, 14), 'tst': 2}, {'pst': (128, 13), 'tst': 1}, {'pst': (137, 4), 'tst': 1}, {'pst': (110, 7), 'tst': 0}, {'pst': (122, 17), 'tst': 0}]",0.6165156384342474,8.344182497909522
139,2,,"[0, 1, 2, 3, 4, 5, 6, 7, 8, 9, 10, 11, 12, 13, 14, 15, 16, 17, 18, 19]","[{'pst': (124, 19), 'tst': 7}, {'pst': (121, 14), 'tst': 3}, {'pst': (111, 12), 'tst': 2}, {'pst': (122, 17), 'tst': 2}, {'pst': (137, 2), 'tst': 1}, {'pst': (116, 2), 'tst': 1}, {'pst': (138, 2), 'tst': 0}, {'pst': (109, 10), 'tst': 0}]",0.6165156384342474,8.344182497909522
139,3,"{'text': 'If you want to legalize drugs, then you should also legalize prostitution.'}","[0, 1, 2, 3, 4, 5, 6, 7, 8, 9, 10, 11, 12, 13, 14, 15, 16, 17, 18, 19]","[{'pst': (134, 18), 'tst': 3}, {'pst': (134, 19), 'tst': 3}, {'pst': (128, 13), 'tst': 2}, {'pst': (104, 11), 'tst': 2}, {'pst': (115, 17), 'tst': 1}, {'pst': (129, 9), 'tst': 1}, {'pst': (134, 4), 'tst': 0}, {'pst': (138, 2), 'tst': 0}]",0.6165156384342474,8.344182497909522
139,4,"{'text': 'If you want to legalize drugs, then you should also legalize prostitution.'}","[0, 1, 2, 3, 4, 5, 6, 7, 8, 9, 10, 11, 12, 13, 14, 15, 16, 17, 18, 19]","[{'pst': (122, 2), 'tst': 7}, {'pst': (121, 14), 'tst': 6}, {'pst': (133, 6), 'tst': 3}, {'pst': (135, 12), 'tst': 3}, {'pst': (136, 4), 'tst': 2}, {'pst': (137, 4), 'tst': 1}, {'pst': (122, 18), 'tst': 0}, {'pst': (116, 2), 'tst': 0}]",0.6165156384342474,8.344182497909522
139,5,,"[0, 1, 2, 3, 4, 5, 6, 7, 8, 9, 10, 11, 12, 13, 14, 15, 16, 17, 18, 19]","[{'pst': (129, 13), 'tst': 6}, {'pst': (122, 18), 'tst': 3}, {'pst': (115, 17), 'tst': 3}, {'pst': (136, 5), 'tst': 2}, {'pst': (127, 16), 'tst': 2}, {'pst': (137, 5), 'tst': 1}, {'pst': (134, 16), 'tst': 1}, {'pst': (134, 4), 'tst': 0}]",0.6165156384342474,8.344182497909522
139,6,"{'text': 'If you want to legalize drugs, then you should also legalize prostitution.'}","[0, 1, 2, 3, 4, 5, 6, 7, 8, 9, 10, 11, 12, 13, 14, 15, 16, 17, 18, 19]","[{'pst': (133, 17), 'tst': 3}, {'pst': (121, 3), 'tst': 3}, {'pst': (110, 7), 'tst': 2}, {'pst': (116, 2), 'tst': 2}, {'pst': (125, 19), 'tst': 1}, {'pst': (135, 12), 'tst': 1}, {'pst': (123, 15), 'tst': 0}, {'pst': (137, 5), 'tst': 0}]",0.6165156384342474,8.344182497909522
139,7,,"[0, 1, 2, 3, 4, 5, 6, 7, 8, 9, 10, 11, 12, 13, 14, 15, 16, 17, 18, 19]","[{'pst': (125, 2), 'tst': 4}, {'pst': (134, 14), 'tst': 3}, {'pst': (100, 17), 'tst': 2}, {'pst': (96, 14), 'tst': 2}, {'pst': (110, 7), 'tst': 1}, {'pst': (111, 12), 'tst': 1}, {'pst': (125, 19), 'tst': 0}, {'pst': (113, 13), 'tst': 0}]",0.6165156384342474,8.344182497909522
139,8,,"[0, 1, 2, 3, 4, 5, 6, 7, 8, 9, 10, 11, 12, 13, 14, 15, 16, 17, 18, 19]","[{'pst': (111, 12), 'tst': 8}, {'pst': (121, 14), 'tst': 5}, {'pst': (123, 8), 'tst': 4}, {'pst': (123, 9), 'tst': 3}, {'pst': (117, 8), 'tst': 2}, {'pst': (104, 11), 'tst': 1}, {'pst': (122, 17), 'tst': 1}, {'pst': (117, 16), 'tst': 0}]",0.6165156384342474,8.344182497909522
139,9,,"[0, 1, 2, 3, 4, 5, 6, 7, 8, 9, 10, 11, 12, 13, 14, 15, 16, 17, 18, 19]","[{'pst': (125, 2), 'tst': 6}, {'pst': (124, 19), 'tst': 3}, {'pst': (124, 10), 'tst': 3}, {'pst': (96, 8), 'tst': 2}, {'pst': (127, 16), 'tst': 1}, {'pst': (132, 9), 'tst': 1}, {'pst': (127, 3), 'tst': 0}, {'pst': (137, 14), 'tst': 0}]",0.6165156384342474,8.344182497909522
139,10,,"[0, 1, 2, 3, 4, 5, 6, 7, 8, 9, 10, 11, 12, 13, 14, 15, 16, 17, 18, 19]","[{'pst': (127, 3), 'tst': 6}, {'pst': (111, 12), 'tst': 3}, {'pst': (130, 5), 'tst': 3}, {'pst': (119, 2), 'tst': 2}, {'pst': (123, 10), 'tst': 1}, {'pst': (126, 17), 'tst': 1}, {'pst': (134, 19), 'tst': 0}, {'pst': (123, 15), 'tst': 0}]",0.6165156384342474,8.344182497909522
139,11,"{'text': 'If you want to legalize drugs, then you should also legalize prostitution.'}","[0, 1, 2, 3, 4, 5, 6, 7, 8, 9, 10, 11, 12, 13, 14, 15, 16, 17, 18, 19]","[{'pst': (123, 15), 'tst': 7}, {'pst': (116, 2), 'tst': 6}, {'pst': (131, 8), 'tst': 6}, {'pst': (96, 14), 'tst': 3}, {'pst': (96, 8), 'tst': 2}, {'pst': (123, 8), 'tst': 1}, {'pst': (113, 13), 'tst': 0}, {'pst': (114, 4), 'tst': 0}]",0.6165156384342474,8.344182497909522
139,12,"{'text': 'If you want to legalize drugs, then you should also legalize prostitution.'}","[0, 1, 2, 3, 4, 5, 6, 7, 8, 9, 10, 11, 12, 13, 14, 15, 16, 17, 18, 19]","[{'pst': (135, 12), 'tst': 3}, {'pst': (122, 18), 'tst': 3}, {'pst': (101, 5), 'tst': 2}, {'pst': (130, 5), 'tst': 2}, {'pst': (129, 15), 'tst': 1}, {'pst': (99, 7), 'tst': 1}, {'pst': (138, 12), 'tst': 0}, {'pst': (108, 16), 'tst': 0}]",0.6165156384342474,8.344182497909522
139,13,,"[0, 1, 2, 3, 4, 5, 6, 7, 8, 9, 10, 11, 12, 13, 14, 15, 16, 17, 18, 19]","[{'pst': (121, 8), 'tst': 5}, {'pst': (99, 7), 'tst': 3}, {'pst': (117, 8), 'tst': 2}, {'pst': (122, 2), 'tst': 2}, {'pst': (137, 13), 'tst': 1}, {'pst': (133, 17), 'tst': 1}, {'pst': (138, 19), 'tst': 0}, {'pst': (137, 14), 'tst': 0}]",0.6165156384342474,8.344182497909522
139,14,,"[0, 1, 2, 3, 4, 5, 6, 7, 8, 9, 10, 11, 12, 13, 14, 15, 16, 17, 18, 19]","[{'pst': (109, 10), 'tst': 4}, {'pst': (128, 18), 'tst': 3}, {'pst': (121, 14), 'tst': 3}, {'pst': (132, 9), 'tst': 2}, {'pst': (137, 14), 'tst': 1}, {'pst': (137, 2), 'tst': 1}, {'pst': (125, 19), 'tst': 0}, {'pst': (100, 17), 'tst': 0}]",0.6165156384342474,8.344182497909522
139,15,,"[0, 1, 2, 3, 4, 5, 6, 7, 8, 9, 10, 11, 12, 13, 14, 15, 16, 17, 18, 19]","[{'pst': (121, 8), 'tst': 5}, {'pst': (134, 14), 'tst': 3}, {'pst': (136, 5), 'tst': 2}, {'pst': (116, 2), 'tst': 2}, {'pst': (135, 12), 'tst': 1}, {'pst': (126, 17), 'tst': 1}, {'pst': (119, 5), 'tst': 0}, {'pst': (133, 17), 'tst': 0}]",0.6165156384342474,8.344182497909522
139,16,,"[0, 1, 2, 3, 4, 5, 6, 7, 8, 9, 10, 11, 12, 13, 14, 15, 16, 17, 18, 19]","[{'pst': (130, 16), 'tst': 8}, {'pst': (128, 13), 'tst': 5}, {'pst': (134, 0), 'tst': 3}, {'pst': (108, 16), 'tst': 2}, {'pst': (122, 17), 'tst': 2}, {'pst': (119, 2), 'tst': 1}, {'pst': (121, 14), 'tst': 1}, {'pst': (138, 16), 'tst': 0}]",0.6165156384342474,8.344182497909522
139,17,,"[0, 1, 2, 3, 4, 5, 6, 7, 8, 9, 10, 11, 12, 13, 14, 15, 16, 17, 18, 19]","[{'pst': (114, 4), 'tst': 4}, {'pst': (132, 9), 'tst': 3}, {'pst': (104, 11), 'tst': 3}, {'pst': (122, 13), 'tst': 2}, {'pst': (125, 2), 'tst': 2}, {'pst': (124, 19), 'tst': 1}, {'pst': (138, 0), 'tst': 0}, {'pst': (111, 12), 'tst': 0}]",0.6165156384342474,8.344182497909522
139,18,"{'text': 'If you want to legalize drugs, then you should also legalize prostitution.'}","[0, 1, 2, 3, 4, 5, 6, 7, 8, 9, 10, 11, 12, 13, 14, 15, 16, 17, 18, 19]","[{'pst': (125, 19), 'tst': 5}, {'pst': (134, 18), 'tst': 4}, {'pst': (124, 19), 'tst': 3}, {'pst': (134, 0), 'tst': 2}, {'pst': (114, 4), 'tst': 2}, {'pst': (109, 10), 'tst': 1}, {'pst': (121, 3), 'tst': 0}, {'pst': (129, 9), 'tst': 0}]",0.6165156384342474,8.344182497909522
139,19,,"[0, 1, 2, 3, 4, 5, 6, 7, 8, 9, 10, 11, 12, 13, 14, 15, 16, 17, 18, 19]","[{'pst': (111, 12), 'tst': 4}, {'pst': (124, 10), 'tst': 3}, {'pst': (99, 7), 'tst': 2}, {'pst': (130, 16), 'tst': 2}, {'pst': (137, 2), 'tst': 1}, {'pst': (121, 3), 'tst': 1}, {'pst': (138, 19), 'tst': 0}, {'pst': (136, 5), 'tst': 0}]",0.6165156384342474,8.344182497909522
140,0,,"[0, 1, 2, 3, 4, 5, 6, 7, 8, 9, 10, 11, 12, 13, 14, 15, 16, 17, 18, 19]","[{'pst': (130, 16), 'tst': 6}, {'pst': (111, 12), 'tst': 3}, {'pst': (122, 18), 'tst': 2}, {'pst': (137, 14), 'tst': 2}, {'pst': (138, 0), 'tst': 1}, {'pst': (99, 7), 'tst': 1}, {'pst': (114, 4), 'tst': 0}, {'pst': (117, 16), 'tst': 0}]",0.6165156384342474,8.344182497909522
140,1,,"[0, 1, 2, 3, 4, 5, 6, 7, 8, 9, 10, 11, 12, 13, 14, 15, 16, 17, 18, 19]","[{'pst': (127, 16), 'tst': 4}, {'pst': (129, 15), 'tst': 3}, {'pst': (128, 13), 'tst': 2}, {'pst': (137, 4), 'tst': 2}, {'pst': (110, 7), 'tst': 1}, {'pst': (122, 17), 'tst': 1}, {'pst': (139, 1), 'tst': 0}, {'pst': (115, 17), 'tst': 0}]",0.6165156384342474,8.344182497909522
140,2,"{'text': 'If you want to legalize drugs, then you should also legalize prostitution.'}","[0, 1, 2, 3, 4, 5, 6, 7, 8, 9, 10, 11, 12, 13, 14, 15, 16, 17, 18, 19]","[{'pst': (121, 14), 'tst': 4}, {'pst': (122, 17), 'tst': 3}, {'pst': (137, 2), 'tst': 2}, {'pst': (116, 2), 'tst': 2}, {'pst': (138, 2), 'tst': 1}, {'pst': (109, 10), 'tst': 1}, {'pst': (133, 17), 'tst': 0}, {'pst': (138, 19), 'tst': 0}]",0.6165156384342474,8.344182497909522
140,3,"{'text': 'If you want to legalize drugs, then you should also legalize prostitution.'}","[0, 1, 2, 3, 4, 5, 6, 7, 8, 9, 10, 11, 12, 13, 14, 15, 16, 17, 18, 19]","[{'pst': (134, 18), 'tst': 4}, {'pst': (134, 19), 'tst': 4}, {'pst': (115, 17), 'tst': 2}, {'pst': (129, 9), 'tst': 2}, {'pst': (134, 4), 'tst': 1}, {'pst': (138, 2), 'tst': 1}, {'pst': (139, 3), 'tst': 0}, {'pst': (109, 10), 'tst': 0}]",0.6165156384342474,8.344182497909522
140,4,,"[0, 1, 2, 3, 4, 5, 6, 7, 8, 9, 10, 11, 12, 13, 14, 15, 16, 17, 18, 19]","[{'pst': (122, 2), 'tst': 8}, {'pst': (133, 6), 'tst': 4}, {'pst': (136, 4), 'tst': 3}, {'pst': (137, 4), 'tst': 2}, {'pst': (122, 18), 'tst': 1}, {'pst': (116, 2), 'tst': 1}, {'pst': (139, 4), 'tst': 0}, {'pst': (114, 4), 'tst': 0}]",0.6165156384342474,8.344182497909522
140,5,"{'text': 'If you want to legalize drugs, then you should also legalize prostitution.'}","[0, 1, 2, 3, 4, 5, 6, 7, 8, 9, 10, 11, 12, 13, 14, 15, 16, 17, 18, 19]","[{'pst': (122, 18), 'tst': 4}, {'pst': (115, 17), 'tst': 4}, {'pst': (136, 5), 'tst': 3}, {'pst': (137, 5), 'tst': 2}, {'pst': (134, 16), 'tst': 2}, {'pst': (134, 4), 'tst': 1}, {'pst': (119, 2), 'tst': 0}, {'pst': (104, 11), 'tst': 0}]",0.6165156384342474,8.344182497909522
140,6,"{'text': 'If you want to legalize drugs, then you should also legalize prostitution.'}","[0, 1, 2, 3, 4, 5, 6, 7, 8, 9, 10, 11, 12, 13, 14, 15, 16, 17, 18, 19]","[{'pst': (133, 17), 'tst': 4}, {'pst': (121, 3), 'tst': 4}, {'pst': (110, 7), 'tst': 3}, {'pst': (135, 12), 'tst': 2}, {'pst': (123, 15), 'tst': 1}, {'pst': (137, 5), 'tst': 1}, {'pst': (139, 6), 'tst': 0}, {'pst': (126, 17), 'tst': 0}]",0.6165156384342474,8.344182497909522
140,7,,"[0, 1, 2, 3, 4, 5, 6, 7, 8, 9, 10, 11, 12, 13, 14, 15, 16, 17, 18, 19]","[{'pst': (134, 14), 'tst': 4}, {'pst': (100, 17), 'tst': 3}, {'pst': (96, 14), 'tst': 3}, {'pst': (110, 7), 'tst': 2}, {'pst': (111, 12), 'tst': 2}, {'pst': (125, 19), 'tst': 1}, {'pst': (113, 13), 'tst': 1}, {'pst': (127, 3), 'tst': 0}]",0.6165156384342474,8.344182497909522
140,8,,"[0, 1, 2, 3, 4, 5, 6, 7, 8, 9, 10, 11, 12, 13, 14, 15, 16, 17, 18, 19]","[{'pst': (121, 14), 'tst': 6}, {'pst': (123, 9), 'tst': 4}, {'pst': (117, 8), 'tst': 3}, {'pst': (104, 11), 'tst': 2}, {'pst': (122, 17), 'tst': 2}, {'pst': (117, 16), 'tst': 1}, {'pst': (101, 5), 'tst': 0}, {'pst': (110, 7), 'tst': 0}]",0.6165156384342474,8.344182497909522
140,9,"{'text': ""I don't think it's a good idea to legalize drugs.""}","[0, 1, 2, 3, 4, 5, 6, 7, 8, 9, 10, 11, 12, 13, 14, 15, 16, 17, 18, 19]","[{'pst': (124, 19), 'tst': 4}, {'pst': (124, 10), 'tst': 4}, {'pst': (96, 8), 'tst': 3}, {'pst': (127, 16), 'tst': 2}, {'pst': (127, 3), 'tst': 1}, {'pst': (137, 14), 'tst': 1}, {'pst': (114, 4), 'tst': 0}, {'pst': (136, 4), 'tst': 0}]",0.6165156384342474,8.344182497909522
140,10,,"[0, 1, 2, 3, 4, 5, 6, 7, 8, 9, 10, 11, 12, 13, 14, 15, 16, 17, 18, 19]","[{'pst': (130, 5), 'tst': 4}, {'pst': (119, 2), 'tst': 3}, {'pst': (123, 10), 'tst': 2}, {'pst': (126, 17), 'tst': 2}, {'pst': (134, 19), 'tst': 1}, {'pst': (123, 15), 'tst': 1}, {'pst': (122, 13), 'tst': 0}, {'pst': (129, 13), 'tst': 0}]",0.6165156384342474,8.344182497909522
140,11,,"[0, 1, 2, 3, 4, 5, 6, 7, 8, 9, 10, 11, 12, 13, 14, 15, 16, 17, 18, 19]","[{'pst': (116, 2), 'tst': 7}, {'pst': (96, 14), 'tst': 4}, {'pst': (96, 8), 'tst': 3}, {'pst': (123, 8), 'tst': 2}, {'pst': (113, 13), 'tst': 1}, {'pst': (114, 4), 'tst': 1}, {'pst': (139, 11), 'tst': 0}, {'pst': (134, 4), 'tst': 0}]",0.6165156384342474,8.344182497909522
140,12,,"[0, 1, 2, 3, 4, 5, 6, 7, 8, 9, 10, 11, 12, 13, 14, 15, 16, 17, 18, 19]","[{'pst': (135, 12), 'tst': 4}, {'pst': (101, 5), 'tst': 3}, {'pst': (130, 5), 'tst': 3}, {'pst': (129, 15), 'tst': 2}, {'pst': (138, 12), 'tst': 1}, {'pst': (108, 16), 'tst': 1}, {'pst': (139, 12), 'tst': 0}, {'pst': (138, 19), 'tst': 0}]",0.6165156384342474,8.344182497909522
140,13,"{'text': 'If you want to legalize drugs, then you should also legalize prostitution.'}","[0, 1, 2, 3, 4, 5, 6, 7, 8, 9, 10, 11, 12, 13, 14, 15, 16, 17, 18, 19]","[{'pst': (121, 8), 'tst': 6}, {'pst': (117, 8), 'tst': 3}, {'pst': (122, 2), 'tst': 3}, {'pst': (133, 17), 'tst': 2}, {'pst': (138, 19), 'tst': 1}, {'pst': (137, 14), 'tst': 1}, {'pst': (136, 5), 'tst': 0}, {'pst': (119, 5), 'tst': 0}]",0.6165156384342474,8.344182497909522
140,14,,"[0, 1, 2, 3, 4, 5, 6, 7, 8, 9, 10, 11, 12, 13, 14, 15, 16, 17, 18, 19]","[{'pst': (109, 10), 'tst': 5}, {'pst': (121, 14), 'tst': 4}, {'pst': (132, 9), 'tst': 3}, {'pst': (137, 2), 'tst': 2}, {'pst': (125, 19), 'tst': 1}, {'pst': (100, 17), 'tst': 1}, {'pst': (127, 16), 'tst': 0}, {'pst': (123, 8), 'tst': 0}]",0.6165156384342474,8.344182497909522
140,15,,"[0, 1, 2, 3, 4, 5, 6, 7, 8, 9, 10, 11, 12, 13, 14, 15, 16, 17, 18, 19]","[{'pst': (121, 8), 'tst': 6}, {'pst': (134, 14), 'tst': 4}, {'pst': (135, 12), 'tst': 2}, {'pst': (126, 17), 'tst': 2}, {'pst': (119, 5), 'tst': 1}, {'pst': (133, 17), 'tst': 1}, {'pst': (138, 0), 'tst': 0}, {'pst': (138, 19), 'tst': 0}]",0.6165156384342474,8.344182497909522
140,16,,"[0, 1, 2, 3, 4, 5, 6, 7, 8, 9, 10, 11, 12, 13, 14, 15, 16, 17, 18, 19]","[{'pst': (128, 13), 'tst': 6}, {'pst': (108, 16), 'tst': 3}, {'pst': (122, 17), 'tst': 3}, {'pst': (119, 2), 'tst': 2}, {'pst': (121, 14), 'tst': 2}, {'pst': (138, 16), 'tst': 1}, {'pst': (134, 4), 'tst': 0}, {'pst': (130, 16), 'tst': 0}]",0.6165156384342474,8.344182497909522
140,17,,"[0, 1, 2, 3, 4, 5, 6, 7, 8, 9, 10, 11, 12, 13, 14, 15, 16, 17, 18, 19]","[{'pst': (114, 4), 'tst': 5}, {'pst': (132, 9), 'tst': 4}, {'pst': (104, 11), 'tst': 4}, {'pst': (124, 19), 'tst': 2}, {'pst': (138, 0), 'tst': 1}, {'pst': (111, 12), 'tst': 1}, {'pst': (121, 8), 'tst': 0}, {'pst': (121, 3), 'tst': 0}]",0.6165156384342474,8.344182497909522
140,18,"{'text': 'If you want to legalize drugs, then you should also legalize prostitution.'}","[0, 1, 2, 3, 4, 5, 6, 7, 8, 9, 10, 11, 12, 13, 14, 15, 16, 17, 18, 19]","[{'pst': (124, 19), 'tst': 4}, {'pst': (134, 0), 'tst': 3}, {'pst': (114, 4), 'tst': 3}, {'pst': (109, 10), 'tst': 2}, {'pst': (121, 3), 'tst': 1}, {'pst': (129, 9), 'tst': 1}, {'pst': (139, 18), 'tst': 0}, {'pst': (139, 12), 'tst': 0}]",0.6165156384342474,8.344182497909522
140,19,,"[0, 1, 2, 3, 4, 5, 6, 7, 8, 9, 10, 11, 12, 13, 14, 15, 16, 17, 18, 19]","[{'pst': (124, 10), 'tst': 4}, {'pst': (99, 7), 'tst': 3}, {'pst': (137, 2), 'tst': 2}, {'pst': (121, 3), 'tst': 2}, {'pst': (138, 19), 'tst': 1}, {'pst': (136, 5), 'tst': 1}, {'pst': (101, 5), 'tst': 0}, {'pst': (124, 19), 'tst': 0}]",0.6165156384342474,8.344182497909522
141,0,"{'text': 'If you want to legalize drugs, then you should also legalize prostitution.'}","[0, 1, 2, 3, 4, 5, 6, 7, 8, 9, 10, 11, 12, 13, 14, 15, 16, 17, 18, 19]","[{'pst': (111, 12), 'tst': 4}, {'pst': (122, 18), 'tst': 3}, {'pst': (138, 0), 'tst': 2}, {'pst': (99, 7), 'tst': 2}, {'pst': (114, 4), 'tst': 1}, {'pst': (117, 16), 'tst': 1}, {'pst': (115, 17), 'tst': 0}, {'pst': (104, 11), 'tst': 0}]",0.6165156384342474,8.344182497909522
141,1,,"[0, 1, 2, 3, 4, 5, 6, 7, 8, 9, 10, 11, 12, 13, 14, 15, 16, 17, 18, 19]","[{'pst': (127, 16), 'tst': 5}, {'pst': (128, 13), 'tst': 3}, {'pst': (137, 4), 'tst': 3}, {'pst': (110, 7), 'tst': 2}, {'pst': (122, 17), 'tst': 2}, {'pst': (139, 1), 'tst': 1}, {'pst': (115, 17), 'tst': 1}, {'pst': (114, 4), 'tst': 0}]",0.6165156384342474,8.344182497909522
141,2,,"[0, 1, 2, 3, 4, 5, 6, 7, 8, 9, 10, 11, 12, 13, 14, 15, 16, 17, 18, 19]","[{'pst': (121, 14), 'tst': 5}, {'pst': (137, 2), 'tst': 3}, {'pst': (138, 2), 'tst': 2}, {'pst': (109, 10), 'tst': 2}, {'pst': (133, 17), 'tst': 1}, {'pst': (138, 19), 'tst': 1}, {'pst': (140, 2), 'tst': 0}, {'pst': (117, 16), 'tst': 0}]",0.6165156384342474,8.344182497909522
141,3,,"[0, 1, 2, 3, 4, 5, 6, 7, 8, 9, 10, 11, 12, 13, 14, 15, 16, 17, 18, 19]","[{'pst': (134, 18), 'tst': 5}, {'pst': (129, 9), 'tst': 3}, {'pst': (134, 4), 'tst': 2}, {'pst': (138, 2), 'tst': 2}, {'pst': (139, 3), 'tst': 1}, {'pst': (109, 10), 'tst': 1}, {'pst': (140, 3), 'tst': 0}, {'pst': (139, 6), 'tst': 0}]",0.6165156384342474,8.344182497909522
141,4,,"[0, 1, 2, 3, 4, 5, 6, 7, 8, 9, 10, 11, 12, 13, 14, 15, 16, 17, 18, 19]","[{'pst': (133, 6), 'tst': 5}, {'pst': (137, 4), 'tst': 3}, {'pst': (122, 18), 'tst': 2}, {'pst': (116, 2), 'tst': 2}, {'pst': (139, 4), 'tst': 1}, {'pst': (114, 4), 'tst': 1}, {'pst': (140, 6), 'tst': 0}, {'pst': (134, 4), 'tst': 0}]",0.6165156384342474,8.344182497909522
141,5,,"[0, 1, 2, 3, 4, 5, 6, 7, 8, 9, 10, 11, 12, 13, 14, 15, 16, 17, 18, 19]","[{'pst': (122, 18), 'tst': 5}, {'pst': (115, 17), 'tst': 5}, {'pst': (137, 5), 'tst': 3}, {'pst': (134, 4), 'tst': 2}, {'pst': (119, 2), 'tst': 1}, {'pst': (104, 11), 'tst': 1}, {'pst': (140, 5), 'tst': 0}, {'pst': (117, 16), 'tst': 0}]",0.6165156384342474,8.344182497909522
141,6,,"[0, 1, 2, 3, 4, 5, 6, 7, 8, 9, 10, 11, 12, 13, 14, 15, 16, 17, 18, 19]","[{'pst': (133, 17), 'tst': 5}, {'pst': (110, 7), 'tst': 4}, {'pst': (135, 12), 'tst': 3}, {'pst': (137, 5), 'tst': 2}, {'pst': (139, 6), 'tst': 1}, {'pst': (126, 17), 'tst': 1}, {'pst': (140, 6), 'tst': 0}, {'pst': (119, 5), 'tst': 0}]",0.6165156384342474,8.344182497909522
141,7,,"[0, 1, 2, 3, 4, 5, 6, 7, 8, 9, 10, 11, 12, 13, 14, 15, 16, 17, 18, 19]","[{'pst': (100, 17), 'tst': 4}, {'pst': (96, 14), 'tst': 4}, {'pst': (110, 7), 'tst': 3}, {'pst': (111, 12), 'tst': 3}, {'pst': (125, 19), 'tst': 2}, {'pst': (113, 13), 'tst': 2}, {'pst': (127, 3), 'tst': 1}, {'pst': (139, 11), 'tst': 0}]",0.6165156384342474,8.344182497909522
141,8,,"[0, 1, 2, 3, 4, 5, 6, 7, 8, 9, 10, 11, 12, 13, 14, 15, 16, 17, 18, 19]","[{'pst': (123, 9), 'tst': 5}, {'pst': (117, 8), 'tst': 4}, {'pst': (104, 11), 'tst': 3}, {'pst': (117, 16), 'tst': 2}, {'pst': (101, 5), 'tst': 1}, {'pst': (110, 7), 'tst': 1}, {'pst': (119, 2), 'tst': 0}, {'pst': (137, 14), 'tst': 0}]",0.6165156384342474,8.344182497909522
141,9,"{'text': 'If you want to legalize drugs, then you should also legalize prostitution.'}","[0, 1, 2, 3, 4, 5, 6, 7, 8, 9, 10, 11, 12, 13, 14, 15, 16, 17, 18, 19]","[{'pst': (124, 10), 'tst': 5}, {'pst': (127, 16), 'tst': 3}, {'pst': (127, 3), 'tst': 2}, {'pst': (137, 14), 'tst': 2}, {'pst': (114, 4), 'tst': 1}, {'pst': (136, 4), 'tst': 1}, {'pst': (140, 9), 'tst': 0}, {'pst': (111, 12), 'tst': 0}]",0.5197382579137843,6.541274105146675
141,10,,"[0, 1, 2, 3, 4, 5, 6, 7, 8, 9, 10, 11, 12, 13, 14, 15, 16, 17, 18, 19]","[{'pst': (119, 2), 'tst': 4}, {'pst': (123, 10), 'tst': 3}, {'pst': (134, 19), 'tst': 2}, {'pst': (123, 15), 'tst': 2}, {'pst': (122, 13), 'tst': 1}, {'pst': (129, 13), 'tst': 1}, {'pst': (139, 6), 'tst': 0}, {'pst': (137, 14), 'tst': 0}]",0.6165156384342474,8.344182497909522
141,11,,"[0, 1, 2, 3, 4, 5, 6, 7, 8, 9, 10, 11, 12, 13, 14, 15, 16, 17, 18, 19]","[{'pst': (116, 2), 'tst': 8}, {'pst': (96, 8), 'tst': 4}, {'pst': (113, 13), 'tst': 2}, {'pst': (114, 4), 'tst': 2}, {'pst': (139, 11), 'tst': 1}, {'pst': (134, 4), 'tst': 1}, {'pst': (119, 5), 'tst': 0}, {'pst': (123, 15), 'tst': 0}]",0.6165156384342474,8.344182497909522
141,12,,"[0, 1, 2, 3, 4, 5, 6, 7, 8, 9, 10, 11, 12, 13, 14, 15, 16, 17, 18, 19]","[{'pst': (130, 5), 'tst': 4}, {'pst': (129, 15), 'tst': 3}, {'pst': (138, 12), 'tst': 2}, {'pst': (108, 16), 'tst': 2}, {'pst': (139, 12), 'tst': 1}, {'pst': (138, 19), 'tst': 1}, {'pst': (134, 0), 'tst': 0}, {'pst': (122, 17), 'tst': 0}]",0.6165156384342474,8.344182497909522
141,13,,"[0, 1, 2, 3, 4, 5, 6, 7, 8, 9, 10, 11, 12, 13, 14, 15, 16, 17, 18, 19]","[{'pst': (121, 8), 'tst': 7}, {'pst': (117, 8), 'tst': 4}, {'pst': (122, 2), 'tst': 4}, {'pst': (138, 19), 'tst': 2}, {'pst': (136, 5), 'tst': 1}, {'pst': (119, 5), 'tst': 1}, {'pst': (140, 13), 'tst': 0}, {'pst': (124, 10), 'tst': 0}]",0.6165156384342474,8.344182497909522
141,14,,"[0, 1, 2, 3, 4, 5, 6, 7, 8, 9, 10, 11, 12, 13, 14, 15, 16, 17, 18, 19]","[{'pst': (109, 10), 'tst': 6}, {'pst': (132, 9), 'tst': 4}, {'pst': (137, 2), 'tst': 3}, {'pst': (125, 19), 'tst': 2}, {'pst': (100, 17), 'tst': 2}, {'pst': (127, 16), 'tst': 1}, {'pst': (123, 8), 'tst': 1}, {'pst': (123, 10), 'tst': 0}]",0.6165156384342474,8.344182497909522
141,15,,"[0, 1, 2, 3, 4, 5, 6, 7, 8, 9, 10, 11, 12, 13, 14, 15, 16, 17, 18, 19]","[{'pst': (134, 14), 'tst': 5}, {'pst': (135, 12), 'tst': 3}, {'pst': (126, 17), 'tst': 3}, {'pst': (119, 5), 'tst': 2}, {'pst': (133, 17), 'tst': 2}, {'pst': (138, 0), 'tst': 1}, {'pst': (138, 19), 'tst': 1}, {'pst': (137, 5), 'tst': 0}]",0.6165156384342474,8.344182497909522
141,16,"{'text': 'If you want to legalize drugs, then you should also legalize prostitution.'}","[0, 1, 2, 3, 4, 5, 6, 7, 8, 9, 10, 11, 12, 13, 14, 15, 16, 17, 18, 19]","[{'pst': (108, 16), 'tst': 4}, {'pst': (119, 2), 'tst': 3}, {'pst': (121, 14), 'tst': 3}, {'pst': (138, 16), 'tst': 2}, {'pst': (134, 4), 'tst': 1}, {'pst': (130, 16), 'tst': 1}, {'pst': (137, 2), 'tst': 0}, {'pst': (110, 7), 'tst': 0}]",0.6165156384342474,8.344182497909522
141,17,,"[0, 1, 2, 3, 4, 5, 6, 7, 8, 9, 10, 11, 12, 13, 14, 15, 16, 17, 18, 19]","[{'pst': (132, 9), 'tst': 5}, {'pst': (104, 11), 'tst': 5}, {'pst': (124, 19), 'tst': 3}, {'pst': (138, 0), 'tst': 2}, {'pst': (111, 12), 'tst': 2}, {'pst': (121, 8), 'tst': 1}, {'pst': (121, 3), 'tst': 1}, {'pst': (139, 18), 'tst': 0}]",0.6165156384342474,8.344182497909522
141,18,,"[0, 1, 2, 3, 4, 5, 6, 7, 8, 9, 10, 11, 12, 13, 14, 15, 16, 17, 18, 19]","[{'pst': (124, 19), 'tst': 5}, {'pst': (134, 0), 'tst': 4}, {'pst': (109, 10), 'tst': 3}, {'pst': (129, 9), 'tst': 2}, {'pst': (139, 18), 'tst': 1}, {'pst': (139, 12), 'tst': 1}, {'pst': (140, 18), 'tst': 0}, {'pst': (100, 17), 'tst': 0}]",0.6165156384342474,8.344182497909522
141,19,,"[0, 1, 2, 3, 4, 5, 6, 7, 8, 9, 10, 11, 12, 13, 14, 15, 16, 17, 18, 19]","[{'pst': (99, 7), 'tst': 4}, {'pst': (137, 2), 'tst': 3}, {'pst': (138, 19), 'tst': 2}, {'pst': (136, 5), 'tst': 2}, {'pst': (101, 5), 'tst': 1}, {'pst': (124, 19), 'tst': 1}, {'pst': (134, 18), 'tst': 0}, {'pst': (96, 8), 'tst': 0}]",0.6165156384342474,8.344182497909522
142,0,,"[0, 1, 2, 3, 4, 5, 6, 7, 8, 9, 10, 11, 12, 13, 14, 15, 16, 17, 18, 19]","[{'pst': (111, 12), 'tst': 5}, {'pst': (138, 0), 'tst': 3}, {'pst': (99, 7), 'tst': 3}, {'pst': (114, 4), 'tst': 2}, {'pst': (117, 16), 'tst': 2}, {'pst': (115, 17), 'tst': 1}, {'pst': (104, 11), 'tst': 1}, {'pst': (141, 0), 'tst': 0}]",0.6165156384342474,8.344182497909522
142,1,,"[0, 1, 2, 3, 4, 5, 6, 7, 8, 9, 10, 11, 12, 13, 14, 15, 16, 17, 18, 19]","[{'pst': (128, 13), 'tst': 4}, {'pst': (137, 4), 'tst': 4}, {'pst': (110, 7), 'tst': 3}, {'pst': (139, 1), 'tst': 2}, {'pst': (115, 17), 'tst': 2}, {'pst': (114, 4), 'tst': 1}, {'pst': (123, 10), 'tst': 0}, {'pst': (123, 15), 'tst': 0}]",0.6165156384342474,8.344182497909522
142,2,,"[0, 1, 2, 3, 4, 5, 6, 7, 8, 9, 10, 11, 12, 13, 14, 15, 16, 17, 18, 19]","[{'pst': (121, 14), 'tst': 6}, {'pst': (137, 2), 'tst': 4}, {'pst': (138, 2), 'tst': 3}, {'pst': (133, 17), 'tst': 2}, {'pst': (138, 19), 'tst': 2}, {'pst': (140, 2), 'tst': 1}, {'pst': (117, 16), 'tst': 1}, {'pst': (123, 15), 'tst': 0}]",0.6165156384342474,8.344182497909522
142,3,,"[0, 1, 2, 3, 4, 5, 6, 7, 8, 9, 10, 11, 12, 13, 14, 15, 16, 17, 18, 19]","[{'pst': (129, 9), 'tst': 4}, {'pst': (138, 2), 'tst': 3}, {'pst': (139, 3), 'tst': 2}, {'pst': (109, 10), 'tst': 2}, {'pst': (140, 3), 'tst': 1}, {'pst': (139, 6), 'tst': 1}, {'pst': (134, 14), 'tst': 0}, {'pst': (134, 18), 'tst': 0}]",0.6165156384342474,8.344182497909522
142,4,,"[0, 1, 2, 3, 4, 5, 6, 7, 8, 9, 10, 11, 12, 13, 14, 15, 16, 17, 18, 19]","[{'pst': (133, 6), 'tst': 6}, {'pst': (137, 4), 'tst': 4}, {'pst': (116, 2), 'tst': 3}, {'pst': (139, 4), 'tst': 2}, {'pst': (114, 4), 'tst': 2}, {'pst': (140, 6), 'tst': 1}, {'pst': (134, 4), 'tst': 1}, {'pst': (124, 10), 'tst': 0}]",0.6165156384342474,8.344182497909522
142,5,,"[0, 1, 2, 3, 4, 5, 6, 7, 8, 9, 10, 11, 12, 13, 14, 15, 16, 17, 18, 19]","[{'pst': (137, 5), 'tst': 4}, {'pst': (134, 4), 'tst': 3}, {'pst': (119, 2), 'tst': 2}, {'pst': (104, 11), 'tst': 2}, {'pst': (140, 5), 'tst': 1}, {'pst': (117, 16), 'tst': 1}, {'pst': (138, 0), 'tst': 0}, {'pst': (111, 12), 'tst': 0}]",0.6165156384342474,8.344182497909522
142,6,,"[0, 1, 2, 3, 4, 5, 6, 7, 8, 9, 10, 11, 12, 13, 14, 15, 16, 17, 18, 19]","[{'pst': (110, 7), 'tst': 5}, {'pst': (135, 12), 'tst': 4}, {'pst': (137, 5), 'tst': 3}, {'pst': (126, 17), 'tst': 2}, {'pst': (140, 6), 'tst': 1}, {'pst': (119, 5), 'tst': 1}, {'pst': (138, 19), 'tst': 0}, {'pst': (99, 7), 'tst': 0}]",0.6165156384342474,8.344182497909522
142,7,,"[0, 1, 2, 3, 4, 5, 6, 7, 8, 9, 10, 11, 12, 13, 14, 15, 16, 17, 18, 19]","[{'pst': (100, 17), 'tst': 5}, {'pst': (96, 14), 'tst': 5}, {'pst': (110, 7), 'tst': 4}, {'pst': (125, 19), 'tst': 3}, {'pst': (113, 13), 'tst': 3}, {'pst': (127, 3), 'tst': 2}, {'pst': (139, 11), 'tst': 1}, {'pst': (123, 10), 'tst': 0}]",0.6165156384342474,8.344182497909522
142,8,,"[0, 1, 2, 3, 4, 5, 6, 7, 8, 9, 10, 11, 12, 13, 14, 15, 16, 17, 18, 19]","[{'pst': (117, 8), 'tst': 5}, {'pst': (104, 11), 'tst': 4}, {'pst': (117, 16), 'tst': 3}, {'pst': (101, 5), 'tst': 2}, {'pst': (110, 7), 'tst': 2}, {'pst': (119, 2), 'tst': 1}, {'pst': (137, 14), 'tst': 1}, {'pst': (108, 16), 'tst': 0}]",0.6165156384342474,8.344182497909522
142,9,,"[0, 1, 2, 3, 4, 5, 6, 7, 8, 9, 10, 11, 12, 13, 14, 15, 16, 17, 18, 19]","[{'pst': (124, 10), 'tst': 6}, {'pst': (127, 16), 'tst': 4}, {'pst': (127, 3), 'tst': 3}, {'pst': (136, 4), 'tst': 2}, {'pst': (140, 9), 'tst': 1}, {'pst': (111, 12), 'tst': 1}, {'pst': (141, 9), 'tst': 0}, {'pst': (129, 13), 'tst': 0}]",0.5261791100666078,6.627226733645026
142,10,,"[0, 1, 2, 3, 4, 5, 6, 7, 8, 9, 10, 11, 12, 13, 14, 15, 16, 17, 18, 19]","[{'pst': (123, 10), 'tst': 4}, {'pst': (123, 15), 'tst': 3}, {'pst': (122, 13), 'tst': 2}, {'pst': (129, 13), 'tst': 2}, {'pst': (139, 6), 'tst': 1}, {'pst': (137, 14), 'tst': 1}, {'pst': (138, 16), 'tst': 0}, {'pst': (140, 5), 'tst': 0}]",0.6165156384342474,8.344182497909522
142,11,,"[0, 1, 2, 3, 4, 5, 6, 7, 8, 9, 10, 11, 12, 13, 14, 15, 16, 17, 18, 19]","[{'pst': (113, 13), 'tst': 3}, {'pst': (114, 4), 'tst': 3}, {'pst': (139, 11), 'tst': 2}, {'pst': (134, 4), 'tst': 2}, {'pst': (119, 5), 'tst': 1}, {'pst': (123, 15), 'tst': 1}, {'pst': (136, 5), 'tst': 0}, {'pst': (117, 16), 'tst': 0}]",0.6165156384342474,8.344182497909522
142,12,"{'text': 'If you want to legalize drugs, then you should also legalize prostitution.'}","[0, 1, 2, 3, 4, 5, 6, 7, 8, 9, 10, 11, 12, 13, 14, 15, 16, 17, 18, 19]","[{'pst': (138, 12), 'tst': 3}, {'pst': (108, 16), 'tst': 3}, {'pst': (139, 12), 'tst': 2}, {'pst': (138, 19), 'tst': 2}, {'pst': (134, 0), 'tst': 1}, {'pst': (122, 17), 'tst': 1}, {'pst': (96, 14), 'tst': 0}, {'pst': (121, 3), 'tst': 0}]",0.6165156384342474,8.344182497909522
142,13,,"[0, 1, 2, 3, 4, 5, 6, 7, 8, 9, 10, 11, 12, 13, 14, 15, 16, 17, 18, 19]","[{'pst': (121, 8), 'tst': 8}, {'pst': (122, 2), 'tst': 5}, {'pst': (138, 19), 'tst': 3}, {'pst': (136, 5), 'tst': 2}, {'pst': (119, 5), 'tst': 2}, {'pst': (140, 13), 'tst': 1}, {'pst': (124, 10), 'tst': 1}, {'pst': (140, 3), 'tst': 0}]",0.6165156384342474,8.344182497909522
142,14,,"[0, 1, 2, 3, 4, 5, 6, 7, 8, 9, 10, 11, 12, 13, 14, 15, 16, 17, 18, 19]","[{'pst': (109, 10), 'tst': 7}, {'pst': (137, 2), 'tst': 4}, {'pst': (125, 19), 'tst': 3}, {'pst': (100, 17), 'tst': 3}, {'pst': (127, 16), 'tst': 2}, {'pst': (123, 8), 'tst': 2}, {'pst': (123, 10), 'tst': 1}, {'pst': (136, 4), 'tst': 0}]",0.6165156384342474,8.344182497909522
142,15,,"[0, 1, 2, 3, 4, 5, 6, 7, 8, 9, 10, 11, 12, 13, 14, 15, 16, 17, 18, 19]","[{'pst': (135, 12), 'tst': 4}, {'pst': (119, 5), 'tst': 3}, {'pst': (133, 17), 'tst': 3}, {'pst': (138, 0), 'tst': 2}, {'pst': (138, 19), 'tst': 2}, {'pst': (137, 5), 'tst': 1}, {'pst': (122, 13), 'tst': 0}, {'pst': (139, 12), 'tst': 0}]",0.6165156384342474,8.344182497909522
142,16,,"[0, 1, 2, 3, 4, 5, 6, 7, 8, 9, 10, 11, 12, 13, 14, 15, 16, 17, 18, 19]","[{'pst': (119, 2), 'tst': 4}, {'pst': (138, 16), 'tst': 3}, {'pst': (134, 4), 'tst': 2}, {'pst': (130, 16), 'tst': 2}, {'pst': (137, 2), 'tst': 1}, {'pst': (110, 7), 'tst': 1}, {'pst': (141, 16), 'tst': 0}, {'pst': (138, 19), 'tst': 0}]",0.6165156384342474,8.344182497909522
142,17,"{'text': 'If you want to legalize drugs, then you should also legalize prostitution.'}","[0, 1, 2, 3, 4, 5, 6, 7, 8, 9, 10, 11, 12, 13, 14, 15, 16, 17, 18, 19]","[{'pst': (104, 11), 'tst': 6}, {'pst': (124, 19), 'tst': 4}, {'pst': (138, 0), 'tst': 3}, {'pst': (121, 8), 'tst': 2}, {'pst': (121, 3), 'tst': 2}, {'pst': (139, 18), 'tst': 1}, {'pst': (129, 15), 'tst': 0}, {'pst': (133, 6), 'tst': 0}]",0.6165156384342474,8.344182497909522
142,18,,"[0, 1, 2, 3, 4, 5, 6, 7, 8, 9, 10, 11, 12, 13, 14, 15, 16, 17, 18, 19]","[{'pst': (134, 0), 'tst': 5}, {'pst': (109, 10), 'tst': 4}, {'pst': (129, 9), 'tst': 3}, {'pst': (139, 12), 'tst': 2}, {'pst': (140, 18), 'tst': 1}, {'pst': (100, 17), 'tst': 1}, {'pst': (138, 0), 'tst': 0}, {'pst': (134, 19), 'tst': 0}]",0.6165156384342474,8.344182497909522
142,19,,"[0, 1, 2, 3, 4, 5, 6, 7, 8, 9, 10, 11, 12, 13, 14, 15, 16, 17, 18, 19]","[{'pst': (137, 2), 'tst': 4}, {'pst': (136, 5), 'tst': 3}, {'pst': (101, 5), 'tst': 2}, {'pst': (124, 19), 'tst': 2}, {'pst': (134, 18), 'tst': 1}, {'pst': (96, 8), 'tst': 1}, {'pst': (132, 9), 'tst': 0}, {'pst': (141, 0), 'tst': 0}]",0.6165156384342474,8.344182497909522
143,0,,"[0, 1, 2, 3, 4, 5, 6, 7, 8, 9, 10, 11, 12, 13, 14, 15, 16, 17, 18, 19]","[{'pst': (138, 0), 'tst': 4}, {'pst': (99, 7), 'tst': 4}, {'pst': (114, 4), 'tst': 3}, {'pst': (115, 17), 'tst': 2}, {'pst': (104, 11), 'tst': 2}, {'pst': (141, 0), 'tst': 1}, {'pst': (125, 19), 'tst': 0}, {'pst': (141, 9), 'tst': 0}]",0.6165156384342474,8.344182497909522
143,1,"{'text': 'If you want to legalize drugs, then you should also legalize prostitution.'}","[0, 1, 2, 3, 4, 5, 6, 7, 8, 9, 10, 11, 12, 13, 14, 15, 16, 17, 18, 19]","[{'pst': (128, 13), 'tst': 5}, {'pst': (137, 4), 'tst': 5}, {'pst': (110, 7), 'tst': 4}, {'pst': (114, 4), 'tst': 2}, {'pst': (123, 10), 'tst': 1}, {'pst': (123, 15), 'tst': 1}, {'pst': (141, 16), 'tst': 0}, {'pst': (111, 12), 'tst': 0}]",0.6165156384342474,8.344182497909522
143,2,"{'text': 'If you want to legalize drugs, then you should also legalize prostitution.'}","[0, 1, 2, 3, 4, 5, 6, 7, 8, 9, 10, 11, 12, 13, 14, 15, 16, 17, 18, 19]","[{'pst': (121, 14), 'tst': 7}, {'pst': (133, 17), 'tst': 3}, {'pst': (138, 19), 'tst': 3}, {'pst': (140, 2), 'tst': 2}, {'pst': (117, 16), 'tst': 2}, {'pst': (123, 15), 'tst': 1}, {'pst': (142, 17), 'tst': 0}, {'pst': (134, 0), 'tst': 0}]",0.6165156384342474,8.344182497909522
143,3,,"[0, 1, 2, 3, 4, 5, 6, 7, 8, 9, 10, 11, 12, 13, 14, 15, 16, 17, 18, 19]","[{'pst': (129, 9), 'tst': 5}, {'pst': (138, 2), 'tst': 4}, {'pst': (139, 3), 'tst': 3}, {'pst': (140, 3), 'tst': 2}, {'pst': (139, 6), 'tst': 2}, {'pst': (134, 14), 'tst': 1}, {'pst': (134, 18), 'tst': 1}, {'pst': (116, 2), 'tst': 0}]",0.6165156384342474,8.344182497909522
143,4,"{'text': 'If you want to legalize drugs, then you should also legalize prostitution.'}","[0, 1, 2, 3, 4, 5, 6, 7, 8, 9, 10, 11, 12, 13, 14, 15, 16, 17, 18, 19]","[{'pst': (116, 2), 'tst': 4}, {'pst': (139, 4), 'tst': 3}, {'pst': (114, 4), 'tst': 3}, {'pst': (140, 6), 'tst': 2}, {'pst': (134, 4), 'tst': 2}, {'pst': (124, 10), 'tst': 1}, {'pst': (117, 8), 'tst': 0}, {'pst': (134, 19), 'tst': 0}]",0.6165156384342474,8.344182497909522
143,5,"{'text': 'If you want to legalize drugs, then you should also legalize prostitution.'}","[0, 1, 2, 3, 4, 5, 6, 7, 8, 9, 10, 11, 12, 13, 14, 15, 16, 17, 18, 19]","[{'pst': (137, 5), 'tst': 5}, {'pst': (104, 11), 'tst': 3}, {'pst': (140, 5), 'tst': 2}, {'pst': (117, 16), 'tst': 2}, {'pst': (138, 0), 'tst': 1}, {'pst': (111, 12), 'tst': 1}, {'pst': (134, 14), 'tst': 0}, {'pst': (125, 19), 'tst': 0}]",0.6165156384342474,8.344182497909522
143,6,,"[0, 1, 2, 3, 4, 5, 6, 7, 8, 9, 10, 11, 12, 13, 14, 15, 16, 17, 18, 19]","[{'pst': (110, 7), 'tst': 6}, {'pst': (137, 5), 'tst': 4}, {'pst': (140, 6), 'tst': 2}, {'pst': (119, 5), 'tst': 2}, {'pst': (138, 19), 'tst': 1}, {'pst': (99, 7), 'tst': 1}, {'pst': (121, 8), 'tst': 0}, {'pst': (121, 14), 'tst': 0}]",0.6165156384342474,8.344182497909522
143,7,,"[0, 1, 2, 3, 4, 5, 6, 7, 8, 9, 10, 11, 12, 13, 14, 15, 16, 17, 18, 19]","[{'pst': (100, 17), 'tst': 6}, {'pst': (110, 7), 'tst': 5}, {'pst': (125, 19), 'tst': 4}, {'pst': (113, 13), 'tst': 4}, {'pst': (139, 11), 'tst': 2}, {'pst': (123, 10), 'tst': 1}, {'pst': (134, 0), 'tst': 0}, {'pst': (127, 3), 'tst': 0}]",0.6165156384342474,8.344182497909522
143,8,,"[0, 1, 2, 3, 4, 5, 6, 7, 8, 9, 10, 11, 12, 13, 14, 15, 16, 17, 18, 19]","[{'pst': (104, 11), 'tst': 5}, {'pst': (117, 16), 'tst': 4}, {'pst': (110, 7), 'tst': 3}, {'pst': (119, 2), 'tst': 2}, {'pst': (137, 14), 'tst': 2}, {'pst': (108, 16), 'tst': 1}, {'pst': (138, 19), 'tst': 0}, {'pst': (134, 4), 'tst': 0}]",0.6165156384342474,8.344182497909522
143,9,,"[0, 1, 2, 3, 4, 5, 6, 7, 8, 9, 10, 11, 12, 13, 14, 15, 16, 17, 18, 19]","[{'pst': (127, 16), 'tst': 5}, {'pst': (127, 3), 'tst': 4}, {'pst': (136, 4), 'tst': 3}, {'pst': (140, 9), 'tst': 2}, {'pst': (111, 12), 'tst': 2}, {'pst': (141, 9), 'tst': 1}, {'pst': (129, 13), 'tst': 1}, {'pst': (121, 8), 'tst': 0}]",0.53156744635619,6.67396300690292
143,10,,"[0, 1, 2, 3, 4, 5, 6, 7, 8, 9, 10, 11, 12, 13, 14, 15, 16, 17, 18, 19]","[{'pst': (122, 13), 'tst': 3}, {'pst': (129, 13), 'tst': 3}, {'pst': (139, 6), 'tst': 2}, {'pst': (137, 14), 'tst': 2}, {'pst': (138, 16), 'tst': 1}, {'pst': (140, 5), 'tst': 1}, {'pst': (138, 12), 'tst': 0}, {'pst': (140, 3), 'tst': 0}]",0.6165156384342474,8.344182497909522
143,11,"{'text': 'If you want to legalize drugs, then you should also legalize prostitution.'}","[0, 1, 2, 3, 4, 5, 6, 7, 8, 9, 10, 11, 12, 13, 14, 15, 16, 17, 18, 19]","[{'pst': (139, 11), 'tst': 3}, {'pst': (134, 4), 'tst': 3}, {'pst': (119, 5), 'tst': 2}, {'pst': (123, 15), 'tst': 2}, {'pst': (136, 5), 'tst': 1}, {'pst': (117, 16), 'tst': 1}, {'pst': (140, 18), 'tst': 0}, {'pst': (141, 0), 'tst': 0}]",0.6165156384342474,8.344182497909522
143,12,,"[0, 1, 2, 3, 4, 5, 6, 7, 8, 9, 10, 11, 12, 13, 14, 15, 16, 17, 18, 19]","[{'pst': (138, 12), 'tst': 4}, {'pst': (108, 16), 'tst': 4}, {'pst': (139, 12), 'tst': 3}, {'pst': (134, 0), 'tst': 2}, {'pst': (96, 14), 'tst': 1}, {'pst': (121, 3), 'tst': 1}, {'pst': (142, 12), 'tst': 0}, {'pst': (133, 17), 'tst': 0}]",0.6165156384342474,8.344182497909522
143,13,,"[0, 1, 2, 3, 4, 5, 6, 7, 8, 9, 10, 11, 12, 13, 14, 15, 16, 17, 18, 19]","[{'pst': (121, 8), 'tst': 9}, {'pst': (122, 2), 'tst': 6}, {'pst': (138, 19), 'tst': 4}, {'pst': (136, 5), 'tst': 3}, {'pst': (119, 5), 'tst': 3}, {'pst': (124, 10), 'tst': 2}, {'pst': (140, 3), 'tst': 1}, {'pst': (133, 17), 'tst': 0}]",0.6165156384342474,8.344182497909522
143,14,,"[0, 1, 2, 3, 4, 5, 6, 7, 8, 9, 10, 11, 12, 13, 14, 15, 16, 17, 18, 19]","[{'pst': (109, 10), 'tst': 8}, {'pst': (125, 19), 'tst': 4}, {'pst': (127, 16), 'tst': 3}, {'pst': (123, 8), 'tst': 3}, {'pst': (123, 10), 'tst': 2}, {'pst': (136, 4), 'tst': 1}, {'pst': (104, 11), 'tst': 0}, {'pst': (134, 4), 'tst': 0}]",0.6165156384342474,8.344182497909522
143,15,,"[0, 1, 2, 3, 4, 5, 6, 7, 8, 9, 10, 11, 12, 13, 14, 15, 16, 17, 18, 19]","[{'pst': (135, 12), 'tst': 5}, {'pst': (138, 0), 'tst': 3}, {'pst': (138, 19), 'tst': 3}, {'pst': (137, 5), 'tst': 2}, {'pst': (122, 13), 'tst': 1}, {'pst': (139, 12), 'tst': 1}, {'pst': (133, 6), 'tst': 0}, {'pst': (108, 16), 'tst': 0}]",0.6165156384342474,8.344182497909522
143,16,"{'text': 'If you want to legalize drugs, then you should also legalize prostitution.'}","[0, 1, 2, 3, 4, 5, 6, 7, 8, 9, 10, 11, 12, 13, 14, 15, 16, 17, 18, 19]","[{'pst': (138, 16), 'tst': 4}, {'pst': (134, 4), 'tst': 3}, {'pst': (130, 16), 'tst': 3}, {'pst': (137, 2), 'tst': 2}, {'pst': (110, 7), 'tst': 2}, {'pst': (141, 16), 'tst': 1}, {'pst': (138, 19), 'tst': 1}, {'pst': (127, 3), 'tst': 0}]",0.6165156384342474,8.344182497909522
143,17,,"[0, 1, 2, 3, 4, 5, 6, 7, 8, 9, 10, 11, 12, 13, 14, 15, 16, 17, 18, 19]","[{'pst': (138, 0), 'tst': 4}, {'pst': (121, 8), 'tst': 3}, {'pst': (121, 3), 'tst': 3}, {'pst': (139, 18), 'tst': 2}, {'pst': (129, 15), 'tst': 1}, {'pst': (133, 6), 'tst': 1}, {'pst': (142, 17), 'tst': 0}, {'pst': (137, 4), 'tst': 0}]",0.6165156384342474,8.344182497909522
143,18,,"[0, 1, 2, 3, 4, 5, 6, 7, 8, 9, 10, 11, 12, 13, 14, 15, 16, 17, 18, 19]","[{'pst': (109, 10), 'tst': 5}, {'pst': (139, 12), 'tst': 3}, {'pst': (140, 18), 'tst': 2}, {'pst': (100, 17), 'tst': 2}, {'pst': (138, 0), 'tst': 1}, {'pst': (134, 19), 'tst': 1}, {'pst': (140, 6), 'tst': 0}, {'pst': (121, 8), 'tst': 0}]",0.6165156384342474,8.344182497909522
143,19,,"[0, 1, 2, 3, 4, 5, 6, 7, 8, 9, 10, 11, 12, 13, 14, 15, 16, 17, 18, 19]","[{'pst': (136, 5), 'tst': 4}, {'pst': (124, 19), 'tst': 3}, {'pst': (134, 18), 'tst': 2}, {'pst': (96, 8), 'tst': 2}, {'pst': (132, 9), 'tst': 1}, {'pst': (141, 0), 'tst': 1}, {'pst': (122, 13), 'tst': 0}, {'pst': (110, 7), 'tst': 0}]",0.6165156384342474,8.344182497909522
144,0,,"[0, 1, 2, 3, 4, 5, 6, 7, 8, 9, 10, 11, 12, 13, 14, 15, 16, 17, 18, 19]","[{'pst': (99, 7), 'tst': 5}, {'pst': (114, 4), 'tst': 4}, {'pst': (104, 11), 'tst': 3}, {'pst': (141, 0), 'tst': 2}, {'pst': (125, 19), 'tst': 1}, {'pst': (141, 9), 'tst': 1}, {'pst': (135, 12), 'tst': 0}, {'pst': (109, 10), 'tst': 0}]",0.6165156384342474,8.344182497909522
144,1,,"[0, 1, 2, 3, 4, 5, 6, 7, 8, 9, 10, 11, 12, 13, 14, 15, 16, 17, 18, 19]","[{'pst': (128, 13), 'tst': 6}, {'pst': (114, 4), 'tst': 3}, {'pst': (123, 10), 'tst': 2}, {'pst': (123, 15), 'tst': 2}, {'pst': (141, 16), 'tst': 1}, {'pst': (111, 12), 'tst': 1}, {'pst': (143, 1), 'tst': 0}, {'pst': (127, 3), 'tst': 0}]",0.6165156384342474,8.344182497909522
144,2,"{'text': 'If you want to legalize drugs, then you should also legalize prostitution.'}","[0, 1, 2, 3, 4, 5, 6, 7, 8, 9, 10, 11, 12, 13, 14, 15, 16, 17, 18, 19]","[{'pst': (138, 19), 'tst': 4}, {'pst': (140, 2), 'tst': 3}, {'pst': (117, 16), 'tst': 3}, {'pst': (123, 15), 'tst': 2}, {'pst': (142, 17), 'tst': 1}, {'pst': (134, 0), 'tst': 1}, {'pst': (143, 2), 'tst': 0}, {'pst': (140, 9), 'tst': 0}]",0.5063286544961123,6.476345072781321
144,3,,"[0, 1, 2, 3, 4, 5, 6, 7, 8, 9, 10, 11, 12, 13, 14, 15, 16, 17, 18, 19]","[{'pst': (129, 9), 'tst': 6}, {'pst': (138, 2), 'tst': 5}, {'pst': (139, 3), 'tst': 4}, {'pst': (140, 3), 'tst': 3}, {'pst': (134, 14), 'tst': 2}, {'pst': (134, 18), 'tst': 2}, {'pst': (116, 2), 'tst': 1}, {'pst': (141, 9), 'tst': 0}]",0.6165156384342474,8.344182497909522
144,4,"{'text': 'If you want to legalize drugs, then you should also legalize prostitution.'}","[0, 1, 2, 3, 4, 5, 6, 7, 8, 9, 10, 11, 12, 13, 14, 15, 16, 17, 18, 19]","[{'pst': (139, 4), 'tst': 4}, {'pst': (114, 4), 'tst': 4}, {'pst': (140, 6), 'tst': 3}, {'pst': (134, 4), 'tst': 3}, {'pst': (117, 8), 'tst': 1}, {'pst': (134, 19), 'tst': 1}, {'pst': (143, 4), 'tst': 0}, {'pst': (96, 14), 'tst': 0}]",0.6165156384342474,8.344182497909522
144,5,,"[0, 1, 2, 3, 4, 5, 6, 7, 8, 9, 10, 11, 12, 13, 14, 15, 16, 17, 18, 19]","[{'pst': (104, 11), 'tst': 4}, {'pst': (140, 5), 'tst': 3}, {'pst': (117, 16), 'tst': 3}, {'pst': (138, 0), 'tst': 2}, {'pst': (111, 12), 'tst': 2}, {'pst': (134, 14), 'tst': 1}, {'pst': (125, 19), 'tst': 1}, {'pst': (143, 5), 'tst': 0}]",0.6165156384342474,8.344182497909522
144,6,,"[0, 1, 2, 3, 4, 5, 6, 7, 8, 9, 10, 11, 12, 13, 14, 15, 16, 17, 18, 19]","[{'pst': (137, 5), 'tst': 5}, {'pst': (140, 6), 'tst': 3}, {'pst': (119, 5), 'tst': 3}, {'pst': (138, 19), 'tst': 2}, {'pst': (99, 7), 'tst': 2}, {'pst': (121, 8), 'tst': 1}, {'pst': (121, 14), 'tst': 1}, {'pst': (143, 1), 'tst': 0}]",0.6165156384342474,8.344182497909522
144,7,,"[0, 1, 2, 3, 4, 5, 6, 7, 8, 9, 10, 11, 12, 13, 14, 15, 16, 17, 18, 19]","[{'pst': (110, 7), 'tst': 6}, {'pst': (125, 19), 'tst': 5}, {'pst': (139, 11), 'tst': 3}, {'pst': (123, 10), 'tst': 2}, {'pst': (134, 0), 'tst': 1}, {'pst': (127, 3), 'tst': 1}, {'pst': (140, 9), 'tst': 0}, {'pst': (143, 16), 'tst': 0}]",0.5197382579137843,6.541274105146675
144,8,,"[0, 1, 2, 3, 4, 5, 6, 7, 8, 9, 10, 11, 12, 13, 14, 15, 16, 17, 18, 19]","[{'pst': (117, 16), 'tst': 5}, {'pst': (119, 2), 'tst': 3}, {'pst': (137, 14), 'tst': 3}, {'pst': (108, 16), 'tst': 2}, {'pst': (138, 19), 'tst': 1}, {'pst': (134, 4), 'tst': 1}, {'pst': (143, 1), 'tst': 0}, {'pst': (121, 14), 'tst': 0}]",0.6165156384342474,8.344182497909522
144,9,,"[0, 1, 2, 3, 4, 5, 6, 7, 8, 9, 10, 11, 12, 13, 14, 15, 16, 17, 18, 19]","[{'pst': (127, 3), 'tst': 5}, {'pst': (136, 4), 'tst': 4}, {'pst': (140, 9), 'tst': 3}, {'pst': (111, 12), 'tst': 3}, {'pst': (141, 9), 'tst': 2}, {'pst': (121, 8), 'tst': 1}, {'pst': (134, 14), 'tst': 0}, {'pst': (121, 14), 'tst': 0}]",0.5368542988154407,6.724980979385791
144,10,,"[0, 1, 2, 3, 4, 5, 6, 7, 8, 9, 10, 11, 12, 13, 14, 15, 16, 17, 18, 19]","[{'pst': (122, 13), 'tst': 4}, {'pst': (139, 6), 'tst': 3}, {'pst': (138, 16), 'tst': 2}, {'pst': (140, 5), 'tst': 2}, {'pst': (138, 12), 'tst': 1}, {'pst': (140, 3), 'tst': 1}, {'pst': (123, 10), 'tst': 0}, {'pst': (138, 19), 'tst': 0}]",0.6165156384342474,8.344182497909522
144,11,,"[0, 1, 2, 3, 4, 5, 6, 7, 8, 9, 10, 11, 12, 13, 14, 15, 16, 17, 18, 19]","[{'pst': (139, 11), 'tst': 4}, {'pst': (134, 4), 'tst': 4}, {'pst': (119, 5), 'tst': 3}, {'pst': (117, 16), 'tst': 2}, {'pst': (140, 18), 'tst': 1}, {'pst': (141, 0), 'tst': 1}, {'pst': (143, 11), 'tst': 0}, {'pst': (143, 5), 'tst': 0}]",0.6165156384342474,8.344182497909522
144,12,"{'text': 'If you want to legalize drugs, then you should also legalize prostitution.'}","[0, 1, 2, 3, 4, 5, 6, 7, 8, 9, 10, 11, 12, 13, 14, 15, 16, 17, 18, 19]","[{'pst': (138, 12), 'tst': 5}, {'pst': (108, 16), 'tst': 5}, {'pst': (134, 0), 'tst': 3}, {'pst': (96, 14), 'tst': 2}, {'pst': (121, 3), 'tst': 2}, {'pst': (142, 12), 'tst': 1}, {'pst': (133, 17), 'tst': 1}, {'pst': (140, 9), 'tst': 0}]",0.5063286544961123,6.476345072781321
144,13,,"[0, 1, 2, 3, 4, 5, 6, 7, 8, 9, 10, 11, 12, 13, 14, 15, 16, 17, 18, 19]","[{'pst': (122, 2), 'tst': 7}, {'pst': (136, 5), 'tst': 4}, {'pst': (119, 5), 'tst': 4}, {'pst': (124, 10), 'tst': 3}, {'pst': (140, 3), 'tst': 2}, {'pst': (133, 17), 'tst': 1}, {'pst': (139, 6), 'tst': 0}, {'pst': (124, 19), 'tst': 0}]",0.6165156384342474,8.344182497909522
144,14,,"[0, 1, 2, 3, 4, 5, 6, 7, 8, 9, 10, 11, 12, 13, 14, 15, 16, 17, 18, 19]","[{'pst': (109, 10), 'tst': 9}, {'pst': (127, 16), 'tst': 4}, {'pst': (123, 8), 'tst': 4}, {'pst': (136, 4), 'tst': 2}, {'pst': (104, 11), 'tst': 1}, {'pst': (134, 4), 'tst': 1}, {'pst': (137, 2), 'tst': 0}, {'pst': (129, 13), 'tst': 0}]",0.6165156384342474,8.344182497909522
144,15,,"[0, 1, 2, 3, 4, 5, 6, 7, 8, 9, 10, 11, 12, 13, 14, 15, 16, 17, 18, 19]","[{'pst': (138, 0), 'tst': 4}, {'pst': (138, 19), 'tst': 4}, {'pst': (137, 5), 'tst': 3}, {'pst': (139, 12), 'tst': 2}, {'pst': (133, 6), 'tst': 1}, {'pst': (108, 16), 'tst': 1}, {'pst': (139, 18), 'tst': 0}, {'pst': (127, 16), 'tst': 0}]",0.6165156384342474,8.344182497909522
144,16,,"[0, 1, 2, 3, 4, 5, 6, 7, 8, 9, 10, 11, 12, 13, 14, 15, 16, 17, 18, 19]","[{'pst': (130, 16), 'tst': 4}, {'pst': (137, 2), 'tst': 3}, {'pst': (110, 7), 'tst': 3}, {'pst': (141, 16), 'tst': 2}, {'pst': (138, 19), 'tst': 2}, {'pst': (127, 3), 'tst': 1}, {'pst': (143, 16), 'tst': 0}, {'pst': (122, 13), 'tst': 0}]",0.6165156384342474,8.344182497909522
144,17,,"[0, 1, 2, 3, 4, 5, 6, 7, 8, 9, 10, 11, 12, 13, 14, 15, 16, 17, 18, 19]","[{'pst': (138, 0), 'tst': 5}, {'pst': (121, 8), 'tst': 4}, {'pst': (129, 15), 'tst': 2}, {'pst': (133, 6), 'tst': 2}, {'pst': (142, 17), 'tst': 1}, {'pst': (137, 4), 'tst': 1}, {'pst': (119, 2), 'tst': 0}, {'pst': (143, 4), 'tst': 0}]",0.6165156384342474,8.344182497909522
144,18,"{'text': 'If you want to legalize drugs, then you should also legalize prostitution.'}","[0, 1, 2, 3, 4, 5, 6, 7, 8, 9, 10, 11, 12, 13, 14, 15, 16, 17, 18, 19]","[{'pst': (139, 12), 'tst': 4}, {'pst': (100, 17), 'tst': 3}, {'pst': (138, 0), 'tst': 2}, {'pst': (134, 19), 'tst': 2}, {'pst': (140, 6), 'tst': 1}, {'pst': (121, 8), 'tst': 1}, {'pst': (119, 2), 'tst': 0}, {'pst': (121, 3), 'tst': 0}]",0.6165156384342474,8.344182497909522
144,19,,"[0, 1, 2, 3, 4, 5, 6, 7, 8, 9, 10, 11, 12, 13, 14, 15, 16, 17, 18, 19]","[{'pst': (124, 19), 'tst': 4}, {'pst': (96, 8), 'tst': 3}, {'pst': (132, 9), 'tst': 2}, {'pst': (141, 0), 'tst': 2}, {'pst': (122, 13), 'tst': 1}, {'pst': (110, 7), 'tst': 1}, {'pst': (139, 12), 'tst': 0}, {'pst': (141, 9), 'tst': 0}]",0.6165156384342474,8.344182497909522
145,0,,"[0, 1, 2, 3, 4, 5, 6, 7, 8, 9, 10, 11, 12, 13, 14, 15, 16, 17, 18, 19]","[{'pst': (99, 7), 'tst': 6}, {'pst': (114, 4), 'tst': 5}, {'pst': (104, 11), 'tst': 4}, {'pst': (141, 9), 'tst': 2}, {'pst': (135, 12), 'tst': 1}, {'pst': (109, 10), 'tst': 1}, {'pst': (134, 19), 'tst': 0}, {'pst': (116, 2), 'tst': 0}]",0.6165156384342474,8.344182497909522
145,1,,"[0, 1, 2, 3, 4, 5, 6, 7, 8, 9, 10, 11, 12, 13, 14, 15, 16, 17, 18, 19]","[{'pst': (123, 10), 'tst': 3}, {'pst': (123, 15), 'tst': 3}, {'pst': (141, 16), 'tst': 2}, {'pst': (111, 12), 'tst': 2}, {'pst': (143, 1), 'tst': 1}, {'pst': (127, 3), 'tst': 1}, {'pst': (114, 4), 'tst': 0}, {'pst': (99, 7), 'tst': 0}]",0.6165156384342474,8.344182497909522
145,2,,"[0, 1, 2, 3, 4, 5, 6, 7, 8, 9, 10, 11, 12, 13, 14, 15, 16, 17, 18, 19]","[{'pst': (138, 19), 'tst': 5}, {'pst': (140, 2), 'tst': 4}, {'pst': (117, 16), 'tst': 4}, {'pst': (142, 17), 'tst': 2}, {'pst': (134, 0), 'tst': 2}, {'pst': (143, 2), 'tst': 1}, {'pst': (140, 9), 'tst': 1}, {'pst': (144, 2), 'tst': 0}]",0.5197382579137843,6.541274105146675
145,3,"{'text': 'If you want to legalize drugs, then you should also legalize prostitution.'}","[0, 1, 2, 3, 4, 5, 6, 7, 8, 9, 10, 11, 12, 13, 14, 15, 16, 17, 18, 19]","[{'pst': (129, 9), 'tst': 7}, {'pst': (139, 3), 'tst': 5}, {'pst': (140, 3), 'tst': 4}, {'pst': (134, 18), 'tst': 3}, {'pst': (116, 2), 'tst': 2}, {'pst': (141, 9), 'tst': 1}, {'pst': (140, 9), 'tst': 0}, {'pst': (144, 2), 'tst': 0}]",0.5197382579137843,6.541274105146675
145,4,"{'text': 'If you want to legalize drugs, then you should also legalize prostitution.'}","[0, 1, 2, 3, 4, 5, 6, 7, 8, 9, 10, 11, 12, 13, 14, 15, 16, 17, 18, 19]","[{'pst': (114, 4), 'tst': 5}, {'pst': (134, 4), 'tst': 4}, {'pst': (117, 8), 'tst': 2}, {'pst': (134, 19), 'tst': 2}, {'pst': (143, 4), 'tst': 1}, {'pst': (96, 14), 'tst': 1}, {'pst': (144, 4), 'tst': 0}, {'pst': (134, 0), 'tst': 0}]",0.6165156384342474,8.344182497909522
145,5,,"[0, 1, 2, 3, 4, 5, 6, 7, 8, 9, 10, 11, 12, 13, 14, 15, 16, 17, 18, 19]","[{'pst': (117, 16), 'tst': 4}, {'pst': (138, 0), 'tst': 3}, {'pst': (111, 12), 'tst': 3}, {'pst': (134, 14), 'tst': 2}, {'pst': (125, 19), 'tst': 2}, {'pst': (143, 5), 'tst': 1}, {'pst': (123, 15), 'tst': 0}, {'pst': (136, 4), 'tst': 0}]",0.6165156384342474,8.344182497909522
145,6,,"[0, 1, 2, 3, 4, 5, 6, 7, 8, 9, 10, 11, 12, 13, 14, 15, 16, 17, 18, 19]","[{'pst': (137, 5), 'tst': 6}, {'pst': (140, 6), 'tst': 4}, {'pst': (119, 5), 'tst': 4}, {'pst': (138, 19), 'tst': 3}, {'pst': (121, 14), 'tst': 2}, {'pst': (143, 1), 'tst': 1}, {'pst': (122, 13), 'tst': 0}, {'pst': (121, 3), 'tst': 0}]",0.6165156384342474,8.344182497909522
145,7,,"[0, 1, 2, 3, 4, 5, 6, 7, 8, 9, 10, 11, 12, 13, 14, 15, 16, 17, 18, 19]","[{'pst': (110, 7), 'tst': 7}, {'pst': (125, 19), 'tst': 6}, {'pst': (139, 11), 'tst': 4}, {'pst': (134, 0), 'tst': 2}, {'pst': (127, 3), 'tst': 2}, {'pst': (140, 9), 'tst': 1}, {'pst': (143, 16), 'tst': 1}, {'pst': (137, 14), 'tst': 0}]",0.5231127785215662,6.610595420352757
145,8,,"[0, 1, 2, 3, 4, 5, 6, 7, 8, 9, 10, 11, 12, 13, 14, 15, 16, 17, 18, 19]","[{'pst': (119, 2), 'tst': 4}, {'pst': (137, 14), 'tst': 4}, {'pst': (138, 19), 'tst': 2}, {'pst': (134, 4), 'tst': 2}, {'pst': (143, 1), 'tst': 1}, {'pst': (121, 14), 'tst': 1}, {'pst': (122, 13), 'tst': 0}, {'pst': (139, 6), 'tst': 0}]",0.6165156384342474,8.344182497909522
145,9,,"[0, 1, 2, 3, 4, 5, 6, 7, 8, 9, 10, 11, 12, 13, 14, 15, 16, 17, 18, 19]","[{'pst': (136, 4), 'tst': 5}, {'pst': (140, 9), 'tst': 4}, {'pst': (111, 12), 'tst': 4}, {'pst': (141, 9), 'tst': 3}, {'pst': (121, 8), 'tst': 2}, {'pst': (134, 14), 'tst': 1}, {'pst': (121, 14), 'tst': 1}, {'pst': (140, 6), 'tst': 0}]",0.5439009742067954,6.724452343572866
145,10,"{'text': 'If you want to legalize drugs, then you should also legalize prostitution.'}","[0, 1, 2, 3, 4, 5, 6, 7, 8, 9, 10, 11, 12, 13, 14, 15, 16, 17, 18, 19]","[{'pst': (122, 13), 'tst': 5}, {'pst': (139, 6), 'tst': 4}, {'pst': (140, 5), 'tst': 3}, {'pst': (140, 3), 'tst': 2}, {'pst': (123, 10), 'tst': 1}, {'pst': (138, 19), 'tst': 1}, {'pst': (114, 4), 'tst': 0}, {'pst': (137, 5), 'tst': 0}]",0.6165156384342474,8.344182497909522
145,11,"{'text': 'If you want to legalize drugs, then you should also legalize prostitution.'}","[0, 1, 2, 3, 4, 5, 6, 7, 8, 9, 10, 11, 12, 13, 14, 15, 16, 17, 18, 19]","[{'pst': (139, 11), 'tst': 5}, {'pst': (134, 4), 'tst': 5}, {'pst': (140, 18), 'tst': 2}, {'pst': (141, 0), 'tst': 2}, {'pst': (143, 11), 'tst': 1}, {'pst': (143, 5), 'tst': 1}, {'pst': (139, 6), 'tst': 0}, {'pst': (133, 6), 'tst': 0}]",0.6165156384342474,8.344182497909522
145,12,"{'text': 'If you want to legalize drugs, then you should also legalize prostitution.'}","[0, 1, 2, 3, 4, 5, 6, 7, 8, 9, 10, 11, 12, 13, 14, 15, 16, 17, 18, 19]","[{'pst': (134, 0), 'tst': 4}, {'pst': (96, 14), 'tst': 3}, {'pst': (121, 3), 'tst': 3}, {'pst': (142, 12), 'tst': 2}, {'pst': (133, 17), 'tst': 2}, {'pst': (140, 9), 'tst': 1}, {'pst': (144, 12), 'tst': 0}, {'pst': (140, 5), 'tst': 0}]",0.5231127785215662,6.610595420352757
145,13,"{'text': 'If you want to legalize drugs, then you should also legalize prostitution.'}","[0, 1, 2, 3, 4, 5, 6, 7, 8, 9, 10, 11, 12, 13, 14, 15, 16, 17, 18, 19]","[{'pst': (122, 2), 'tst': 8}, {'pst': (136, 5), 'tst': 5}, {'pst': (140, 3), 'tst': 3}, {'pst': (133, 17), 'tst': 2}, {'pst': (139, 6), 'tst': 1}, {'pst': (124, 19), 'tst': 1}, {'pst': (109, 10), 'tst': 0}, {'pst': (138, 16), 'tst': 0}]",0.6165156384342474,8.344182497909522
145,14,,"[0, 1, 2, 3, 4, 5, 6, 7, 8, 9, 10, 11, 12, 13, 14, 15, 16, 17, 18, 19]","[{'pst': (109, 10), 'tst': 10}, {'pst': (136, 4), 'tst': 3}, {'pst': (104, 11), 'tst': 2}, {'pst': (134, 4), 'tst': 2}, {'pst': (137, 2), 'tst': 1}, {'pst': (129, 13), 'tst': 1}, {'pst': (125, 19), 'tst': 0}, {'pst': (144, 2), 'tst': 0}]",0.6165156384342474,8.344182497909522
145,15,"{'text': 'If you want to legalize drugs, then you should also legalize prostitution.'}","[0, 1, 2, 3, 4, 5, 6, 7, 8, 9, 10, 11, 12, 13, 14, 15, 16, 17, 18, 19]","[{'pst': (138, 19), 'tst': 5}, {'pst': (139, 12), 'tst': 3}, {'pst': (133, 6), 'tst': 2}, {'pst': (108, 16), 'tst': 2}, {'pst': (139, 18), 'tst': 1}, {'pst': (127, 16), 'tst': 1}, {'pst': (114, 4), 'tst': 0}, {'pst': (137, 14), 'tst': 0}]",0.6165156384342474,8.344182497909522
145,16,,"[0, 1, 2, 3, 4, 5, 6, 7, 8, 9, 10, 11, 12, 13, 14, 15, 16, 17, 18, 19]","[{'pst': (130, 16), 'tst': 5}, {'pst': (110, 7), 'tst': 4}, {'pst': (141, 16), 'tst': 3}, {'pst': (127, 3), 'tst': 2}, {'pst': (143, 16), 'tst': 1}, {'pst': (122, 13), 'tst': 1}, {'pst': (137, 4), 'tst': 0}, {'pst': (119, 5), 'tst': 0}]",0.6165156384342474,8.344182497909522
145,17,"{'text': 'If you want to legalize drugs, then you should also legalize prostitution.'}","[0, 1, 2, 3, 4, 5, 6, 7, 8, 9, 10, 11, 12, 13, 14, 15, 16, 17, 18, 19]","[{'pst': (138, 0), 'tst': 6}, {'pst': (129, 15), 'tst': 3}, {'pst': (133, 6), 'tst': 3}, {'pst': (142, 17), 'tst': 2}, {'pst': (137, 4), 'tst': 2}, {'pst': (119, 2), 'tst': 1}, {'pst': (143, 4), 'tst': 1}, {'pst': (99, 7), 'tst': 0}]",0.6165156384342474,8.344182497909522
145,18,,"[0, 1, 2, 3, 4, 5, 6, 7, 8, 9, 10, 11, 12, 13, 14, 15, 16, 17, 18, 19]","[{'pst': (139, 12), 'tst': 5}, {'pst': (100, 17), 'tst': 4}, {'pst': (134, 19), 'tst': 3}, {'pst': (121, 8), 'tst': 2}, {'pst': (119, 2), 'tst': 1}, {'pst': (121, 3), 'tst': 1}, {'pst': (144, 18), 'tst': 0}, {'pst': (140, 6), 'tst': 0}]",0.6165156384342474,8.344182497909522
145,19,,"[0, 1, 2, 3, 4, 5, 6, 7, 8, 9, 10, 11, 12, 13, 14, 15, 16, 17, 18, 19]","[{'pst': (132, 9), 'tst': 3}, {'pst': (141, 0), 'tst': 3}, {'pst': (122, 13), 'tst': 2}, {'pst': (110, 7), 'tst': 2}, {'pst': (139, 12), 'tst': 1}, {'pst': (141, 9), 'tst': 1}, {'pst': (111, 12), 'tst': 0}, {'pst': (140, 3), 'tst': 0}]",0.6165156384342474,8.344182497909522
146,0,"{'text': 'If you want to legalize drugs, then you should also legalize prostitution.'}","[0, 1, 2, 3, 4, 5, 6, 7, 8, 9, 10, 11, 12, 13, 14, 15, 16, 17, 18, 19]","[{'pst': (114, 4), 'tst': 6}, {'pst': (104, 11), 'tst': 5}, {'pst': (141, 9), 'tst': 3}, {'pst': (109, 10), 'tst': 2}, {'pst': (134, 19), 'tst': 1}, {'pst': (116, 2), 'tst': 1}, {'pst': (145, 17), 'tst': 0}, {'pst': (143, 16), 'tst': 0}]",0.6165156384342474,8.344182497909522
146,1,,"[0, 1, 2, 3, 4, 5, 6, 7, 8, 9, 10, 11, 12, 13, 14, 15, 16, 17, 18, 19]","[{'pst': (123, 10), 'tst': 4}, {'pst': (141, 16), 'tst': 3}, {'pst': (111, 12), 'tst': 3}, {'pst': (143, 1), 'tst': 2}, {'pst': (114, 4), 'tst': 1}, {'pst': (99, 7), 'tst': 1}, {'pst': (144, 4), 'tst': 0}, {'pst': (108, 16), 'tst': 0}]",0.6165156384342474,8.344182497909522
146,2,,"[0, 1, 2, 3, 4, 5, 6, 7, 8, 9, 10, 11, 12, 13, 14, 15, 16, 17, 18, 19]","[{'pst': (138, 19), 'tst': 6}, {'pst': (117, 16), 'tst': 5}, {'pst': (142, 17), 'tst': 3}, {'pst': (143, 2), 'tst': 2}, {'pst': (140, 9), 'tst': 2}, {'pst': (144, 2), 'tst': 1}, {'pst': (139, 11), 'tst': 0}, {'pst': (121, 8), 'tst': 0}]",0.5261791100666078,6.627226733645026
146,3,"{'text': 'If you want to legalize drugs, then you should also legalize prostitution.'}","[0, 1, 2, 3, 4, 5, 6, 7, 8, 9, 10, 11, 12, 13, 14, 15, 16, 17, 18, 19]","[{'pst': (139, 3), 'tst': 6}, {'pst': (140, 3), 'tst': 5}, {'pst': (134, 18), 'tst': 4}, {'pst': (116, 2), 'tst': 3}, {'pst': (141, 9), 'tst': 2}, {'pst': (140, 9), 'tst': 1}, {'pst': (144, 2), 'tst': 1}, {'pst': (145, 3), 'tst': 0}]",0.5231127785215662,6.610595420352757
146,4,,"[0, 1, 2, 3, 4, 5, 6, 7, 8, 9, 10, 11, 12, 13, 14, 15, 16, 17, 18, 19]","[{'pst': (134, 4), 'tst': 5}, {'pst': (134, 19), 'tst': 3}, {'pst': (143, 4), 'tst': 2}, {'pst': (96, 14), 'tst': 2}, {'pst': (144, 4), 'tst': 1}, {'pst': (134, 0), 'tst': 1}, {'pst': (145, 4), 'tst': 0}, {'pst': (145, 15), 'tst': 0}]",0.6165156384342474,8.344182497909522
146,5,,"[0, 1, 2, 3, 4, 5, 6, 7, 8, 9, 10, 11, 12, 13, 14, 15, 16, 17, 18, 19]","[{'pst': (138, 0), 'tst': 4}, {'pst': (111, 12), 'tst': 4}, {'pst': (134, 14), 'tst': 3}, {'pst': (125, 19), 'tst': 3}, {'pst': (123, 15), 'tst': 1}, {'pst': (136, 4), 'tst': 1}, {'pst': (141, 16), 'tst': 0}, {'pst': (139, 12), 'tst': 0}]",0.6165156384342474,8.344182497909522
146,6,"{'text': 'If you want to legalize drugs, then you should also legalize prostitution.'}","[0, 1, 2, 3, 4, 5, 6, 7, 8, 9, 10, 11, 12, 13, 14, 15, 16, 17, 18, 19]","[{'pst': (140, 6), 'tst': 5}, {'pst': (119, 5), 'tst': 5}, {'pst': (138, 19), 'tst': 4}, {'pst': (143, 1), 'tst': 2}, {'pst': (122, 13), 'tst': 1}, {'pst': (121, 3), 'tst': 1}, {'pst': (133, 17), 'tst': 0}, {'pst': (129, 9), 'tst': 0}]",0.6165156384342474,8.344182497909522
146,7,"{'text': 'If you want to legalize drugs, then you should also legalize prostitution.'}","[0, 1, 2, 3, 4, 5, 6, 7, 8, 9, 10, 11, 12, 13, 14, 15, 16, 17, 18, 19]","[{'pst': (110, 7), 'tst': 8}, {'pst': (134, 0), 'tst': 3}, {'pst': (127, 3), 'tst': 3}, {'pst': (140, 9), 'tst': 2}, {'pst': (143, 16), 'tst': 2}, {'pst': (137, 14), 'tst': 1}, {'pst': (142, 17), 'tst': 0}, {'pst': (138, 16), 'tst': 0}]",0.53156744635619,6.67396300690292
146,8,,"[0, 1, 2, 3, 4, 5, 6, 7, 8, 9, 10, 11, 12, 13, 14, 15, 16, 17, 18, 19]","[{'pst': (137, 14), 'tst': 5}, {'pst': (138, 19), 'tst': 3}, {'pst': (143, 1), 'tst': 2}, {'pst': (121, 14), 'tst': 2}, {'pst': (122, 13), 'tst': 1}, {'pst': (139, 6), 'tst': 1}, {'pst': (121, 3), 'tst': 0}, {'pst': (136, 4), 'tst': 0}]",0.6165156384342474,8.344182497909522
146,9,,"[0, 1, 2, 3, 4, 5, 6, 7, 8, 9, 10, 11, 12, 13, 14, 15, 16, 17, 18, 19]","[{'pst': (136, 4), 'tst': 6}, {'pst': (140, 9), 'tst': 5}, {'pst': (141, 9), 'tst': 4}, {'pst': (121, 8), 'tst': 3}, {'pst': (121, 14), 'tst': 2}, {'pst': (140, 6), 'tst': 1}, {'pst': (139, 6), 'tst': 0}, {'pst': (143, 4), 'tst': 0}]",0.5439009742067954,6.724452343572866
146,10,,"[0, 1, 2, 3, 4, 5, 6, 7, 8, 9, 10, 11, 12, 13, 14, 15, 16, 17, 18, 19]","[{'pst': (122, 13), 'tst': 6}, {'pst': (139, 6), 'tst': 5}, {'pst': (140, 3), 'tst': 3}, {'pst': (123, 10), 'tst': 2}, {'pst': (138, 19), 'tst': 2}, {'pst': (114, 4), 'tst': 1}, {'pst': (137, 5), 'tst': 1}, {'pst': (145, 10), 'tst': 0}]",0.6165156384342474,8.344182497909522
146,11,,"[0, 1, 2, 3, 4, 5, 6, 7, 8, 9, 10, 11, 12, 13, 14, 15, 16, 17, 18, 19]","[{'pst': (140, 18), 'tst': 3}, {'pst': (141, 0), 'tst': 3}, {'pst': (143, 11), 'tst': 2}, {'pst': (143, 5), 'tst': 2}, {'pst': (139, 6), 'tst': 1}, {'pst': (133, 6), 'tst': 1}, {'pst': (145, 11), 'tst': 0}, {'pst': (138, 0), 'tst': 0}]",0.6165156384342474,8.344182497909522
146,12,"{'text': 'If you want to legalize drugs, then you should also legalize prostitution.'}","[0, 1, 2, 3, 4, 5, 6, 7, 8, 9, 10, 11, 12, 13, 14, 15, 16, 17, 18, 19]","[{'pst': (134, 0), 'tst': 5}, {'pst': (121, 3), 'tst': 4}, {'pst': (133, 17), 'tst': 3}, {'pst': (140, 9), 'tst': 2}, {'pst': (144, 12), 'tst': 1}, {'pst': (140, 5), 'tst': 1}, {'pst': (145, 12), 'tst': 0}, {'pst': (139, 3), 'tst': 0}]",0.53156744635619,6.67396300690292
146,13,,"[0, 1, 2, 3, 4, 5, 6, 7, 8, 9, 10, 11, 12, 13, 14, 15, 16, 17, 18, 19]","[{'pst': (140, 3), 'tst': 4}, {'pst': (133, 17), 'tst': 3}, {'pst': (139, 6), 'tst': 2}, {'pst': (124, 19), 'tst': 2}, {'pst': (109, 10), 'tst': 1}, {'pst': (138, 16), 'tst': 1}, {'pst': (145, 13), 'tst': 0}, {'pst': (99, 7), 'tst': 0}]",0.6165156384342474,8.344182497909522
146,14,,"[0, 1, 2, 3, 4, 5, 6, 7, 8, 9, 10, 11, 12, 13, 14, 15, 16, 17, 18, 19]","[{'pst': (109, 10), 'tst': 11}, {'pst': (134, 4), 'tst': 3}, {'pst': (137, 2), 'tst': 2}, {'pst': (129, 13), 'tst': 2}, {'pst': (125, 19), 'tst': 1}, {'pst': (144, 2), 'tst': 1}, {'pst': (129, 9), 'tst': 0}, {'pst': (136, 4), 'tst': 0}]",0.6165156384342474,8.344182497909522
146,15,,"[0, 1, 2, 3, 4, 5, 6, 7, 8, 9, 10, 11, 12, 13, 14, 15, 16, 17, 18, 19]","[{'pst': (138, 19), 'tst': 6}, {'pst': (133, 6), 'tst': 3}, {'pst': (108, 16), 'tst': 3}, {'pst': (139, 18), 'tst': 2}, {'pst': (114, 4), 'tst': 1}, {'pst': (137, 14), 'tst': 1}, {'pst': (145, 15), 'tst': 0}, {'pst': (124, 19), 'tst': 0}]",0.6165156384342474,8.344182497909522
146,16,,"[0, 1, 2, 3, 4, 5, 6, 7, 8, 9, 10, 11, 12, 13, 14, 15, 16, 17, 18, 19]","[{'pst': (110, 7), 'tst': 5}, {'pst': (141, 16), 'tst': 4}, {'pst': (127, 3), 'tst': 3}, {'pst': (122, 13), 'tst': 2}, {'pst': (137, 4), 'tst': 1}, {'pst': (119, 5), 'tst': 1}, {'pst': (108, 16), 'tst': 0}, {'pst': (133, 17), 'tst': 0}]",0.6165156384342474,8.344182497909522
146,17,,"[0, 1, 2, 3, 4, 5, 6, 7, 8, 9, 10, 11, 12, 13, 14, 15, 16, 17, 18, 19]","[{'pst': (138, 0), 'tst': 7}, {'pst': (129, 15), 'tst': 4}, {'pst': (142, 17), 'tst': 3}, {'pst': (137, 4), 'tst': 3}, {'pst': (143, 4), 'tst': 2}, {'pst': (99, 7), 'tst': 1}, {'pst': (145, 17), 'tst': 0}, {'pst': (121, 14), 'tst': 0}]",0.6165156384342474,8.344182497909522
146,18,,"[0, 1, 2, 3, 4, 5, 6, 7, 8, 9, 10, 11, 12, 13, 14, 15, 16, 17, 18, 19]","[{'pst': (134, 19), 'tst': 4}, {'pst': (121, 8), 'tst': 3}, {'pst': (119, 2), 'tst': 2}, {'pst': (121, 3), 'tst': 2}, {'pst': (144, 18), 'tst': 1}, {'pst': (140, 6), 'tst': 1}, {'pst': (144, 2), 'tst': 0}, {'pst': (144, 12), 'tst': 0}]",0.6165156384342474,8.344182497909522
146,19,,"[0, 1, 2, 3, 4, 5, 6, 7, 8, 9, 10, 11, 12, 13, 14, 15, 16, 17, 18, 19]","[{'pst': (132, 9), 'tst': 4}, {'pst': (122, 13), 'tst': 3}, {'pst': (110, 7), 'tst': 3}, {'pst': (139, 12), 'tst': 2}, {'pst': (141, 9), 'tst': 2}, {'pst': (111, 12), 'tst': 1}, {'pst': (140, 3), 'tst': 1}, {'pst': (143, 11), 'tst': 0}]",0.6165156384342474,8.344182497909522
147,0,,"[0, 1, 2, 3, 4, 5, 6, 7, 8, 9, 10, 11, 12, 13, 14, 15, 16, 17, 18, 19]","[{'pst': (114, 4), 'tst': 7}, {'pst': (109, 10), 'tst': 3}, {'pst': (134, 19), 'tst': 2}, {'pst': (116, 2), 'tst': 2}, {'pst': (145, 17), 'tst': 1}, {'pst': (143, 16), 'tst': 1}, {'pst': (146, 0), 'tst': 0}, {'pst': (137, 14), 'tst': 0}]",0.6165156384342474,8.344182497909522
147,1,,"[0, 1, 2, 3, 4, 5, 6, 7, 8, 9, 10, 11, 12, 13, 14, 15, 16, 17, 18, 19]","[{'pst': (123, 10), 'tst': 5}, {'pst': (141, 16), 'tst': 4}, {'pst': (114, 4), 'tst': 2}, {'pst': (99, 7), 'tst': 2}, {'pst': (144, 4), 'tst': 1}, {'pst': (108, 16), 'tst': 1}, {'pst': (145, 11), 'tst': 0}, {'pst': (144, 2), 'tst': 0}]",0.6165156384342474,8.344182497909522
147,2,,"[0, 1, 2, 3, 4, 5, 6, 7, 8, 9, 10, 11, 12, 13, 14, 15, 16, 17, 18, 19]","[{'pst': (138, 19), 'tst': 7}, {'pst': (117, 16), 'tst': 6}, {'pst': (143, 2), 'tst': 3}, {'pst': (140, 9), 'tst': 3}, {'pst': (144, 2), 'tst': 2}, {'pst': (139, 11), 'tst': 1}, {'pst': (121, 8), 'tst': 1}, {'pst': (122, 13), 'tst': 0}]",0.53156744635619,6.67396300690292
147,3,,"[0, 1, 2, 3, 4, 5, 6, 7, 8, 9, 10, 11, 12, 13, 14, 15, 16, 17, 18, 19]","[{'pst': (139, 3), 'tst': 7}, {'pst': (134, 18), 'tst': 5}, {'pst': (141, 9), 'tst': 3}, {'pst': (140, 9), 'tst': 2}, {'pst': (144, 2), 'tst': 2}, {'pst': (145, 3), 'tst': 1}, {'pst': (146, 3), 'tst': 0}, {'pst': (144, 18), 'tst': 0}]",0.53156744635619,6.67396300690292
147,4,,"[0, 1, 2, 3, 4, 5, 6, 7, 8, 9, 10, 11, 12, 13, 14, 15, 16, 17, 18, 19]","[{'pst': (134, 19), 'tst': 4}, {'pst': (143, 4), 'tst': 3}, {'pst': (96, 14), 'tst': 3}, {'pst': (144, 4), 'tst': 2}, {'pst': (134, 0), 'tst': 2}, {'pst': (145, 4), 'tst': 1}, {'pst': (145, 15), 'tst': 1}, {'pst': (137, 4), 'tst': 0}]",0.6165156384342474,8.344182497909522
147,5,,"[0, 1, 2, 3, 4, 5, 6, 7, 8, 9, 10, 11, 12, 13, 14, 15, 16, 17, 18, 19]","[{'pst': (138, 0), 'tst': 5}, {'pst': (111, 12), 'tst': 5}, {'pst': (125, 19), 'tst': 4}, {'pst': (136, 4), 'tst': 2}, {'pst': (141, 16), 'tst': 1}, {'pst': (139, 12), 'tst': 1}, {'pst': (140, 18), 'tst': 0}, {'pst': (139, 6), 'tst': 0}]",0.6165156384342474,8.344182497909522
147,6,,"[0, 1, 2, 3, 4, 5, 6, 7, 8, 9, 10, 11, 12, 13, 14, 15, 16, 17, 18, 19]","[{'pst': (119, 5), 'tst': 6}, {'pst': (138, 19), 'tst': 5}, {'pst': (122, 13), 'tst': 2}, {'pst': (121, 3), 'tst': 2}, {'pst': (133, 17), 'tst': 1}, {'pst': (129, 9), 'tst': 1}, {'pst': (146, 6), 'tst': 0}, {'pst': (127, 3), 'tst': 0}]",0.6165156384342474,8.344182497909522
147,7,"{'text': 'If you want to legalize drugs, then you should also legalize prostitution.'}","[0, 1, 2, 3, 4, 5, 6, 7, 8, 9, 10, 11, 12, 13, 14, 15, 16, 17, 18, 19]","[{'pst': (110, 7), 'tst': 9}, {'pst': (134, 0), 'tst': 4}, {'pst': (140, 9), 'tst': 3}, {'pst': (143, 16), 'tst': 3}, {'pst': (142, 17), 'tst': 1}, {'pst': (138, 16), 'tst': 1}, {'pst': (146, 7), 'tst': 0}, {'pst': (137, 2), 'tst': 0}]",0.5368542988154407,6.724980979385791
147,8,,"[0, 1, 2, 3, 4, 5, 6, 7, 8, 9, 10, 11, 12, 13, 14, 15, 16, 17, 18, 19]","[{'pst': (138, 19), 'tst': 4}, {'pst': (121, 14), 'tst': 3}, {'pst': (122, 13), 'tst': 2}, {'pst': (139, 6), 'tst': 2}, {'pst': (121, 3), 'tst': 1}, {'pst': (136, 4), 'tst': 1}, {'pst': (145, 11), 'tst': 0}, {'pst': (145, 3), 'tst': 0}]",0.6165156384342474,8.344182497909522
147,9,,"[0, 1, 2, 3, 4, 5, 6, 7, 8, 9, 10, 11, 12, 13, 14, 15, 16, 17, 18, 19]","[{'pst': (136, 4), 'tst': 7}, {'pst': (140, 9), 'tst': 6}, {'pst': (121, 8), 'tst': 4}, {'pst': (140, 6), 'tst': 2}, {'pst': (139, 6), 'tst': 1}, {'pst': (143, 4), 'tst': 1}, {'pst': (129, 13), 'tst': 0}, {'pst': (111, 12), 'tst': 0}]",0.5439009742067954,6.724452343572866
147,10,,"[0, 1, 2, 3, 4, 5, 6, 7, 8, 9, 10, 11, 12, 13, 14, 15, 16, 17, 18, 19]","[{'pst': (139, 6), 'tst': 6}, {'pst': (140, 3), 'tst': 4}, {'pst': (138, 19), 'tst': 3}, {'pst': (114, 4), 'tst': 2}, {'pst': (137, 5), 'tst': 2}, {'pst': (145, 10), 'tst': 1}, {'pst': (138, 16), 'tst': 0}, {'pst': (134, 4), 'tst': 0}]",0.6165156384342474,8.344182497909522
147,11,,"[0, 1, 2, 3, 4, 5, 6, 7, 8, 9, 10, 11, 12, 13, 14, 15, 16, 17, 18, 19]","[{'pst': (141, 0), 'tst': 4}, {'pst': (143, 11), 'tst': 3}, {'pst': (139, 6), 'tst': 2}, {'pst': (133, 6), 'tst': 2}, {'pst': (145, 11), 'tst': 1}, {'pst': (138, 0), 'tst': 1}, {'pst': (137, 2), 'tst': 0}, {'pst': (134, 0), 'tst': 0}]",0.6165156384342474,8.344182497909522
147,12,,"[0, 1, 2, 3, 4, 5, 6, 7, 8, 9, 10, 11, 12, 13, 14, 15, 16, 17, 18, 19]","[{'pst': (134, 0), 'tst': 6}, {'pst': (121, 3), 'tst': 5}, {'pst': (133, 17), 'tst': 4}, {'pst': (140, 9), 'tst': 3}, {'pst': (145, 12), 'tst': 1}, {'pst': (139, 3), 'tst': 1}, {'pst': (146, 12), 'tst': 0}, {'pst': (143, 4), 'tst': 0}]",0.53156744635619,6.67396300690292
147,13,,"[0, 1, 2, 3, 4, 5, 6, 7, 8, 9, 10, 11, 12, 13, 14, 15, 16, 17, 18, 19]","[{'pst': (140, 3), 'tst': 5}, {'pst': (139, 6), 'tst': 3}, {'pst': (124, 19), 'tst': 3}, {'pst': (138, 16), 'tst': 2}, {'pst': (145, 13), 'tst': 1}, {'pst': (99, 7), 'tst': 1}, {'pst': (145, 12), 'tst': 0}, {'pst': (143, 16), 'tst': 0}]",0.6165156384342474,8.344182497909522
147,14,,"[0, 1, 2, 3, 4, 5, 6, 7, 8, 9, 10, 11, 12, 13, 14, 15, 16, 17, 18, 19]","[{'pst': (109, 10), 'tst': 12}, {'pst': (134, 4), 'tst': 4}, {'pst': (137, 2), 'tst': 3}, {'pst': (125, 19), 'tst': 2}, {'pst': (144, 2), 'tst': 2}, {'pst': (129, 9), 'tst': 1}, {'pst': (136, 4), 'tst': 1}, {'pst': (108, 16), 'tst': 0}]",0.6165156384342474,8.344182497909522
147,15,,"[0, 1, 2, 3, 4, 5, 6, 7, 8, 9, 10, 11, 12, 13, 14, 15, 16, 17, 18, 19]","[{'pst': (138, 19), 'tst': 7}, {'pst': (108, 16), 'tst': 4}, {'pst': (114, 4), 'tst': 2}, {'pst': (137, 14), 'tst': 2}, {'pst': (145, 15), 'tst': 1}, {'pst': (124, 19), 'tst': 1}, {'pst': (143, 1), 'tst': 0}, {'pst': (129, 15), 'tst': 0}]",0.6165156384342474,8.344182497909522
147,16,,"[0, 1, 2, 3, 4, 5, 6, 7, 8, 9, 10, 11, 12, 13, 14, 15, 16, 17, 18, 19]","[{'pst': (110, 7), 'tst': 6}, {'pst': (122, 13), 'tst': 3}, {'pst': (137, 4), 'tst': 2}, {'pst': (119, 5), 'tst': 2}, {'pst': (108, 16), 'tst': 1}, {'pst': (133, 17), 'tst': 1}, {'pst': (139, 6), 'tst': 0}, {'pst': (127, 3), 'tst': 0}]",0.6165156384342474,8.344182497909522
147,17,,"[0, 1, 2, 3, 4, 5, 6, 7, 8, 9, 10, 11, 12, 13, 14, 15, 16, 17, 18, 19]","[{'pst': (138, 0), 'tst': 8}, {'pst': (129, 15), 'tst': 5}, {'pst': (142, 17), 'tst': 4}, {'pst': (99, 7), 'tst': 2}, {'pst': (145, 17), 'tst': 1}, {'pst': (121, 14), 'tst': 1}, {'pst': (139, 6), 'tst': 0}, {'pst': (114, 4), 'tst': 0}]",0.6165156384342474,8.344182497909522
147,18,,"[0, 1, 2, 3, 4, 5, 6, 7, 8, 9, 10, 11, 12, 13, 14, 15, 16, 17, 18, 19]","[{'pst': (134, 19), 'tst': 5}, {'pst': (119, 2), 'tst': 3}, {'pst': (121, 3), 'tst': 3}, {'pst': (144, 18), 'tst': 2}, {'pst': (144, 2), 'tst': 1}, {'pst': (144, 12), 'tst': 1}, {'pst': (139, 11), 'tst': 0}, {'pst': (104, 11), 'tst': 0}]",0.6165156384342474,8.344182497909522
147,19,,"[0, 1, 2, 3, 4, 5, 6, 7, 8, 9, 10, 11, 12, 13, 14, 15, 16, 17, 18, 19]","[{'pst': (132, 9), 'tst': 5}, {'pst': (122, 13), 'tst': 4}, {'pst': (110, 7), 'tst': 4}, {'pst': (139, 12), 'tst': 3}, {'pst': (140, 3), 'tst': 2}, {'pst': (143, 11), 'tst': 1}, {'pst': (119, 2), 'tst': 0}, {'pst': (145, 17), 'tst': 0}]",0.6165156384342474,8.344182497909522
148,0,,"[0, 1, 2, 3, 4, 5, 6, 7, 8, 9, 10, 11, 12, 13, 14, 15, 16, 17, 18, 19]","[{'pst': (109, 10), 'tst': 4}, {'pst': (134, 19), 'tst': 3}, {'pst': (145, 17), 'tst': 2}, {'pst': (143, 16), 'tst': 2}, {'pst': (146, 0), 'tst': 1}, {'pst': (137, 14), 'tst': 1}, {'pst': (145, 15), 'tst': 0}, {'pst': (110, 7), 'tst': 0}]",0.6165156384342474,8.344182497909522
148,1,,"[0, 1, 2, 3, 4, 5, 6, 7, 8, 9, 10, 11, 12, 13, 14, 15, 16, 17, 18, 19]","[{'pst': (123, 10), 'tst': 6}, {'pst': (141, 16), 'tst': 5}, {'pst': (114, 4), 'tst': 3}, {'pst': (99, 7), 'tst': 3}, {'pst': (108, 16), 'tst': 2}, {'pst': (145, 11), 'tst': 1}, {'pst': (144, 2), 'tst': 1}, {'pst': (138, 16), 'tst': 0}]",0.6165156384342474,8.344182497909522
148,2,,"[0, 1, 2, 3, 4, 5, 6, 7, 8, 9, 10, 11, 12, 13, 14, 15, 16, 17, 18, 19]","[{'pst': (138, 19), 'tst': 8}, {'pst': (117, 16), 'tst': 7}, {'pst': (140, 9), 'tst': 4}, {'pst': (144, 2), 'tst': 3}, {'pst': (139, 11), 'tst': 2}, {'pst': (121, 8), 'tst': 2}, {'pst': (122, 13), 'tst': 1}, {'pst': (143, 11), 'tst': 0}]",0.5368542988154407,6.724980979385791
148,3,,"[0, 1, 2, 3, 4, 5, 6, 7, 8, 9, 10, 11, 12, 13, 14, 15, 16, 17, 18, 19]","[{'pst': (141, 9), 'tst': 4}, {'pst': (140, 9), 'tst': 3}, {'pst': (144, 2), 'tst': 3}, {'pst': (145, 3), 'tst': 2}, {'pst': (146, 3), 'tst': 1}, {'pst': (144, 18), 'tst': 1}, {'pst': (146, 12), 'tst': 0}, {'pst': (133, 17), 'tst': 0}]",0.5439009742067954,6.724452343572866
148,4,,"[0, 1, 2, 3, 4, 5, 6, 7, 8, 9, 10, 11, 12, 13, 14, 15, 16, 17, 18, 19]","[{'pst': (143, 4), 'tst': 4}, {'pst': (96, 14), 'tst': 4}, {'pst': (144, 4), 'tst': 3}, {'pst': (134, 0), 'tst': 3}, {'pst': (145, 15), 'tst': 2}, {'pst': (137, 4), 'tst': 1}, {'pst': (145, 10), 'tst': 0}, {'pst': (129, 9), 'tst': 0}]",0.6165156384342474,8.344182497909522
148,5,,"[0, 1, 2, 3, 4, 5, 6, 7, 8, 9, 10, 11, 12, 13, 14, 15, 16, 17, 18, 19]","[{'pst': (111, 12), 'tst': 6}, {'pst': (136, 4), 'tst': 3}, {'pst': (141, 16), 'tst': 2}, {'pst': (139, 12), 'tst': 2}, {'pst': (140, 18), 'tst': 1}, {'pst': (139, 6), 'tst': 1}, {'pst': (142, 17), 'tst': 0}, {'pst': (134, 18), 'tst': 0}]",0.6165156384342474,8.344182497909522
148,6,,"[0, 1, 2, 3, 4, 5, 6, 7, 8, 9, 10, 11, 12, 13, 14, 15, 16, 17, 18, 19]","[{'pst': (122, 13), 'tst': 3}, {'pst': (121, 3), 'tst': 3}, {'pst': (133, 17), 'tst': 2}, {'pst': (129, 9), 'tst': 2}, {'pst': (146, 6), 'tst': 1}, {'pst': (127, 3), 'tst': 1}, {'pst': (144, 2), 'tst': 0}, {'pst': (121, 14), 'tst': 0}]",0.6165156384342474,8.344182497909522
148,7,,"[0, 1, 2, 3, 4, 5, 6, 7, 8, 9, 10, 11, 12, 13, 14, 15, 16, 17, 18, 19]","[{'pst': (110, 7), 'tst': 10}, {'pst': (140, 9), 'tst': 4}, {'pst': (142, 17), 'tst': 2}, {'pst': (138, 16), 'tst': 2}, {'pst': (146, 7), 'tst': 1}, {'pst': (137, 2), 'tst': 1}, {'pst': (147, 7), 'tst': 0}, {'pst': (137, 14), 'tst': 0}]",0.5439009742067954,6.724452343572866
148,8,,"[0, 1, 2, 3, 4, 5, 6, 7, 8, 9, 10, 11, 12, 13, 14, 15, 16, 17, 18, 19]","[{'pst': (121, 14), 'tst': 4}, {'pst': (122, 13), 'tst': 3}, {'pst': (121, 3), 'tst': 2}, {'pst': (136, 4), 'tst': 2}, {'pst': (145, 11), 'tst': 1}, {'pst': (145, 3), 'tst': 1}, {'pst': (140, 6), 'tst': 0}, {'pst': (124, 19), 'tst': 0}]",0.6165156384342474,8.344182497909522
148,9,,"[0, 1, 2, 3, 4, 5, 6, 7, 8, 9, 10, 11, 12, 13, 14, 15, 16, 17, 18, 19]","[{'pst': (136, 4), 'tst': 8}, {'pst': (140, 9), 'tst': 7}, {'pst': (121, 8), 'tst': 5}, {'pst': (143, 4), 'tst': 2}, {'pst': (129, 13), 'tst': 1}, {'pst': (111, 12), 'tst': 1}, {'pst': (143, 1), 'tst': 0}, {'pst': (121, 3), 'tst': 0}]",0.5439009742067954,6.724452343572866
148,10,,"[0, 1, 2, 3, 4, 5, 6, 7, 8, 9, 10, 11, 12, 13, 14, 15, 16, 17, 18, 19]","[{'pst': (138, 19), 'tst': 4}, {'pst': (114, 4), 'tst': 3}, {'pst': (137, 5), 'tst': 3}, {'pst': (145, 10), 'tst': 2}, {'pst': (138, 16), 'tst': 1}, {'pst': (134, 4), 'tst': 1}, {'pst': (137, 2), 'tst': 0}, {'pst': (121, 8), 'tst': 0}]",0.6165156384342474,8.344182497909522
148,11,,"[0, 1, 2, 3, 4, 5, 6, 7, 8, 9, 10, 11, 12, 13, 14, 15, 16, 17, 18, 19]","[{'pst': (139, 6), 'tst': 3}, {'pst': (133, 6), 'tst': 3}, {'pst': (145, 11), 'tst': 2}, {'pst': (138, 0), 'tst': 2}, {'pst': (137, 2), 'tst': 1}, {'pst': (134, 0), 'tst': 1}, {'pst': (140, 6), 'tst': 0}, {'pst': (140, 3), 'tst': 0}]",0.6165156384342474,8.344182497909522
148,12,,"[0, 1, 2, 3, 4, 5, 6, 7, 8, 9, 10, 11, 12, 13, 14, 15, 16, 17, 18, 19]","[{'pst': (133, 17), 'tst': 5}, {'pst': (140, 9), 'tst': 4}, {'pst': (145, 12), 'tst': 2}, {'pst': (139, 3), 'tst': 2}, {'pst': (146, 12), 'tst': 1}, {'pst': (143, 4), 'tst': 1}, {'pst': (145, 11), 'tst': 0}, {'pst': (145, 10), 'tst': 0}]",0.5439009742067954,6.724452343572866
148,13,,"[0, 1, 2, 3, 4, 5, 6, 7, 8, 9, 10, 11, 12, 13, 14, 15, 16, 17, 18, 19]","[{'pst': (139, 6), 'tst': 4}, {'pst': (124, 19), 'tst': 4}, {'pst': (145, 13), 'tst': 2}, {'pst': (99, 7), 'tst': 2}, {'pst': (145, 12), 'tst': 1}, {'pst': (143, 16), 'tst': 1}, {'pst': (146, 6), 'tst': 0}, {'pst': (104, 11), 'tst': 0}]",0.6165156384342474,8.344182497909522
148,14,"{'text': 'If you want to legalize drugs, then you should also legalize prostitution.'}","[0, 1, 2, 3, 4, 5, 6, 7, 8, 9, 10, 11, 12, 13, 14, 15, 16, 17, 18, 19]","[{'pst': (134, 4), 'tst': 5}, {'pst': (137, 2), 'tst': 4}, {'pst': (125, 19), 'tst': 3}, {'pst': (129, 9), 'tst': 2}, {'pst': (136, 4), 'tst': 2}, {'pst': (108, 16), 'tst': 1}, {'pst': (139, 11), 'tst': 0}, {'pst': (145, 13), 'tst': 0}]",0.6165156384342474,8.344182497909522
148,15,,"[0, 1, 2, 3, 4, 5, 6, 7, 8, 9, 10, 11, 12, 13, 14, 15, 16, 17, 18, 19]","[{'pst': (114, 4), 'tst': 3}, {'pst': (137, 14), 'tst': 3}, {'pst': (145, 15), 'tst': 2}, {'pst': (124, 19), 'tst': 2}, {'pst': (143, 1), 'tst': 1}, {'pst': (129, 15), 'tst': 1}, {'pst': (140, 9), 'tst': 0}, {'pst': (116, 2), 'tst': 0}]",0.5197382579137843,6.541274105146675
148,16,"{'text': 'If you want to legalize drugs, then you should also legalize prostitution.'}","[0, 1, 2, 3, 4, 5, 6, 7, 8, 9, 10, 11, 12, 13, 14, 15, 16, 17, 18, 19]","[{'pst': (110, 7), 'tst': 7}, {'pst': (137, 4), 'tst': 3}, {'pst': (108, 16), 'tst': 2}, {'pst': (133, 17), 'tst': 2}, {'pst': (139, 6), 'tst': 1}, {'pst': (127, 3), 'tst': 1}, {'pst': (146, 12), 'tst': 0}, {'pst': (146, 7), 'tst': 0}]",0.6165156384342474,8.344182497909522
148,17,,"[0, 1, 2, 3, 4, 5, 6, 7, 8, 9, 10, 11, 12, 13, 14, 15, 16, 17, 18, 19]","[{'pst': (138, 0), 'tst': 9}, {'pst': (129, 15), 'tst': 6}, {'pst': (99, 7), 'tst': 3}, {'pst': (145, 17), 'tst': 2}, {'pst': (139, 6), 'tst': 1}, {'pst': (114, 4), 'tst': 1}, {'pst': (121, 8), 'tst': 0}, {'pst': (138, 16), 'tst': 0}]",0.6165156384342474,8.344182497909522
148,18,,"[0, 1, 2, 3, 4, 5, 6, 7, 8, 9, 10, 11, 12, 13, 14, 15, 16, 17, 18, 19]","[{'pst': (134, 19), 'tst': 6}, {'pst': (119, 2), 'tst': 4}, {'pst': (144, 18), 'tst': 3}, {'pst': (144, 2), 'tst': 2}, {'pst': (144, 12), 'tst': 2}, {'pst': (139, 11), 'tst': 1}, {'pst': (104, 11), 'tst': 1}, {'pst': (129, 9), 'tst': 0}]",0.6165156384342474,8.344182497909522
148,19,"{'text': 'If you want to legalize drugs, then you should also legalize prostitution.'}","[0, 1, 2, 3, 4, 5, 6, 7, 8, 9, 10, 11, 12, 13, 14, 15, 16, 17, 18, 19]","[{'pst': (122, 13), 'tst': 5}, {'pst': (110, 7), 'tst': 5}, {'pst': (140, 3), 'tst': 3}, {'pst': (143, 11), 'tst': 2}, {'pst': (119, 2), 'tst': 1}, {'pst': (145, 17), 'tst': 1}, {'pst': (119, 5), 'tst': 0}, {'pst': (145, 3), 'tst': 0}]",0.6165156384342474,8.344182497909522
149,0,,"[0, 1, 2, 3, 4, 5, 6, 7, 8, 9, 10, 11, 12, 13, 14, 15, 16, 17, 18, 19]","[{'pst': (109, 10), 'tst': 5}, {'pst': (134, 19), 'tst': 4}, {'pst': (143, 16), 'tst': 3}, {'pst': (146, 0), 'tst': 2}, {'pst': (137, 14), 'tst': 2}, {'pst': (145, 15), 'tst': 1}, {'pst': (110, 7), 'tst': 1}, {'pst': (111, 12), 'tst': 0}]",0.6165156384342474,8.344182497909522
149,1,"{'text': 'If you want to legalize drugs, then you should also legalize prostitution.'}","[0, 1, 2, 3, 4, 5, 6, 7, 8, 9, 10, 11, 12, 13, 14, 15, 16, 17, 18, 19]","[{'pst': (123, 10), 'tst': 7}, {'pst': (114, 4), 'tst': 4}, {'pst': (99, 7), 'tst': 4}, {'pst': (108, 16), 'tst': 3}, {'pst': (144, 2), 'tst': 2}, {'pst': (138, 16), 'tst': 1}, {'pst': (148, 19), 'tst': 0}, {'pst': (137, 14), 'tst': 0}]",0.6165156384342474,8.344182497909522
149,2,,"[0, 1, 2, 3, 4, 5, 6, 7, 8, 9, 10, 11, 12, 13, 14, 15, 16, 17, 18, 19]","[{'pst': (138, 19), 'tst': 9}, {'pst': (140, 9), 'tst': 5}, {'pst': (144, 2), 'tst': 4}, {'pst': (139, 11), 'tst': 3}, {'pst': (121, 8), 'tst': 3}, {'pst': (122, 13), 'tst': 2}, {'pst': (143, 11), 'tst': 1}, {'pst': (114, 4), 'tst': 0}]",0.5439009742067954,6.724452343572866
149,3,,"[0, 1, 2, 3, 4, 5, 6, 7, 8, 9, 10, 11, 12, 13, 14, 15, 16, 17, 18, 19]","[{'pst': (141, 9), 'tst': 5}, {'pst': (144, 2), 'tst': 4}, {'pst': (145, 3), 'tst': 3}, {'pst': (144, 18), 'tst': 2}, {'pst': (146, 12), 'tst': 1}, {'pst': (133, 17), 'tst': 1}, {'pst': (122, 13), 'tst': 0}, {'pst': (145, 17), 'tst': 0}]",0.6165156384342474,8.344182497909522
149,4,,"[0, 1, 2, 3, 4, 5, 6, 7, 8, 9, 10, 11, 12, 13, 14, 15, 16, 17, 18, 19]","[{'pst': (143, 4), 'tst': 5}, {'pst': (96, 14), 'tst': 5}, {'pst': (144, 4), 'tst': 4}, {'pst': (145, 15), 'tst': 3}, {'pst': (137, 4), 'tst': 2}, {'pst': (145, 10), 'tst': 1}, {'pst': (129, 9), 'tst': 1}, {'pst': (140, 18), 'tst': 0}]",0.6165156384342474,8.344182497909522
149,5,,"[0, 1, 2, 3, 4, 5, 6, 7, 8, 9, 10, 11, 12, 13, 14, 15, 16, 17, 18, 19]","[{'pst': (141, 16), 'tst': 3}, {'pst': (139, 12), 'tst': 3}, {'pst': (140, 18), 'tst': 2}, {'pst': (139, 6), 'tst': 2}, {'pst': (142, 17), 'tst': 1}, {'pst': (134, 18), 'tst': 1}, {'pst': (109, 10), 'tst': 0}, {'pst': (111, 12), 'tst': 0}]",0.6165156384342474,8.344182497909522
149,6,"{'text': 'If you want to legalize drugs, then you should also legalize prostitution.'}","[0, 1, 2, 3, 4, 5, 6, 7, 8, 9, 10, 11, 12, 13, 14, 15, 16, 17, 18, 19]","[{'pst': (122, 13), 'tst': 4}, {'pst': (121, 3), 'tst': 4}, {'pst': (129, 9), 'tst': 3}, {'pst': (146, 6), 'tst': 2}, {'pst': (144, 2), 'tst': 1}, {'pst': (121, 14), 'tst': 1}, {'pst': (145, 13), 'tst': 0}, {'pst': (143, 16), 'tst': 0}]",0.6165156384342474,8.344182497909522
149,7,,"[0, 1, 2, 3, 4, 5, 6, 7, 8, 9, 10, 11, 12, 13, 14, 15, 16, 17, 18, 19]","[{'pst': (142, 17), 'tst': 3}, {'pst': (138, 16), 'tst': 3}, {'pst': (146, 7), 'tst': 2}, {'pst': (137, 2), 'tst': 2}, {'pst': (147, 7), 'tst': 1}, {'pst': (137, 14), 'tst': 1}, {'pst': (143, 1), 'tst': 0}, {'pst': (148, 14), 'tst': 0}]",0.6165156384342474,8.344182497909522
149,8,,"[0, 1, 2, 3, 4, 5, 6, 7, 8, 9, 10, 11, 12, 13, 14, 15, 16, 17, 18, 19]","[{'pst': (121, 14), 'tst': 5}, {'pst': (121, 3), 'tst': 3}, {'pst': (136, 4), 'tst': 3}, {'pst': (145, 11), 'tst': 2}, {'pst': (140, 6), 'tst': 1}, {'pst': (124, 19), 'tst': 1}, {'pst': (114, 4), 'tst': 0}, {'pst': (145, 17), 'tst': 0}]",0.6165156384342474,8.344182497909522
149,9,,"[0, 1, 2, 3, 4, 5, 6, 7, 8, 9, 10, 11, 12, 13, 14, 15, 16, 17, 18, 19]","[{'pst': (140, 9), 'tst': 8}, {'pst': (121, 8), 'tst': 6}, {'pst': (143, 4), 'tst': 3}, {'pst': (129, 13), 'tst': 2}, {'pst': (143, 1), 'tst': 1}, {'pst': (121, 3), 'tst': 1}, {'pst': (139, 12), 'tst': 0}, {'pst': (145, 12), 'tst': 0}]",0.5139778429938575,6.400768118975232
149,10,,"[0, 1, 2, 3, 4, 5, 6, 7, 8, 9, 10, 11, 12, 13, 14, 15, 16, 17, 18, 19]","[{'pst': (138, 19), 'tst': 5}, {'pst': (145, 10), 'tst': 3}, {'pst': (138, 16), 'tst': 2}, {'pst': (134, 4), 'tst': 2}, {'pst': (137, 2), 'tst': 1}, {'pst': (121, 8), 'tst': 1}, {'pst': (139, 6), 'tst': 0}, {'pst': (119, 5), 'tst': 0}]",0.6165156384342474,8.344182497909522
149,11,"{'text': 'If you want to legalize drugs, then you should also legalize prostitution.'}","[0, 1, 2, 3, 4, 5, 6, 7, 8, 9, 10, 11, 12, 13, 14, 15, 16, 17, 18, 19]","[{'pst': (139, 6), 'tst': 4}, {'pst': (133, 6), 'tst': 4}, {'pst': (137, 2), 'tst': 2}, {'pst': (134, 0), 'tst': 2}, {'pst': (140, 6), 'tst': 1}, {'pst': (140, 3), 'tst': 1}, {'pst': (148, 14), 'tst': 0}, {'pst': (114, 4), 'tst': 0}]",0.6165156384342474,8.344182497909522
149,12,,"[0, 1, 2, 3, 4, 5, 6, 7, 8, 9, 10, 11, 12, 13, 14, 15, 16, 17, 18, 19]","[{'pst': (140, 9), 'tst': 5}, {'pst': (145, 12), 'tst': 3}, {'pst': (146, 12), 'tst': 2}, {'pst': (143, 4), 'tst': 2}, {'pst': (145, 11), 'tst': 1}, {'pst': (145, 10), 'tst': 1}, {'pst': (134, 0), 'tst': 0}, {'pst': (147, 7), 'tst': 0}]",0.5139778429938575,6.400768118975232
149,13,,"[0, 1, 2, 3, 4, 5, 6, 7, 8, 9, 10, 11, 12, 13, 14, 15, 16, 17, 18, 19]","[{'pst': (139, 6), 'tst': 5}, {'pst': (145, 13), 'tst': 3}, {'pst': (99, 7), 'tst': 3}, {'pst': (145, 12), 'tst': 2}, {'pst': (143, 16), 'tst': 2}, {'pst': (146, 6), 'tst': 1}, {'pst': (104, 11), 'tst': 1}, {'pst': (144, 4), 'tst': 0}]",0.6165156384342474,8.344182497909522
149,14,,"[0, 1, 2, 3, 4, 5, 6, 7, 8, 9, 10, 11, 12, 13, 14, 15, 16, 17, 18, 19]","[{'pst': (134, 4), 'tst': 6}, {'pst': (137, 2), 'tst': 5}, {'pst': (125, 19), 'tst': 4}, {'pst': (136, 4), 'tst': 3}, {'pst': (139, 11), 'tst': 1}, {'pst': (145, 13), 'tst': 1}, {'pst': (148, 14), 'tst': 0}, {'pst': (133, 17), 'tst': 0}]",0.6165156384342474,8.344182497909522
149,15,"{'text': 'If you want to legalize drugs, then you should also legalize prostitution.'}","[0, 1, 2, 3, 4, 5, 6, 7, 8, 9, 10, 11, 12, 13, 14, 15, 16, 17, 18, 19]","[{'pst': (137, 14), 'tst': 4}, {'pst': (124, 19), 'tst': 3}, {'pst': (143, 1), 'tst': 2}, {'pst': (129, 15), 'tst': 2}, {'pst': (140, 9), 'tst': 1}, {'pst': (116, 2), 'tst': 1}, {'pst': (139, 6), 'tst': 0}, {'pst': (121, 8), 'tst': 0}]",0.5261791100666078,6.627226733645026
149,16,,"[0, 1, 2, 3, 4, 5, 6, 7, 8, 9, 10, 11, 12, 13, 14, 15, 16, 17, 18, 19]","[{'pst': (110, 7), 'tst': 8}, {'pst': (137, 4), 'tst': 4}, {'pst': (108, 16), 'tst': 3}, {'pst': (133, 17), 'tst': 3}, {'pst': (146, 12), 'tst': 1}, {'pst': (146, 7), 'tst': 1}, {'pst': (148, 16), 'tst': 0}, {'pst': (133, 6), 'tst': 0}]",0.6165156384342474,8.344182497909522
149,17,,"[0, 1, 2, 3, 4, 5, 6, 7, 8, 9, 10, 11, 12, 13, 14, 15, 16, 17, 18, 19]","[{'pst': (129, 15), 'tst': 7}, {'pst': (99, 7), 'tst': 4}, {'pst': (145, 17), 'tst': 3}, {'pst': (139, 6), 'tst': 2}, {'pst': (114, 4), 'tst': 2}, {'pst': (121, 8), 'tst': 1}, {'pst': (138, 16), 'tst': 1}, {'pst': (127, 3), 'tst': 0}]",0.6165156384342474,8.344182497909522
149,18,,"[0, 1, 2, 3, 4, 5, 6, 7, 8, 9, 10, 11, 12, 13, 14, 15, 16, 17, 18, 19]","[{'pst': (119, 2), 'tst': 5}, {'pst': (144, 18), 'tst': 4}, {'pst': (144, 2), 'tst': 3}, {'pst': (144, 12), 'tst': 3}, {'pst': (139, 11), 'tst': 2}, {'pst': (104, 11), 'tst': 2}, {'pst': (129, 9), 'tst': 1}, {'pst': (142, 17), 'tst': 0}]",0.6165156384342474,8.344182497909522
149,19,"{'text': 'If you want to legalize drugs, then you should also legalize prostitution.'}","[0, 1, 2, 3, 4, 5, 6, 7, 8, 9, 10, 11, 12, 13, 14, 15, 16, 17, 18, 19]","[{'pst': (122, 13), 'tst': 6}, {'pst': (143, 11), 'tst': 3}, {'pst': (119, 2), 'tst': 2}, {'pst': (145, 17), 'tst': 2}, {'pst': (119, 5), 'tst': 1}, {'pst': (145, 3), 'tst': 1}, {'pst': (148, 19), 'tst': 0}, {'pst': (143, 16), 'tst': 0}]",0.6165156384342474,8.344182497909522
